1.6323065210599452e-06,0.029377900063991547,0.013530842959880829,0.0017088408349081874,0.14152124524116516,0.37483441829681396,1.1717114830389619e-05,8.6096929408086e-07,1.2644470643863315e-06,0.531980037689209,0.2175203561782837,0.2743057608604431,0.2413276731967926,0.012186151929199696,0.38909605145454407,0.3840853273868561,0.007341207005083561,0.030820049345493317,0.046878404915332794,0.4760262668132782,0.5906970500946045,0.0006608559051528573,0.0020350173581391573,6.547656084876508e-05,9.318342199549079e-05,0.008013350889086723,0.010298950597643852,0.0009277561912313104,0.018623271957039833,0.0022669024765491486,7.199463288998231e-05,0.00012938003055751324,0.006646106019616127,0.006674657110124826,0.001304263947531581,0.0037351043429225683,0.027636868879199028,0.006628252100199461,0.6826056241989136,0.0007832443225197494,0.08603105694055557,0.014429518021643162,0.0160373542457819,0.011204283684492111,1.0554284017416649e-05,4.359859758551465e-06,6.270900485105813e-05,0.0009957535658031702,2.491571103746537e-05,8.111176612146664e-06,5.0443200052541215e-06,3.0346117796398175e-07,1.0,0.0
5.524866537598427e-06,0.23157240450382233,0.19885475933551788,0.0024049386847764254,0.030932921916246414,0.019496966153383255,7.426529919030145e-05,9.61028490564786e-07,1.5788663176863338e-06,0.003596981056034565,0.0020497317891567945,0.014384547248482704,0.01459620613604784,0.15911859273910522,0.013108629733324051,0.01584603078663349,0.1659245640039444,0.3065735399723053,0.34382331371307373,0.1138257086277008,0.027455858886241913,0.10479754209518433,0.07227637618780136,9.160487388726324e-05,0.006264286581426859,0.14562048017978668,0.0006247191340662539,0.002231173450127244,0.0016094736056402326,0.0006061690510250628,0.005884427111595869,0.00627927714958787,0.006361703854054213,0.0007460026536136866,0.04111804813146591,0.07240166515111923,0.011408322490751743,0.007862934842705727,0.15246076881885529,0.0007983702817000449,0.0942450612783432,0.04128514975309372,0.02013205736875534,0.08788777887821198,8.335667189385276e-06,5.0762864702846855e-06,0.0004251657519489527,0.0009056479902938008,0.0009745321003720164,0.0010597702348604798,3.3442556741647422e-06,2.7046746708947467e-06,2.0,1.0
1.6408114333898993e-07,0.000504931143950671,0.0005046004080213606,0.4145641326904297,0.6325943470001221,0.5030117630958557,5.6888762628659606e-05,4.833389652958431e-07,8.80125341495841e-08,0.3453778326511383,0.3436625599861145,0.6875404119491577,0.6707013845443726,0.1546143889427185,0.023007895797491074,0.03703121468424797,0.18087586760520935,0.008585683070123196,0.00376027449965477,0.4507170617580414,0.27337127923965454,0.004933872725814581,0.000916524208150804,0.0001188836176879704,0.11020316183567047,0.45192617177963257,0.0008003828697837889,0.0026024009566754103,0.0028016078285872936,0.034148696810007095,0.00017113692592829466,0.00015348188753705472,0.020398281514644623,0.001753558055497706,0.05389886349439621,0.0418277308344841,0.0004136889474466443,0.008321194909512997,0.5584105253219604,0.00046666807611472905,0.04488437622785568,0.028401333838701248,0.005998928565531969,0.008121135644614697,1.4596186019844026e-06,1.922030378409545e-06,1.7969819964491762e-05,7.944973185658455e-05,0.00010759027645690367,0.0002231230027973652,1.6943770333455177e-06,5.999701215841924e-07,1.0,2.0
1.0305532669008244e-05,0.305332213640213,0.2988457679748535,0.001086785108782351,0.012639816850423813,0.008349261246621609,0.001198135199956596,3.008914518431993e-06,6.566711363120703e-06,0.03840526193380356,0.02760288678109646,0.017289437353610992,0.03477099537849426,0.003124191891402006,0.16450338065624237,0.37557604908943176,0.03720985725522041,0.31090131402015686,0.21165454387664795,0.6710044145584106,0.15622280538082123,0.021510062739253044,0.013477781787514687,0.007539052050560713,0.001367960125207901,0.01796826906502247,0.00022172673197928816,0.00021121909958310425,0.027891695499420166,0.0019075105665251613,0.05463863164186478,0.0670381635427475,0.006372126750648022,0.010509021580219269,0.3373044431209564,0.548247754573822,0.02559637278318405,0.015614745207130909,0.005241315346211195,5.7421307246841025e-06,0.010858645662665367,0.0022446312941610813,0.005677015520632267,0.13741318881511688,0.12604475021362305,0.09175416082143784,0.12032843381166458,0.32932981848716736,0.406898558139801,0.39944180846214294,7.164378075685818e-06,1.5667808838770725e-05,1.0,3.0
9.601078545529163e-07,0.009516092017292976,0.00570408720523119,0.042498569935560226,0.3260956406593323,0.3290605843067169,6.48416971671395e-06,5.931951250204293e-07,1.225061083687251e-07,0.06384225934743881,0.05290130525827408,0.08719079196453094,0.09313666820526123,0.05451910197734833,0.08475573360919952,0.0909445732831955,0.07141831517219543,0.08494323492050171,0.10178414732217789,0.225589320063591,0.25622084736824036,0.007332677952945232,0.011749926954507828,1.5804791473783553e-05,1.7908438167069107e-05,0.002087492262944579,0.002357522025704384,0.0001352226099697873,0.00028719528927467763,0.02032092772424221,0.009952634572982788,0.007095558103173971,0.00031806991319172084,6.380066042765975e-05,0.00042379097430966794,0.00028155234758742154,0.012529028579592705,0.06194768473505974,0.0425318218767643,0.014353441074490547,0.03491290658712387,0.0021421124693006277,0.17641456425189972,0.047345325350761414,7.356551941484213e-05,0.00021201588970143348,0.0007286529871635139,0.0038372159469872713,0.0001412517885910347,0.0003838783595710993,2.3556608539365698e-06,4.483800069010613e-07,2.0,4.0
6.182709967106348e-06,0.711104691028595,0.707709789276123,0.0001327988284174353,0.0008322078501805663,0.0016679767286404967,0.0005627814098261297,5.701733243768103e-06,1.2419492350090877e-06,0.17347155511379242,0.1516260802745819,0.02074502408504486,0.027151742950081825,0.04835790768265724,0.06587295234203339,0.08925127238035202,0.09528806060552597,0.4407116174697876,0.3845610022544861,0.7373735904693604,0.3886922597885132,0.0051453858613967896,0.005729245021939278,0.0019352141534909606,0.00346380821429193,0.20398391783237457,0.00033442015410400927,0.0036980584263801575,0.0033287780825048685,0.00401963060721755,0.00108371302485466,0.0008651179377920926,0.13014744222164154,0.00120209448505193,0.09209096431732178,0.15612958371639252,0.023157047107815742,0.030063359066843987,0.026267413049936295,0.00040394969983026385,0.0005656863213516772,0.002577519975602627,0.0010450199479237199,0.035532012581825256,0.9254911541938782,0.9081569910049438,0.11373065412044525,0.06438355892896652,0.09957520663738251,0.13013769686222076,1.6059429981396534e-06,7.714421371929348e-06,0.0,5.0
5.024664346819918e-07,0.017790742218494415,0.03752918913960457,0.01243808027356863,0.26642081141471863,0.08823850750923157,8.824690667097457e-06,2.8341509050733293e-07,3.724212405131766e-08,0.6185142397880554,0.6197211742401123,0.49241021275520325,0.4775155782699585,0.1350073218345642,0.024689367040991783,0.03437510505318642,0.1437651365995407,0.015854502096772194,0.012561327777802944,0.5357730388641357,0.3612242639064789,0.0008693462586961687,0.0001731545344227925,4.3673146137734875e-05,0.0011510381009429693,0.0027875606901943684,1.7572685464983806e-05,0.00042496155947446823,0.00014038140943739563,0.004338002763688564,0.008579369634389877,0.009483401663601398,0.0015200191410258412,0.00021973683033138514,0.0007533804746344686,0.0005064691067673266,0.0013902963837608695,0.01749429665505886,0.18253923952579498,0.004174807108938694,0.008098125457763672,0.0011132704094052315,0.03364657610654831,0.04079977795481682,6.939439481357113e-05,0.00013829508679918945,0.0003895749105140567,0.005666643381118774,0.0004513140593189746,0.0008161643054336309,2.7567077722778777e-06,6.076343197491951e-07,1.0,6.0
2.293914349138504e-06,0.0005832759197801352,0.0004421843041200191,0.41745346784591675,0.5750338435173035,0.524317741394043,0.0009357075323350728,5.527264875127003e-06,2.3939189759403234e-06,0.030120709910988808,0.020206278190016747,0.23168492317199707,0.2518053352832794,0.017719756811857224,0.21706143021583557,0.20101529359817505,0.03004726767539978,0.050625454634428024,0.04281185567378998,0.08902716636657715,0.050611741840839386,0.030480684712529182,0.06468009948730469,0.0010161767713725567,0.0017730192048475146,0.17637081444263458,0.0004508387064561248,0.009138926863670349,0.006878875661641359,0.008429178968071938,0.0004468195838853717,0.00035969779128208756,0.013304361142218113,0.025260603055357933,0.05216999724507332,0.057796161621809006,0.035047922283411026,0.061945244669914246,0.006295211613178253,4.165510108578019e-05,0.005085209384560585,0.010878710076212883,0.004218391142785549,0.02930488996207714,0.9282415509223938,0.9085690975189209,0.0977877527475357,0.021508973091840744,0.30674269795417786,0.25729477405548096,2.130518396370462e-06,4.687904493039241e-06,0.0,7.0
3.5659315926750423e-06,0.03795833885669708,0.032908983528614044,0.08937157690525055,0.04862654581665993,0.0449933223426342,0.0009531398536637425,7.229187758639455e-06,1.7572066326465574e-06,0.1370513141155243,0.10947206616401672,0.12992951273918152,0.1292371153831482,0.09640020877122879,0.06839927285909653,0.05573374405503273,0.09133407473564148,0.11716102808713913,0.09434245526790619,0.37021809816360474,0.3455590307712555,0.009328986518085003,0.01023488026112318,0.002823525806888938,0.002269455697387457,0.32833752036094666,0.0016543263336643577,0.003029261715710163,0.013325046747922897,0.00910089910030365,0.0011380850337445736,0.0012571286642923951,0.08992050588130951,0.001538994605652988,0.3130042850971222,0.4607086777687073,0.018277360126376152,0.036862608045339584,0.024663958698511124,0.00018688909767661244,0.00084727379726246,0.002797861583530903,0.0008755381568334997,0.013407808728516102,0.908032238483429,0.929572343826294,0.053303588181734085,0.1151186153292656,0.3368597626686096,0.31947556138038635,3.766905138036236e-06,1.251323010365013e-05,1.0,8.0
7.524642455791763e-07,0.00652580289170146,0.007938947528600693,0.1687183976173401,0.2796608507633209,0.16231928765773773,0.0007792320102453232,4.817990884475876e-06,1.6857283071658458e-06,0.038808759301900864,0.023132961243391037,0.2808365821838379,0.2770841121673584,0.9067298769950867,0.0007320748991332948,0.000646043277811259,0.9020012021064758,0.03633012995123863,0.029405079782009125,0.11110206693410873,0.05380815267562866,0.05185607448220253,0.022328082472085953,0.023590469732880592,0.03284454718232155,0.05238731950521469,0.000156380730913952,9.671496809460223e-05,0.0004605431167874485,0.006704390048980713,0.08088339120149612,0.06627937406301498,0.018656404688954353,0.0001935950858751312,0.7719982266426086,0.7963361740112305,0.0022554637398570776,0.015664514154195786,0.008001431822776794,8.672156400280073e-05,0.0014577016700059175,0.002696913667023182,0.0007918449700810015,0.023875070735812187,0.04998281970620155,0.19865012168884277,0.14561747014522552,0.912126898765564,0.15543901920318604,0.26308372616767883,1.0843009476957377e-05,9.384840268467087e-06,0.0,9.0
1.260850240214495e-06,0.029565662145614624,0.011362159624695778,0.048796333372592926,0.1402880996465683,0.13535277545452118,1.84987839020323e-05,1.0396090601716423e-06,3.0781848181504756e-07,0.09422625601291656,0.05188220739364624,0.10013911873102188,0.11324182152748108,0.0663471445441246,0.04469164460897446,0.044114913791418076,0.0760863795876503,0.07267182320356369,0.0722242146730423,0.5470279455184937,0.2151547074317932,0.007986237294971943,0.008508731611073017,6.028282587067224e-05,0.024628562852740288,0.08379480987787247,8.264260395662859e-05,0.0011442328104749322,0.0007473492878489196,0.0005689279641956091,0.0015829356852918863,0.0018151168478652835,0.06251838058233261,0.0006552697741426528,0.007143921684473753,0.009043932892382145,0.0010580244706943631,0.0011354082962498069,0.7122694849967957,0.0013990052975714207,0.012574464082717896,0.011423841118812561,0.0065407357178628445,0.054107051342725754,3.5488869798427913e-06,2.0226998458383605e-06,0.00024935827241279185,0.0005433246260508895,0.0007292740046977997,0.0011431765742599964,4.275997980585089e-06,1.8913876829174114e-06,2.0,10.0
1.0433504940010607e-06,0.0033524506725370884,0.0025719651021063328,0.3679274618625641,0.2884078919887543,0.17461678385734558,5.2882614909322e-06,4.2515495124462177e-07,3.7720243994954217e-07,0.00481654517352581,0.0012983815977349877,0.04057148098945618,0.030817486345767975,0.27232471108436584,0.009525922127068043,0.01101119164377451,0.267363965511322,0.20700731873512268,0.24182073771953583,0.04625723138451576,0.025228841230273247,0.07481015473604202,0.20605133473873138,8.71906286192825e-06,0.0009937358554452658,0.0016607382567599416,1.4102120076131541e-05,8.977697143564001e-05,0.0009508536313660443,0.008011546917259693,0.011200173757970333,0.010264813899993896,0.00011897967488039285,0.00039618898881599307,0.000270670308964327,0.00012344541028141975,0.020784514024853706,0.1458142250776291,0.004749224986881018,0.004751464817672968,0.022027045488357544,0.003221427323296666,0.6381999254226685,0.15031735599040985,0.00018516130512580276,0.0002966876490972936,0.0021299526561051607,0.003265758277848363,0.0009873674716800451,0.002766065299510956,1.587269480296527e-06,4.482679685224866e-07,1.0,11.0
3.6391526236911886e-07,0.0045656319707632065,0.002663129474967718,0.4974401295185089,0.20916159451007843,0.2341139167547226,0.00016661800327710807,6.33052025023062e-07,1.8439285440763342e-06,0.004533494357019663,0.002102095168083906,0.4122905135154724,0.3476656377315521,0.16217699646949768,0.38182610273361206,0.03231586143374443,0.006844344548881054,0.017883669584989548,0.02037518471479416,0.03413984924554825,0.006825566757470369,0.16956499218940735,0.20220601558685303,0.00031298771500587463,0.1139344647526741,0.786044716835022,0.0012871315702795982,0.00024979133740998805,0.0030727977864444256,0.07180502265691757,0.004410682711750269,0.005222836043685675,0.012869385071098804,0.0015794549835845828,0.49313563108444214,0.4464782774448395,0.0009506453643552959,0.018737485632300377,0.06891033053398132,0.0003185111272614449,0.00890020839869976,0.010647597722709179,0.006201680283993483,0.05651390179991722,6.424665480153635e-05,0.00014624388131778687,0.00015854187950026244,0.0018506399355828762,0.0033993686083704233,0.008467672392725945,1.7642723832977936e-05,2.3688467081228737e-06,1.0,12.0
7.065870022415766e-08,0.005774067714810371,0.0023026950657367706,0.15088996291160583,0.28987839818000793,0.27377331256866455,2.3478816729038954e-05,7.154015690957749e-08,6.66071287014347e-08,0.45628678798675537,0.5352730751037598,0.6419594287872314,0.8726077675819397,0.1460140198469162,0.07141342759132385,0.11526317894458771,0.20819850265979767,0.012023959308862686,0.0005333134322427213,0.5704251527786255,0.10161540657281876,0.0039162407629191875,0.00024276161275338382,7.619077950948849e-05,0.026362894102931023,0.0007217812817543745,3.39964208251331e-06,3.265816849307157e-05,0.005612657405436039,0.0035233127418905497,0.0005330016720108688,0.00017130476771853864,0.010083012282848358,0.0065697114914655685,0.0011415546759963036,0.0011870266171172261,0.03038642182946205,0.0050452714785933495,0.8096961975097656,0.00045990722719579935,0.036331918090581894,0.0032578101381659508,0.03237292915582657,0.008467761799693108,0.00011942035052925348,1.3416288311418612e-05,0.05343920737504959,3.8407877582358196e-05,0.0006634751334786415,0.00032514779013581574,4.150950644543627e-06,3.4716055807848534e-08,2.0,13.0
2.2592323148273863e-05,0.2819092273712158,0.3516062796115875,0.0026071700267493725,0.005467202980071306,0.004342410247772932,0.0004029099945910275,6.255323796722223e-07,1.0170995210501133e-06,0.11256220191717148,0.10376188904047012,0.04849854111671448,0.057507164776325226,0.017598746344447136,0.11072245985269547,0.1847873032093048,0.0515347458422184,0.1996934711933136,0.17161713540554047,0.6794492602348328,0.4813581705093384,0.008248480968177319,0.004394183866679668,0.00012161865015514195,0.0030218949541449547,0.02688344568014145,1.5108588740986306e-05,0.001553075504489243,0.015419460833072662,0.03129401430487633,0.003341913688927889,0.002899319166317582,6.817419489379972e-05,0.0031759687699377537,0.0016326910117641091,0.001746857538819313,0.27569612860679626,0.3298986554145813,8.794896712061018e-05,7.307196938199922e-05,0.4217749536037445,0.18947601318359375,0.12521067261695862,0.02272985130548477,0.5452882051467896,0.5434716939926147,0.01288146898150444,0.015364685095846653,0.0029282926116138697,0.009411086328327656,1.7416662956293294e-07,5.0165390348411165e-06,0.0,14.0
4.83120516037161e-07,0.004813117906451225,0.01020760927349329,0.031918540596961975,0.688514232635498,0.39490798115730286,3.999643377028406e-05,6.356418680297793e-07,1.6245554661509232e-06,0.004255637526512146,0.011555232107639313,0.00042620458407327533,0.02106512151658535,0.1518208086490631,0.0001989551674341783,0.09888580441474915,0.9317470788955688,0.8650280833244324,0.42274898290634155,0.31490838527679443,0.07127812504768372,0.10653895139694214,0.027040012180805206,6.0461476095952094e-05,0.14224964380264282,0.01653791405260563,4.55609642813215e-06,0.000731653708498925,0.006800007540732622,0.001787545159459114,0.0006213253946043551,0.0007305911276489496,0.0013682539574801922,0.0008811618317849934,0.00427026953548193,0.008001643233001232,0.02732943557202816,0.050918273627758026,0.1048145666718483,0.0011179735884070396,0.18786375224590302,0.0434398353099823,0.033163536339998245,0.007830419577658176,2.334329838049598e-05,1.6228757885983214e-05,0.00017932045739144087,0.0005718016182072461,4.068274938617833e-05,3.435602047829889e-05,1.8072965985993505e-06,1.6047472399804974e-06,1.0,15.0
1.5277499187504873e-05,0.250214159488678,0.2111421376466751,0.0010439860634505749,0.02111547812819481,0.025048529729247093,1.71705487446161e-05,1.7877048321679467e-06,1.126132588069595e-06,0.032040610909461975,0.015186787582933903,0.008251665160059929,0.006070110015571117,0.017438413575291634,0.10410457849502563,0.1256263107061386,0.03949517384171486,0.517217755317688,0.5132360458374023,0.40893465280532837,0.22223761677742004,0.012560298666357994,0.019305260851979256,4.396741860546172e-05,0.00017105470760725439,0.005133256781846285,8.491236076224595e-05,0.0011647746432572603,0.005480355117470026,0.0004329196235630661,0.08967766165733337,0.16165600717067719,0.0008727291715331376,0.0019553015008568764,0.00020005731494165957,0.0003315949288662523,0.028949784114956856,0.012881256639957428,0.08485748618841171,0.0004230176564306021,0.060948245227336884,0.002562326844781637,0.2781505882740021,0.12727415561676025,0.0001599903334863484,0.00010675207886379212,0.004400352481752634,0.0272760521620512,0.0006585943046957254,0.0005949330516159534,2.1119153643667232e-06,1.9284034351585433e-06,1.0,16.0
1.6069066077761818e-06,0.0024676776956766844,0.002376759657636285,0.3414784073829651,0.21418413519859314,0.13574708998203278,0.00011053525668103248,5.992673095533974e-07,1.484426235265346e-07,0.2158997356891632,0.312325119972229,0.2677009403705597,0.25226616859436035,0.07550570368766785,0.0662405788898468,0.05552956834435463,0.06910111755132675,0.0404212549328804,0.032200347632169724,0.5245115756988525,0.3793516457080841,0.002388556255027652,0.0005815357435494661,0.00038982159458100796,0.010024912655353546,0.09550434350967407,1.348930163658224e-05,0.006168144289404154,0.0018259274074807763,0.0006932984106242657,0.007185986265540123,0.007443125359714031,0.0031392464879900217,0.0021289384458214045,0.007124908734112978,0.011640354059636593,0.01878233253955841,0.00940714031457901,0.004643443506211042,7.783079490764067e-05,0.004051577765494585,0.002448796294629574,0.0032328269444406033,0.025966621935367584,0.006828680634498596,0.004546167328953743,0.01075992826372385,0.013864625245332718,0.026369309052824974,0.02570895291864872,1.7484088630226324e-06,1.5593652733514318e-06,1.0,17.0
1.7858610590337776e-06,0.021060079336166382,0.00933803804218769,0.03050299733877182,0.13437381386756897,0.23661530017852783,0.00034344123560003936,1.4394486242963467e-06,7.309344027817133e-07,0.1419636756181717,0.07635968178510666,0.1759975403547287,0.17933741211891174,0.0646028220653534,0.038135260343551636,0.0796794518828392,0.12609243392944336,0.053873784840106964,0.049462929368019104,0.45780783891677856,0.34510380029678345,0.005480331834405661,0.009247046895325184,0.0008722278871573508,0.00018516324053052813,0.01761213317513466,0.0007868676912039518,0.00042447366286069155,0.008033623918890953,0.002506895223632455,6.719449447700754e-05,7.343829929595813e-05,0.00776182534173131,0.004247819073498249,0.06351454555988312,0.09692328423261642,0.033888012170791626,0.03638859838247299,0.007914170622825623,0.0001092872116714716,0.0035594580695033073,0.01772288605570793,0.0011420941445976496,0.015305262990295887,0.7447742819786072,0.6705407500267029,0.005297838244587183,0.009861568920314312,0.11934135109186172,0.08395738899707794,2.152019305867725e-06,4.006607014162e-06,0.0,18.0
3.891189521709748e-07,0.1595805138349533,0.08566964417695999,0.08138808608055115,0.021572863683104515,0.04419012367725372,2.3052323740557767e-05,2.8122963158239145e-07,1.217040676237957e-06,0.019792795181274414,0.002588911447674036,0.52641761302948,0.4984058439731598,0.3517252504825592,0.003815864445641637,0.009689895436167717,0.3767143487930298,0.008335127495229244,0.00541999377310276,0.05399830639362335,0.0025981960352510214,0.053475748747587204,0.15292240679264069,0.00010085152462124825,0.0127772968262434,0.033213477581739426,0.00019400697783567011,0.00014959814143367112,0.010416781529784203,0.0005444902926683426,0.0001955001353053376,0.00047525708214379847,0.02045520953834057,0.0022090536076575518,0.050689902156591415,0.09361574798822403,0.0020268980879336596,0.0014611991355195642,0.6794188022613525,0.0010299010900780559,0.03295168653130531,0.02726740762591362,0.006070725619792938,0.04634653404355049,1.4824782965661143e-06,9.490860861660622e-07,2.1057649064459838e-05,0.00041394104482606053,0.001320574781857431,0.0010684523731470108,8.734266884857789e-06,1.7828321006163605e-06,1.0,19.0
1.9653055005619535e-07,0.00015616556629538536,7.427429227391258e-05,0.7732981443405151,0.7717919945716858,0.7652739882469177,9.196547762257978e-05,1.403684109391179e-06,1.5307132628095133e-07,0.12054501473903656,0.0515257865190506,0.18228206038475037,0.19658182561397552,0.42142507433891296,0.016582760959863663,0.016200462356209755,0.42254674434661865,0.06685145944356918,0.03984704613685608,0.3348548114299774,0.08993763476610184,0.016444873064756393,0.01203927956521511,0.00022314939997158945,0.25800642371177673,0.425007700920105,4.211740815662779e-05,0.003720727749168873,0.0003097127773799002,0.015728434547781944,0.20622184872627258,0.1443006694316864,0.005624528508633375,1.104154307540739e-06,0.054456599056720734,0.03868774697184563,0.00021399279648903757,0.006206013262271881,0.09828586131334305,0.10707540810108185,0.016889430582523346,0.01428539864718914,0.0021567249204963446,0.0015016590477898717,3.356922206876334e-06,7.28649138181936e-06,0.003283753525465727,0.005853491835296154,0.00038941745879128575,0.0010142591781914234,3.2935729450400686e-06,1.098131860999274e-06,1.0,20.0
6.255132802834851e-07,0.0022238343954086304,0.001649384037591517,0.26556411385536194,0.4000649154186249,0.1917206197977066,9.871044312603772e-06,6.222124397936568e-07,3.6172605177853256e-07,0.02898472361266613,0.005273429211229086,0.07453714311122894,0.06922489404678345,0.012780971825122833,0.3100122809410095,0.30842188000679016,0.0072052497416734695,0.1519503891468048,0.18684646487236023,0.25222980976104736,0.12518930435180664,0.01884874887764454,0.11757917702198029,9.340271208202466e-05,0.0014197046402841806,0.003218209370970726,1.7276821381528862e-05,0.0007990785525180399,0.0009115704451687634,0.00015461587463505566,0.03491462394595146,0.05440808832645416,0.0025573924649506807,0.015007063746452332,0.0005152681260369718,0.0004274013335816562,0.003924217540770769,0.0051270294934511185,0.13637547194957733,1.967690695892088e-05,0.004031348507851362,0.0007516189361922443,0.008453205227851868,0.018859969452023506,0.00048026288277469575,0.00034312906791456044,0.010488112457096577,0.028789127245545387,9.67966188909486e-05,6.679584475932643e-05,3.104782535956474e-06,6.412630000340869e-07,1.0,21.0
2.3519274350292108e-07,0.09607477486133575,0.045237164944410324,0.035603687167167664,0.047144416719675064,0.05549442395567894,8.409459951508325e-06,9.737527051356665e-08,7.686669079021158e-08,0.19606657326221466,0.109442800283432,0.4719805121421814,0.46336692571640015,0.17669713497161865,0.0200726967304945,0.03170347586274147,0.16429603099822998,0.017320891842246056,0.011267227120697498,0.2323337197303772,0.09766785055398941,0.007217006292194128,0.004633069969713688,0.00018575688591226935,0.0005013797199353576,0.0003305448335595429,1.5732146493974142e-05,1.9551507648429833e-05,0.002187244826927781,0.0007191913318820298,0.0008497360977344215,0.0011201841989532113,0.010952652432024479,0.0005053163622505963,0.0015154543798416853,0.0018569157691672444,0.005262874066829681,0.002786345314234495,0.21350370347499847,0.0015148773090913892,0.0002891561889555305,0.0001272245281143114,0.0021307291463017464,0.03849468752741814,0.002303574001416564,0.0017048317240551114,0.002772202715277672,0.004234183579683304,0.008122495375573635,0.006106813903898001,1.1706516488629859e-05,6.267272283366765e-07,1.0,22.0
1.043274733092403e-05,0.026053015142679214,0.011208160780370235,0.004552963189780712,0.16190069913864136,0.21777251362800598,0.0005287880194373429,1.4781013305764645e-05,4.92818344355328e-06,0.08695437759160995,0.05866975709795952,0.010205437429249287,0.009841912426054478,0.05082843452692032,0.10491069406270981,0.08648467063903809,0.04814574867486954,0.6342235803604126,0.6226788759231567,0.6700654625892639,0.1786203384399414,0.013745242729783058,0.01371664647012949,0.005090906284749508,7.201172411441803e-05,0.0018579564057290554,0.0017853690078482032,7.622450357303023e-05,0.009364484809339046,0.0050856368616223335,0.18877671658992767,0.20886225998401642,0.006472939625382423,3.664530595415272e-05,0.22622978687286377,0.24909177422523499,0.050361279398202896,0.04671189561486244,0.010010003112256527,0.0022374121472239494,0.014247683808207512,0.003147783223539591,0.021545181050896645,0.05244226008653641,0.6110115647315979,0.6389048099517822,0.12656071782112122,0.5070194602012634,0.022249912843108177,0.02175087481737137,1.9855964637827128e-05,1.4762769751541782e-05,0.0,23.0
5.968984623905271e-06,0.0032662940211594105,0.002837375970557332,0.40738382935523987,0.0914534479379654,0.12500996887683868,3.62847677024547e-05,1.3481060250342125e-06,3.0366288683580933e-06,0.710789680480957,0.30096495151519775,0.7432276010513306,0.48501020669937134,0.03745916113257408,0.5561416745185852,0.27534738183021545,0.0016168083529919386,0.0029737898148596287,0.023180902004241943,0.24403104186058044,0.7461024522781372,0.00034141773357987404,0.0009376290254294872,0.00020763745123986155,0.01001745741814375,0.05112454295158386,1.6621150280116126e-05,0.03193379193544388,0.014532211236655712,0.007936976850032806,0.006506442092359066,0.013146603479981422,0.0002368869463680312,0.0032022958621382713,0.001431998680345714,0.0017361358040943742,0.06318210810422897,0.13677269220352173,0.0010768756037577987,6.886484334245324e-05,0.1240217387676239,0.020889874547719955,0.024143826216459274,0.004335375502705574,0.012534569948911667,0.022743795067071915,0.00846070609986782,0.38930565118789673,0.00014061627734918147,0.00023844960378482938,7.00470081937965e-07,8.873316801327746e-07,2.0,24.0
8.532106789971294e-07,0.005411546677350998,0.0018383475253358483,0.3916386365890503,0.15982763469219208,0.2707643508911133,0.00024302169913426042,1.0326525625714567e-06,7.863361588533735e-07,0.031974732875823975,0.006951539311558008,0.019728684797883034,0.012867719866335392,0.02408180944621563,0.12363173812627792,0.116100013256073,0.0362970270216465,0.37293949723243713,0.42746952176094055,0.2241899073123932,0.1174798458814621,0.01350205298513174,0.05250142514705658,0.0031561581417918205,0.07241644710302353,0.03725477308034897,1.6124297417263733e-06,0.0007084156386554241,0.0012182205682620406,0.003766145557165146,0.020810497924685478,0.020336667075753212,0.004195862915366888,0.007177439052611589,0.23488177359104156,0.24248582124710083,0.013339084573090076,0.02860994078218937,0.0028027936350554228,6.343455879687099e-06,0.0036439779214560986,0.003934127278625965,0.0006889093201607466,0.0143502838909626,0.012369493022561073,0.011276963166892529,0.07886972278356552,0.1681511104106903,0.010990289971232414,0.014217406511306763,2.9881196041969815e-06,2.7772960038419114e-06,1.0,25.0
1.92659081221791e-06,0.6310158967971802,0.6419775485992432,0.00017359461344312876,0.0004149757733102888,0.00046784733422100544,3.332746200612746e-05,7.141024127577111e-08,4.1644258885753516e-07,0.3984498381614685,0.29965856671333313,0.1567898392677307,0.14406102895736694,0.017899012193083763,0.2708148658275604,0.288007527589798,0.013316033408045769,0.08642958104610443,0.11842013150453568,0.7245171070098877,0.715878963470459,0.001120170229114592,0.001235038973391056,9.658796625444666e-05,0.0016584754921495914,0.13493287563323975,0.002028535818681121,0.024842465296387672,0.07733435928821564,0.009499507956206799,3.109378440058208e-06,1.0400313840364106e-05,0.002205753931775689,0.005523779429495335,0.001718882005661726,0.0036242485512048006,0.01092115230858326,0.009545382112264633,0.11498690396547318,0.00040846012416295707,0.09904497116804123,0.6109010577201843,0.0018480540020391345,0.002015225123614073,1.7702552213449962e-05,1.9628589143394493e-05,4.2586366362229455e-06,0.0006636274629272521,2.8148853743914515e-05,1.7919030142365955e-05,2.744633036400046e-07,2.689778852982272e-07,1.0,26.0
5.403534260040033e-07,0.00033066998003050685,0.00035320501774549484,0.3815186023712158,0.6826289892196655,0.5354866981506348,0.00014206860214471817,2.321202373423148e-06,9.901759767672047e-07,0.022938160225749016,0.006829289253801107,0.09676284343004227,0.10252551734447479,0.03156789392232895,0.16852596402168274,0.14428000152111053,0.01889563724398613,0.09445588290691376,0.10000251978635788,0.13388492166996002,0.03644642233848572,0.04237699881196022,0.0850263386964798,0.00040923437336459756,0.1157490611076355,0.2896106243133545,7.85807496868074e-05,0.00119863694999367,0.00013942120131105185,0.006103041116148233,0.2749883234500885,0.32446932792663574,0.002681869314983487,2.3398237317451276e-05,0.32412946224212646,0.2052982747554779,0.001029725419357419,0.017183171585202217,0.01597614400088787,0.00465228920802474,0.019191667437553406,0.021371161565184593,0.0037817785050719976,0.0057114968076348305,1.1510053809615783e-05,1.6464335203636438e-05,0.0031776404939591885,0.039642736315727234,0.0015224490780383348,0.0032275912817567587,1.9187420548405498e-05,4.147369509155396e-06,1.0,27.0
1.5784673905727686e-06,0.8598366975784302,0.8792798519134521,1.4071288205741439e-05,0.0002794319298118353,0.00020463953842408955,9.138553286902606e-05,1.3915824581545166e-07,2.7001726721209707e-07,0.44347524642944336,0.5017380714416504,0.405113160610199,0.36669689416885376,0.03427760303020477,0.15161816775798798,0.14022786915302277,0.03049345873296261,0.03258012980222702,0.03430487960577011,0.7753961682319641,0.7405258417129517,0.0011492489138618112,0.00036053493386134505,0.00023412222799379379,0.004762573167681694,0.19343633949756622,0.000995759735815227,0.022521665319800377,0.0009699248475953937,0.00979895330965519,0.003558869706466794,0.003695006249472499,0.0011683355551213026,0.0007916850154288113,0.03073722869157791,0.03880564495921135,0.004215027205646038,0.029875582084059715,0.04451872408390045,0.00019944901578128338,0.08990553766489029,0.0543285608291626,0.004919622093439102,0.0014038439840078354,2.5064038709388115e-05,4.074451862834394e-05,0.00024941936135292053,0.002651554998010397,2.8470467441366054e-05,9.180285996990278e-05,2.727214223341434e-07,5.604257466984564e-07,1.0,28.0
2.835769919329323e-06,0.0344502329826355,0.014897768385708332,0.08286771178245544,0.03467625007033348,0.044188350439071655,4.797181463800371e-05,6.226083542060223e-07,9.531315185995481e-07,0.0640067532658577,0.05230330675840378,0.023462509736418724,0.023364951834082603,0.06551574915647507,0.06998938322067261,0.06445891410112381,0.07673688232898712,0.3693615198135376,0.3543078899383545,0.5038887858390808,0.32720592617988586,0.00951441191136837,0.009504113346338272,0.0004643741704057902,0.001081304159015417,0.00255925883539021,1.2424783562892117e-05,0.0004489592101890594,0.009179799817502499,0.0036682209465652704,0.0031568200793117285,0.00361816119402647,0.0004527571436483413,0.0007109746220521629,0.001101633650250733,0.001258133677765727,0.1062697023153305,0.07260240614414215,0.0008794104214757681,0.00023907610739115626,0.009203676134347916,0.009434422478079796,0.00954431388527155,0.002945269225165248,0.2656712532043457,0.22115133702754974,0.09362196922302246,0.32941100001335144,0.0002603531756903976,0.00026700328453443944,1.3002314744881005e-06,1.831974486776744e-06,0.0,29.0
1.472356302656408e-06,0.03228920325636864,0.06277286261320114,0.2004939764738083,0.10895280539989471,0.06207862123847008,4.324486508267e-05,2.449576186336344e-07,2.1813102648593485e-06,0.6128002405166626,0.7316966652870178,0.7911146283149719,0.7742601037025452,0.0040562888607382774,0.43318480253219604,0.43539419770240784,0.011598658747971058,0.004738023038953543,0.002733782632276416,0.417508989572525,0.332427054643631,0.0017324835062026978,0.0003000971919391304,0.0003073941625189036,0.0009219711064361036,0.0013835967984050512,2.1604999346891418e-05,2.376579141127877e-05,0.008564258925616741,0.019607694819569588,0.28270620107650757,0.22886592149734497,3.1939445761963725e-05,0.001212232164107263,0.001684612943790853,0.0015258125495165586,0.26805368065834045,0.30770471692085266,5.764214074588381e-05,9.48400775087066e-05,0.059178467839956284,0.03644240275025368,0.02954046055674553,0.004113875795155764,0.006553865037858486,0.006990115623921156,0.2053489238023758,0.25047311186790466,0.0004573915502987802,0.0006995674921199679,5.353608230507234e-06,2.8460274279495934e-06,1.0,30.0
2.3442917154170573e-06,0.027941962704062462,0.012994905933737755,0.0027471582870930433,0.096784807741642,0.1449526846408844,3.289528103778139e-05,2.983615274843032e-07,6.834187047388696e-07,0.022126855328679085,0.005192765034735203,0.040803126990795135,0.04260677099227905,0.04967011138796806,0.1316303163766861,0.1276930570602417,0.02368755079805851,0.24338196218013763,0.2383250743150711,0.16322152316570282,0.018400782719254494,0.030521532520651817,0.07969050109386444,3.2924566767178476e-05,0.002126828534528613,0.014334619045257568,0.0001126054412452504,0.0023662406019866467,0.019475748762488365,0.028687765821814537,6.869654316687956e-05,7.355450361501426e-05,0.0011629486689344049,0.0022451085969805717,0.0005703730275854468,0.0005039162351749837,0.03692740201950073,0.032663941383361816,0.014454650692641735,0.0026466818526387215,0.05051831901073456,0.024855267256498337,0.20269429683685303,0.13994528353214264,0.0003054187982343137,0.00022571613953914493,0.00019830858218483627,0.00016088112897705287,0.0028840128798037767,0.0018931167433038354,1.0706036164265242e-06,2.585721574632771e-07,1.0,31.0
5.34403352503432e-06,0.10947366803884506,0.1937543749809265,0.0005841387901455164,0.06357662379741669,0.026736224070191383,0.00010403479973319918,1.2332507139944937e-06,6.503843792415864e-07,0.07239393144845963,0.2009066939353943,0.04364945366978645,0.11433885246515274,0.006353594828397036,0.23438838124275208,0.25075262784957886,0.02118545025587082,0.22852124273777008,0.10737691074609756,0.6641669273376465,0.4219350814819336,0.012027834542095661,0.0022831582464277744,0.0005265154759399593,0.0008020988316275179,0.0027957868296653032,1.9003440684173256e-05,0.000599161721765995,0.002585930749773979,0.0021561472676694393,0.1247640922665596,0.11326128989458084,0.002326561138033867,0.00034229556331411004,0.0011260025203227997,0.0016610504826530814,0.035006195306777954,0.014509708620607853,0.011920350603759289,0.00042112742085009813,0.0067560551688075066,0.001964730676263571,0.01950681209564209,0.02296140417456627,0.2986556887626648,0.19638417661190033,0.33086270093917847,0.3558337986469269,0.0003021585289388895,0.0005106080207042396,1.4624916957473033e-06,2.917661731771659e-06,2.0,32.0
6.882318643874896e-07,0.007452382706105709,0.002267580945044756,0.4129440188407898,0.0715060830116272,0.1184520274400711,1.5227331459755078e-05,6.39868247276354e-08,1.6207043529448129e-07,0.17661404609680176,0.0743618980050087,0.06482233107089996,0.09008041024208069,0.4088670611381531,0.00823251809924841,0.012796631082892418,0.4051750898361206,0.15542072057724,0.12880946695804596,0.5725473165512085,0.09912638366222382,0.009749524295330048,0.006569733377546072,7.05771817592904e-05,0.08706159889698029,0.01676206849515438,1.3382401448325254e-05,0.002432849258184433,0.008970074355602264,0.00010748650674941018,0.007533224765211344,0.015133109875023365,0.0005609713261947036,0.4761475622653961,0.0006086690700612962,0.0010239779949188232,0.003355104709044099,0.002123873447999358,0.0964217260479927,1.556751811904178e-07,0.09519923478364944,0.06640146672725677,0.03229712322354317,0.0024600927717983723,3.94537119063898e-06,1.4446773093368392e-06,0.00013799277076032013,0.0010096620535477996,2.2628331862506457e-05,4.805321623280179e-06,7.369868626483367e-07,3.0475990797640407e-07,1.0,33.0
4.107664608454797e-06,0.8509511351585388,0.8520952463150024,1.072043687599944e-05,0.0002481569827068597,0.00025622083921916783,3.699979424709454e-05,9.385446020360177e-08,6.319704652923974e-07,0.20231594145298004,0.1308901607990265,0.18393000960350037,0.1573062539100647,0.00766476197168231,0.30793946981430054,0.2868852913379669,0.01880495250225067,0.07098188996315002,0.08549545705318451,0.521823525428772,0.5915682911872864,0.0029513866174966097,0.0036943829618394375,0.00012632789730560035,0.0014040867099538445,0.006814966909587383,3.2378047762904316e-05,0.0011209450894966722,0.0935007855296135,0.02836720086634159,0.001702327630482614,0.0025315715465694666,4.091678056283854e-05,0.000994980102404952,0.0003133779391646385,0.00048725135275162756,0.5078141689300537,0.3518814742565155,0.00017844990361481905,0.0003391837817616761,0.11642186343669891,0.06828102469444275,0.05778047814965248,0.0024847739841789007,0.01536412164568901,0.010302781127393246,0.0033810101449489594,0.012085312977433205,1.6296657122438774e-05,1.7906850189319812e-05,2.2586104364563653e-07,1.0659254030542797e-06,2.0,34.0
4.624592293112073e-06,0.05941718816757202,0.03589453175663948,0.0041424729861319065,0.06488832831382751,0.09408462792634964,1.0714171366998926e-05,2.428029972634249e-07,8.404845743825717e-07,0.06399136036634445,0.03735227882862091,0.005750620272010565,0.0056686075404286385,0.08706438541412354,0.03433065488934517,0.044332630932331085,0.09037857502698898,0.592331051826477,0.6108072996139526,0.5058274865150452,0.15355654060840607,0.009657748974859715,0.007149846758693457,3.778583777602762e-05,0.0016127863200381398,0.00412788288667798,1.8759581507765688e-05,0.0014263525372371078,0.03846113011240959,0.0006261805538088083,0.0004402564954943955,0.0016222000122070312,0.001327591948211193,0.0030446983873844147,0.00021286500850692391,0.0003590682172216475,0.04397416114807129,0.025669340044260025,0.05789290368556976,0.0004624342836905271,0.01935746520757675,0.004706705920398235,0.0407000407576561,0.020878486335277557,0.0002598101273179054,0.00024700150243006647,0.00017682943143881857,0.022231917828321457,5.542678263736889e-05,3.101998663623817e-05,2.887418304453604e-06,9.159980436379556e-07,1.0,35.0
2.4821741817504517e-07,0.03041166253387928,0.02400227263569832,0.01142054796218872,0.17922750115394592,0.07657819241285324,4.323852863308275e-06,1.2895749534891365e-07,3.379376067869089e-08,0.13479644060134888,0.07364234328269958,0.07508973032236099,0.0728050023317337,0.0028713210485875607,0.4205479919910431,0.4016713500022888,0.011586376465857029,0.1066027507185936,0.12430201470851898,0.3578190207481384,0.485125869512558,0.006836501881480217,0.004040862899273634,3.0907689506420866e-05,0.00599634787067771,0.0024176640436053276,9.08014590095263e-06,0.0003892974054906517,0.00018767481378745288,0.002189991995692253,0.00316461268812418,0.002137320814654231,0.00204378180205822,0.0009304574341513216,0.0003933739790227264,0.00016673719801474363,0.0010732724331319332,0.018673738464713097,0.27973735332489014,0.0005001189419999719,0.005315971560776234,0.0011751524871215224,0.03012893907725811,0.030060069635510445,2.680872603377793e-05,3.68248438462615e-05,0.004842674359679222,0.0007882601930759847,0.0001968795550055802,0.0005387511919252574,7.783752380419173e-07,1.1076933503773034e-07,2.0,36.0
1.125058133766288e-05,0.7359068989753723,0.7268368005752563,1.915860229928512e-05,0.002975884359329939,0.004803655669093132,0.00024027949257288128,6.547831503667112e-07,3.230205493309768e-06,0.33124616742134094,0.35778430104255676,0.4299514591693878,0.44265180826187134,0.2044144570827484,0.05875137820839882,0.03061765991151333,0.1499544233083725,0.02652055025100708,0.02331460826098919,0.5142807960510254,0.38532593846321106,0.002707418752834201,0.0025245805736631155,0.00038651670911349356,0.0002721426426433027,0.0028833411633968353,0.00016922090435400605,0.0002509993501007557,0.1568700075149536,0.030626321211457253,0.0005187104688957334,0.000602850632276386,0.00046336266677826643,0.008344178088009357,0.0009549973183311522,0.0028610213194042444,0.4001717269420624,0.2969502806663513,0.0006010385695844889,8.834048639982939e-05,0.017479393631219864,0.03952576592564583,0.027871910482645035,0.013165535405278206,0.9672324657440186,0.9579911828041077,0.039316967129707336,0.09211766719818115,0.028856724500656128,0.017517423257231712,1.5325155118262046e-06,3.769082695725956e-06,0.0,37.0
4.4530074205795245e-07,0.008617453277111053,0.008858212269842625,0.04901694506406784,0.1676035076379776,0.05830291658639908,1.6508738553966396e-05,2.670634273727046e-07,1.4404231762910058e-07,0.07780151069164276,0.046194981783628464,0.21275775134563446,0.21309243142604828,0.20862393081188202,0.018872106447815895,0.01685672253370285,0.18732409179210663,0.040989190340042114,0.0379316508769989,0.2603354752063751,0.10152334719896317,0.012624216265976429,0.00814834050834179,6.071563984733075e-05,0.003757260739803314,0.021546104922890663,0.00010881583148147911,0.0005137323751114309,0.0007239388069137931,0.0013355001574382186,0.0013326387852430344,0.001441660919226706,0.0040135993622243404,0.0007938838098198175,0.0042082457803189754,0.0031783231534063816,0.0049118599854409695,0.015983888879418373,0.030110396444797516,0.0006372116622515023,0.013010009191930294,0.01628008857369423,0.010150715708732605,0.0398184172809124,3.215064134565182e-05,2.9677188649657182e-05,0.0006198324845172465,0.0005959048867225647,0.0007112046587280929,0.0014535390073433518,2.4353055323445005e-06,6.822608042966749e-07,1.0,38.0
6.890376425872091e-06,0.5309340953826904,0.4951474070549011,0.00024900308926589787,0.0037128173280507326,0.002376286080107093,0.0003235753392800689,1.4197657947079279e-06,7.531290293627535e-07,0.15265746414661407,0.09236421436071396,0.1699226349592209,0.17203009128570557,0.02192952297627926,0.12968671321868896,0.14464831352233887,0.04488658905029297,0.05438876897096634,0.048122603446245193,0.49119633436203003,0.37551283836364746,0.004188987426459789,0.004309448413550854,0.001053185318596661,0.0004251189238857478,0.016271917149424553,0.00011329626431688666,0.0011030050227418542,0.001768310321494937,0.004047566559165716,0.01662796176970005,0.012652522884309292,0.0012653478188440204,0.0002403686085017398,0.00988102238625288,0.011543722823262215,0.033895038068294525,0.039219144731760025,0.0010364627232775092,0.0005543141742236912,0.015092051587998867,0.016037022694945335,0.011078489944338799,0.03371291235089302,0.41875290870666504,0.3979976773262024,0.17624031007289886,0.1892266869544983,0.12677377462387085,0.17679007351398468,6.392486397999164e-07,3.713360683832434e-06,0.0,39.0
6.7099394982506055e-06,0.29648101329803467,0.22929999232292175,0.004127959255129099,0.02197328954935074,0.01372938696295023,0.0026879997458308935,4.006106337328674e-06,6.11582754572737e-06,0.4704747796058655,0.3782188594341278,0.08222904056310654,0.11038906872272491,0.3342304229736328,0.032491449266672134,0.018473418429493904,0.2715703248977661,0.2537296712398529,0.21482305228710175,0.772253155708313,0.6372895240783691,0.0032580934930592775,0.0021930700168013573,0.018115803599357605,0.04487857595086098,0.24882419407367706,0.0002840891247615218,0.0017047239234670997,0.018468432128429413,0.0521760918200016,0.000857063103467226,0.0007766155758872628,0.02829056791961193,0.00033332774182781577,0.8183199167251587,0.863109827041626,0.12437884509563446,0.2972284257411957,0.00041144777787849307,0.0006517961155623198,0.0009913122048601508,0.037316661328077316,0.000398967502405867,0.0020076183136552572,0.9819842576980591,0.9885721802711487,0.336524099111557,0.7163853049278259,0.11395275592803955,0.14206410944461823,4.748753326566657e-06,1.705658360151574e-05,0.0,40.0
2.616702658997383e-07,0.10659036040306091,0.11439674347639084,0.003659495385363698,0.03540848195552826,0.008716478943824768,4.861167326453142e-06,2.2657901865841268e-07,3.3364713658556866e-08,0.2550313472747803,0.5048940181732178,0.18079954385757446,0.601765513420105,0.03963570296764374,0.014524339698255062,0.14638933539390564,0.3594270646572113,0.11483742296695709,0.006856152322143316,0.3108152747154236,0.3002675473690033,0.010746420361101627,0.0002267039817525074,5.2068367949686944e-05,0.0024069955106824636,0.0014085465809330344,0.0008826516568660736,9.832135401666164e-05,0.00016665819566696882,0.00918474979698658,0.0024987475480884314,0.0014434570912271738,0.006038680672645569,0.0024843369610607624,0.0016971565783023834,0.0006164214573800564,0.0007942015072330832,0.05580390244722366,0.5167891979217529,0.0004093508468940854,0.028007706627249718,0.0026800159830600023,0.2109675258398056,0.09088757634162903,6.1277023633010685e-06,1.586669714015443e-05,0.00017400925571564585,0.00020053514163009822,3.3103671739809215e-05,0.00012922110909130424,1.3497076452040346e-06,1.4711812923451362e-07,2.0,41.0
4.35015635957825e-07,0.0003837777185253799,0.0001700002612778917,0.39318233728408813,0.7787882685661316,0.6721242666244507,0.00019955971220042557,7.102575523276755e-07,2.4282800836772367e-07,0.03259101137518883,0.018851950764656067,0.057514771819114685,0.06829313188791275,0.6282086968421936,0.0026795302983373404,0.004034020006656647,0.5924878120422363,0.14965984225273132,0.12643277645111084,0.4221187233924866,0.05699888616800308,0.027234580367803574,0.015215876512229443,0.0015448395861312747,0.011515122838318348,0.019559433683753014,1.2436223187251016e-05,0.0006571872509084642,0.0006785023724660277,0.01546887494623661,0.004890290554612875,0.0034559464547783136,0.004569812677800655,7.852171256672591e-05,0.12133123725652695,0.0820997804403305,0.014821598306298256,0.15438608825206757,0.00277249445207417,0.0023216058034449816,0.0026738811284303665,0.0034908156376332045,0.0006394306547008455,0.00807472225278616,0.008888917975127697,0.024454493075609207,0.008339117281138897,0.052846506237983704,0.0016483069630339742,0.0027738630305975676,3.2669049687683582e-06,2.3902850898593897e-06,0.0,42.0
2.207951183663681e-06,0.04565935209393501,0.06084895133972168,0.0015292285243049264,0.15929622948169708,0.13300418853759766,0.00013191046309657395,2.321448164366302e-06,1.5822699879208812e-06,0.5986255407333374,0.4097023010253906,0.4400567412376404,0.3378557562828064,0.010162321850657463,0.19771899282932281,0.2663949131965637,0.03424763306975365,0.018409887328743935,0.04487714543938637,0.5719201564788818,0.6416906714439392,0.0007819720194675028,0.001395444618538022,0.000901624618563801,0.0039359512738883495,0.008310404606163502,3.1572406442137435e-05,0.0006327116279862821,0.0011759009212255478,0.0007922977674752474,0.03862646594643593,0.03742416203022003,0.004997317213565111,0.006008608732372522,0.005072001367807388,0.0072165015153586864,0.010024544782936573,0.011196630075573921,0.022435538470745087,1.5304960470530204e-05,0.006194290705025196,0.0010781807359308004,0.0030353451147675514,0.029393214732408524,0.22688300907611847,0.1884216070175171,0.35961639881134033,0.5693100690841675,0.0010197010124102235,0.0012363308342173696,1.834105432862998e-06,3.541438672982622e-06,1.0,43.0
2.1196635771048022e-06,0.563616156578064,0.5189847946166992,0.0005868473090231419,0.0020098877139389515,0.0018152014818042517,6.537293756991858e-06,4.917625346934074e-07,1.5718626400484936e-07,0.08899466693401337,0.08089786022901535,0.012266715057194233,0.011708803474903107,0.05526970699429512,0.05845783278346062,0.0630602166056633,0.06436119973659515,0.46415624022483826,0.45373085141181946,0.4000248908996582,0.35553890466690063,0.005701067391782999,0.0056843445636332035,3.4199209039798006e-05,0.000901289633475244,0.019858619198203087,0.00023164245067164302,0.008132639341056347,0.0017676001880317926,0.001658109249547124,0.0005018925876356661,0.0006347846356220543,0.014048104174435139,0.000631185423117131,0.0004778878064826131,0.0005074384389445186,0.0022973816376179457,0.00622852798551321,0.9013054966926575,0.00666205445304513,0.06500367075204849,0.028099095448851585,0.027814898639917374,0.018086742609739304,3.1308109100791626e-06,3.4117372251785127e-06,6.735077477060258e-05,0.0005365504184737802,7.565472515125293e-06,1.2530007552413736e-05,4.95282108659012e-07,2.6972205091624346e-07,1.0,44.0
5.824928166475729e-07,0.0071397325955331326,0.03852546960115433,0.09239603579044342,0.3221534490585327,0.0967380478978157,0.0013239358086138964,5.276696697364969e-07,1.4099886129770312e-06,0.020933108404278755,0.04658561572432518,0.06188726797699928,0.0779019445180893,0.01578509993851185,0.17476864159107208,0.17643709480762482,0.030005866661667824,0.12811315059661865,0.11272155493497849,0.09158828854560852,0.047559283673763275,0.040941111743450165,0.011384297162294388,0.0011685045901685953,0.297280877828598,0.661182701587677,8.046464790822938e-05,0.0006538493325933814,0.060901328921318054,0.1114124283194542,0.0012158446479588747,0.0008081725100055337,0.03442620486021042,0.005558022763580084,0.3905782401561737,0.4008382260799408,0.010231027379631996,0.007871398702263832,0.020454321056604385,3.660831498564221e-05,0.0008937402162700891,0.0005140833673067391,0.000608833332080394,0.049731701612472534,0.21665172278881073,0.14859642088413239,0.021750418469309807,0.0015437204856425524,0.037286605685949326,0.03008774109184742,9.313282134826295e-06,4.471724423638079e-06,2.0,45.0
2.3499951566918753e-06,0.00041697098640725017,0.0003077031869906932,0.6445704698562622,0.7596766948699951,0.6171456575393677,0.000981868477538228,1.7335361917503178e-05,2.4582873265899252e-06,0.02373524010181427,0.024105405434966087,0.07168571650981903,0.07419813424348831,0.00022300859563983977,0.9840501546859741,0.9811708331108093,2.4754825062700547e-05,0.1465759128332138,0.14971792697906494,0.15047647058963776,0.07697929441928864,0.07308807969093323,0.04011683166027069,0.002921649254858494,0.0027520102448761463,0.33633583784103394,0.0026112105697393417,0.0007670570630580187,0.00210971781052649,0.006261300761252642,0.1777593195438385,0.15048514306545258,0.41830652952194214,0.0004584935668390244,0.2495753914117813,0.29255160689353943,0.0018426197348162532,0.0028304969891905785,0.16457784175872803,0.00022361305309459567,0.0004549241566564888,0.00033123570028692484,0.001196581870317459,0.04145055264234543,0.8156859874725342,0.8657230138778687,0.3452013432979584,0.42059794068336487,0.355266809463501,0.30237582325935364,1.4839374671282712e-05,5.157864052307559e-06,0.0,46.0
2.3175261958385818e-06,0.0043517062440514565,0.003244994441047311,0.19385825097560883,0.2749393582344055,0.3587369918823242,0.00025983218802139163,1.61667173870228e-06,4.325403551774798e-06,0.02315591089427471,0.0043427348136901855,0.11092258989810944,0.10291214287281036,0.3442263901233673,0.006622547283768654,0.00979582592844963,0.3426881432533264,0.06890468299388885,0.07971862703561783,0.17826399207115173,0.049671392887830734,0.019001444801688194,0.10412754118442535,0.0005018949741497636,0.0013753616949543357,0.08817830681800842,0.0001918746274895966,0.005686466116458178,0.016445444896817207,0.0015198534820228815,0.00184814992826432,0.0016392539255321026,0.0031137706246227026,0.13097691535949707,0.025730106979608536,0.02551712840795517,0.12147440761327744,0.06348156183958054,0.0006478384020738304,1.8241083807879477e-06,0.017823752015829086,0.012896649539470673,0.0021230680868029594,0.020678918808698654,0.14462661743164062,0.06302247941493988,0.3193565607070923,0.026237279176712036,0.01052020862698555,0.005577946547418833,1.0116264093085192e-06,2.7920480079046683e-06,1.0,47.0
5.6366025091847405e-06,0.10617150366306305,0.19326378405094147,0.0036399243399500847,0.03993527218699455,0.020295660942792892,1.094847630156437e-05,3.05968342217966e-06,2.803948859764205e-07,0.04207835718989372,0.035380300134420395,0.038402266800403595,0.02872430719435215,0.00508707482367754,0.35144296288490295,0.30223551392555237,0.01093692984431982,0.2280295193195343,0.2452383190393448,0.21016991138458252,0.29047760367393494,0.012467539869248867,0.019564760848879814,4.723969323094934e-05,7.299640856217593e-05,0.0016326388576999307,0.0002245979121653363,0.00012878270354121923,0.00025370510411448777,0.00355017208494246,0.3917667269706726,0.4309130907058716,0.002575336489826441,0.0001784943015081808,0.00040846128831617534,0.00027160844183526933,0.0019898347090929747,0.014853701926767826,0.20377898216247559,0.005013801623135805,0.007980342954397202,0.0004908477421849966,0.3309548497200012,0.42196938395500183,0.0001233353978022933,0.0002732634893618524,0.004701022058725357,0.02274801954627037,0.0067781973630189896,0.019429801031947136,6.272273367358139e-06,1.7442870330341975e-06,1.0,48.0
2.547569408761774e-07,0.09367550164461136,0.18873266875743866,0.03584569692611694,0.014480321668088436,0.023109905421733856,0.0007057973416522145,2.009544459724566e-06,4.095991698704893e-06,0.037415169179439545,0.03889540955424309,0.11682721972465515,0.1157442107796669,0.0007531131850555539,0.827164888381958,0.8188043236732483,0.0011229251977056265,0.08724011480808258,0.08490300923585892,0.23132860660552979,0.1870432049036026,0.023493170738220215,0.026223041117191315,0.0034121577627956867,0.08042149990797043,0.06209103763103485,0.00013577312347479165,8.58171479194425e-05,0.0018811282934620976,0.005931674502789974,0.010795056819915771,0.005906000267714262,0.008657439611852169,0.013625159859657288,0.8040808439254761,0.5689511299133301,0.0017584033776074648,0.006954841781407595,0.01788298413157463,3.6995891150581883e-06,0.005013660993427038,0.002847069874405861,0.00040157977491617203,0.10921227186918259,0.15437574684619904,0.15154200792312622,0.778770923614502,0.14186786115169525,0.023980949074029922,0.019042544066905975,9.533565389574505e-06,4.20209198637167e-06,1.0,49.0
3.723779400388594e-07,0.004974262788891792,0.01056431233882904,0.26172566413879395,0.13336433470249176,0.07311584055423737,2.928153298853431e-05,2.6440855549481057e-07,6.451489298342494e-07,0.0441083125770092,0.033438652753829956,0.08850226551294327,0.09683067351579666,0.009930308908224106,0.2789140045642853,0.2947123050689697,0.0198955200612545,0.16534622013568878,0.11603982746601105,0.4610019624233246,0.170723557472229,0.02857465296983719,0.039492905139923096,0.00015002783038653433,0.0035810782574117184,0.4198199212551117,0.014314164407551289,0.009812903590500355,0.028750911355018616,0.00885090883821249,1.5526919696640107e-06,5.102626801090082e-06,0.06679846346378326,0.005121258553117514,0.015729030594229698,0.01980907842516899,0.0002968401531688869,0.0007349632796831429,0.9548044204711914,0.0009701488888822496,0.024871662259101868,0.15076129138469696,0.0004218814428895712,0.0006340119289234281,2.2547688161012047e-07,2.4696811351532233e-07,6.146380542304541e-07,0.00019297513063065708,9.890332876238972e-06,5.660790066031041e-06,2.20213064494601e-06,4.405676179430884e-07,2.0,50.0
1.7402378489350667e-06,0.011312698945403099,0.027982639148831367,0.0014681100146844983,0.30123835802078247,0.1898309588432312,4.756584166898392e-05,4.0229454612017435e-07,3.6059909689356573e-06,0.03896171599626541,0.02304910123348236,0.312046617269516,0.2928420901298523,0.000585559755563736,0.8586190342903137,0.8502931594848633,0.0012787021696567535,0.027142859995365143,0.023967435583472252,0.20362260937690735,0.08604291826486588,0.025694115087389946,0.039481256157159805,0.00023471876920666546,0.00010280386777594686,0.0005941949784755707,0.00019736333342734724,4.139939119340852e-05,0.0356137715280056,0.0069032530300319195,0.0019361519953235984,0.0019500043708831072,0.0004222716670483351,0.018680378794670105,0.0006214675377123058,0.0007748865755274892,0.21934865415096283,0.08996575325727463,0.002273030113428831,4.5152548409532756e-05,0.008305933326482773,0.0013046589447185397,0.025141214951872826,0.06842200458049774,0.19291256368160248,0.11923390626907349,0.04764532670378685,0.046151354908943176,0.003006214741617441,0.0018033637898042798,7.726002877461724e-06,1.465764626118471e-06,1.0,51.0
3.916531568393111e-06,0.4637039005756378,0.5119994878768921,0.000278316845651716,0.005505131557583809,0.0036090330686420202,4.038140832562931e-05,5.444481416816416e-07,1.3248094319351367e-06,0.01969403773546219,0.01788208819925785,0.07682474702596664,0.09570800513029099,0.02413846179842949,0.09487388283014297,0.13066284358501434,0.05446509271860123,0.12604349851608276,0.09726186096668243,0.3632315993309021,0.09342164546251297,0.03655966371297836,0.019192637875676155,0.00025258620735257864,6.752718036295846e-05,0.0012568060774356127,0.00010637934610713273,0.00022654082567896694,0.003927784506231546,0.0023765279911458492,0.015867453068494797,0.018616436049342155,0.0005336590111255646,9.153396968031302e-05,0.0003633001178968698,0.00046870653750374913,0.055412955582141876,0.023175153881311417,0.006772995926439762,0.004222244489938021,0.006989274639636278,0.0010408784728497267,0.01553674042224884,0.028653480112552643,0.10525660961866379,0.10065586119890213,0.2247198522090912,0.44443055987358093,0.0007150457240641117,0.001239038654603064,2.13644739233132e-06,1.4490666444544331e-06,0.0,52.0
6.504396424134029e-06,0.05707816034555435,0.10659585148096085,0.0003752784978132695,0.14022107422351837,0.043952811509370804,0.000492337450850755,1.1746926702471683e-06,7.709139140388288e-07,0.09913637489080429,0.3508204519748688,0.05014680698513985,0.2570785582065582,0.015445168130099773,0.07481154054403305,0.1550697535276413,0.0500771626830101,0.2699703276157379,0.03522748127579689,0.8184295892715454,0.28490138053894043,0.012678002007305622,0.0006118371966294944,0.0009461210574954748,0.004361406434327364,0.056671835482120514,5.594282993115485e-05,0.0035389703698456287,0.0024249879643321037,0.005938293412327766,0.0016467729583382607,0.001238996279425919,0.00875973142683506,2.757318907242734e-05,0.029776014387607574,0.056764889508485794,0.046225737780332565,0.03229765221476555,0.0038989202585071325,0.020039360970258713,0.0048356978222727776,0.007191986311227083,0.005028528161346912,0.04142053425312042,0.6040209531784058,0.6588420867919922,0.02028612233698368,0.10309578478336334,0.0446028932929039,0.08704479038715363,2.08406095225655e-06,7.0705264079151675e-06,1.0,53.0
9.68453264249547e-07,0.4976225197315216,0.5993965864181519,0.00011723572970367968,0.002216618275269866,0.002512909471988678,0.0006411857320927083,1.1657444929369376e-06,5.755874212809431e-07,0.24625025689601898,0.31092333793640137,0.11727913469076157,0.1586802452802658,0.015011871233582497,0.22725799679756165,0.21223559975624084,0.02042432315647602,0.0998656377196312,0.0700242668390274,0.5275017619132996,0.22832730412483215,0.004140309523791075,0.001693396014161408,0.0014760162448510528,0.001725702197290957,0.1765795201063156,0.0008283225470222533,0.0009478142019361258,0.0006225227261893451,0.001823688275180757,0.007634269073605537,0.004997211042791605,0.06725696474313736,0.00041896835318766534,0.3076190650463104,0.2750694751739502,0.0015743767144158483,0.0030945984181016684,0.09765424579381943,0.0002596197300590575,0.0012863740557804704,0.00185107602737844,0.0005669477395713329,0.03741695359349251,0.47309842705726624,0.4789634943008423,0.14176702499389648,0.03840041905641556,0.25853174924850464,0.33326417207717896,2.0421462068043184e-06,2.007508328460972e-06,1.0,54.0
9.900674058371806e-07,0.004961918108165264,0.014909353107213974,0.06682787090539932,0.372681200504303,0.1447245329618454,5.375083492253907e-05,1.5156972494878573e-06,3.3035408364412433e-07,0.16011424362659454,0.18213845789432526,0.037505920976400375,0.0393497496843338,0.010447329841554165,0.2573932111263275,0.26403772830963135,0.016877589747309685,0.22972626984119415,0.23650924861431122,0.39193058013916016,0.3852703869342804,0.0050844233483076096,0.00436066510155797,0.0006417680997401476,0.00012857874389737844,0.0003024106554221362,4.17994633608032e-05,1.0185723112954292e-05,0.0006887911586090922,0.001984077040106058,0.005113346502184868,0.0037899217568337917,0.019285300746560097,0.0014953392092138529,0.008195375092327595,0.007754333317279816,0.0055265831761062145,0.013689091429114342,0.060124486684799194,0.00032314861891791224,0.00021642576029989868,0.00026497046928852797,0.006325890775769949,0.09419675171375275,0.7921693325042725,0.8394380807876587,0.09064136445522308,0.1011083573102951,0.2584458291530609,0.29827195405960083,1.4524184734909795e-05,1.8091020592692075e-06,0.0,55.0
6.624540560551395e-07,0.0007344913901761174,0.000540965935215354,0.3845616281032562,0.6803151369094849,0.5026384592056274,8.472223271382973e-06,6.907891929586185e-07,2.558123242124566e-07,0.014700892381370068,0.010703104548156261,0.12239032238721848,0.1507617086172104,0.057675570249557495,0.0580282025039196,0.06870290637016296,0.08016174286603928,0.07995237410068512,0.06653933972120285,0.13317014276981354,0.04354558512568474,0.04087984561920166,0.052666954696178436,2.0398074411787093e-05,0.007582865655422211,0.0197256188839674,3.67499451385811e-05,0.0026255263946950436,0.0003339737595524639,0.0005873119807802141,0.01317543350160122,0.014256534166634083,0.0033226879313588142,0.0037170120049268007,0.0005424604751169682,0.0004927616100758314,0.000603253545705229,0.0018803424900397658,0.7678028345108032,0.0003509732196107507,0.12169301509857178,0.012863327749073505,0.11722302436828613,0.032704710960388184,8.600886758358683e-07,6.72043483973539e-07,0.0001646336750127375,0.00042146717896685004,6.167083483887836e-05,8.338997577084228e-05,1.3020965070609236e-06,3.757834576845198e-07,1.0,56.0
1.4547973137268855e-07,0.0012671957956627011,0.0011938557727262378,0.39349737763404846,0.3257026672363281,0.24545638263225555,7.122793704184005e-06,3.5244309515292116e-07,8.064096732596227e-07,0.03862660378217697,0.021176965907216072,0.44676512479782104,0.41074225306510925,0.009408121928572655,0.6809688806533813,0.5904660820960999,0.00044332383549772203,0.010758958756923676,0.013286827132105827,0.03217776119709015,0.04025788605213165,0.022414762526750565,0.05653321370482445,9.334582136943936e-05,0.0006128314416855574,0.00516636623069644,0.0007312243105843663,8.364993846043944e-05,0.0020448355935513973,0.0013634018832817674,0.0001916126348078251,0.00017132093489635736,0.009631272405385971,0.00017493921041022986,0.006129386369138956,0.014135964214801788,0.019033018499612808,0.0025706947781145573,0.3733542263507843,0.03501322120428085,0.005366698373109102,0.016244567930698395,0.002105844672769308,0.026495564728975296,2.668921479198616e-05,1.0807278158608824e-05,0.0004321158630773425,0.00030992511892691255,0.0003819855337496847,0.00022141594672575593,2.8994354579481296e-05,2.46218860411318e-07,1.0,57.0
1.0051975323221995e-06,0.12225484102964401,0.03521491959691048,0.06852041184902191,0.012430701404809952,0.10928035527467728,0.0007605183636769652,1.0781189985209494e-06,1.4448592082771938e-06,0.09329420328140259,0.0673404410481453,0.04041310399770737,0.05644722655415535,0.1918979436159134,0.03929874673485756,0.048646230250597,0.21870076656341553,0.21272951364517212,0.17518606781959534,0.5270212888717651,0.1760299801826477,0.0074257324449718,0.012471117079257965,0.002040477702394128,0.0009473370155319571,0.3772791028022766,0.07800590991973877,0.0021376030053943396,0.09559489786624908,0.008678589947521687,0.00013506962568499148,0.00013907848915550858,0.007324619218707085,0.027254413813352585,0.48838117718696594,0.5507913827896118,0.04143806919455528,0.014360317029058933,0.0018038850976154208,2.9098450795572717e-06,0.0017341601196676493,0.004520189017057419,0.00013205379946157336,0.002451276406645775,0.32189494371414185,0.0965573787689209,0.02919355034828186,0.007835133001208305,0.0012593583669513464,0.00020834701717831194,5.7288771131425165e-06,3.152905719616683e-06,1.0,58.0
2.6307654934498714e-06,0.026740597561001778,0.03186986967921257,0.025575675070285797,0.09520214796066284,0.02004522830247879,0.0010761950397863984,2.8641259177675238e-06,1.1824322427855805e-06,0.22823943197727203,0.1613624542951584,0.2741665244102478,0.2690475881099701,0.12704840302467346,0.03959694504737854,0.05810169130563736,0.14402887225151062,0.053652018308639526,0.04433875530958176,0.5376140475273132,0.4171798527240753,0.005318379960954189,0.0029021366499364376,0.0035314771812409163,0.013476615771651268,0.2242072969675064,0.00027545870398171246,0.0013400933239609003,0.0022466913796961308,0.020913133397698402,0.14715741574764252,0.12369004637002945,0.0030504122842103243,1.3732413208344951e-05,0.4399433135986328,0.4233080744743347,0.009678032249212265,0.034447669982910156,0.0003105509968008846,0.001887237885966897,0.008802549913525581,0.024417299777269363,0.0023173759691417217,0.017738299444317818,0.08207564055919647,0.1346776932477951,0.2521231174468994,0.33754274249076843,0.25706973671913147,0.43884599208831787,2.8176546038594097e-06,1.1276737495791167e-05,1.0,59.0
6.008656328049256e-07,3.209375427104533e-05,9.083671102416702e-06,0.8781139850616455,0.8073118925094604,0.6067780256271362,2.4245890017482452e-05,7.022995305305813e-07,3.1530967703474744e-07,0.3756781220436096,0.2629718780517578,0.4700410068035126,0.45394328236579895,0.32037028670310974,0.018624065443873405,0.01008889265358448,0.31159698963165283,0.018799474462866783,0.01713944599032402,0.27800869941711426,0.24671471118927002,0.002124360529705882,0.002600806998088956,0.00020755629520863295,0.0008895534556359053,0.002231153193861246,3.09257629851345e-05,0.00021948471840005368,0.0061118947342038155,0.00272860424593091,0.009518671780824661,0.011933392845094204,0.0002994995447807014,0.000798029184807092,0.000613278360106051,0.000894566997885704,0.054186150431632996,0.044446248561143875,0.0017588614718988538,0.0007729738135822117,0.007147578988224268,0.004238769877701998,0.031759705394506454,0.024419721215963364,0.004668917041271925,0.0035241281148046255,0.0062712812796235085,0.01271045207977295,0.0022138708736747503,0.001796645112335682,5.315427642926807e-06,6.343846621348348e-07,1.0,60.0
3.454614670772571e-06,0.437824010848999,0.37473344802856445,0.001668837503530085,0.004578171297907829,0.0064156921580433846,0.0014825827674940228,2.855646243915544e-06,1.3950801758255693e-06,0.10636021941900253,0.11650676280260086,0.06992736458778381,0.08313007652759552,0.0011939354008063674,0.5758109092712402,0.6113489270210266,0.008958077058196068,0.1682233065366745,0.1443149447441101,0.707302451133728,0.4717603325843811,0.0072018601931631565,0.006337122060358524,0.003180091269314289,0.00027249602135270834,0.09519647806882858,0.001643323223106563,0.0019394460832700133,0.004979540593922138,0.009365861304104328,0.0016314750537276268,0.0011090654879808426,0.006988354958593845,0.0013057398609817028,0.21830564737319946,0.34985512495040894,0.024035146459937096,0.03499937057495117,0.002301890170201659,7.529543654527515e-05,0.00402531074360013,0.013452976010739803,0.0020087987650185823,0.010871676728129387,0.8888065218925476,0.8631711602210999,0.19325579702854156,0.044021978974342346,0.4691281318664551,0.4292486608028412,9.974244221666595e-07,6.5749204622989055e-06,0.0,61.0
1.7981624296226073e-06,0.018435509875416756,0.039045870304107666,0.01708279550075531,0.15488232672214508,0.12354312092065811,2.1292416931828484e-05,6.356433459586697e-06,8.292520305985818e-07,0.02149171568453312,0.014902905561029911,0.06641442328691483,0.011978479102253914,0.0013607065193355083,0.3200196623802185,0.6800468564033508,0.03104814887046814,0.16952642798423767,0.43622639775276184,0.041446320712566376,0.22224175930023193,0.023976776748895645,0.0511903278529644,0.0001048602644004859,0.002167854690924287,0.09166758507490158,0.004069219343364239,0.007646576501429081,0.0001818231539800763,0.0005696928128600121,0.042949896305799484,0.03288239240646362,0.007334048859775066,1.9893815988325514e-05,0.001802379498258233,0.002061543520539999,0.0022069381084293127,0.0005369663704186678,0.7111465930938721,0.03521638363599777,0.038364630192518234,0.003989813849329948,0.007474791724234819,0.013852231204509735,1.1148815246997401e-05,4.5491105993278325e-06,0.00517748249694705,0.001970381708815694,2.0049612430739217e-05,1.4388225281436462e-05,3.277143150626216e-06,1.9834560589515604e-06,1.0,62.0
4.178595816028974e-07,0.0006979379686526954,0.0013099426869302988,0.20772656798362732,0.662086009979248,0.282871812582016,2.2206591893336736e-05,3.458207231687993e-07,1.3283043642786652e-07,0.11086232215166092,0.05189887434244156,0.4964824318885803,0.4426164925098419,0.045947615057229996,0.12782205641269684,0.1103164553642273,0.02537660300731659,0.015114912763237953,0.010531704872846603,0.25132155418395996,0.06688754260540009,0.011080433614552021,0.008788184262812138,8.17569307400845e-05,0.00047426376841031015,0.004538062959909439,8.382897067349404e-05,0.00021330059098545462,0.0004900056519545615,0.002946580294519663,0.008297253400087357,0.009012337774038315,0.0014378478517755866,0.0005218026344664395,0.0030274076852947474,0.0014694815035909414,0.010651923716068268,0.0639425665140152,0.005794063676148653,0.0008681666222400963,0.005141037981957197,0.0016120861982926726,0.02699958346784115,0.06970434635877609,0.0007372224354185164,0.0011230229865759611,0.0025789986830204725,0.004155503585934639,0.00791335292160511,0.017508456483483315,4.561160949378973e-06,7.829173114259902e-07,1.0,63.0
3.127250920442748e-06,0.0005438639200292528,2.0299243260524236e-05,0.921633780002594,0.75562983751297,0.8881912231445312,0.00016526656690984964,8.45727299747523e-06,2.4101950657495763e-06,0.0030012698844075203,0.003569872584193945,0.03042094223201275,0.06545418500900269,0.9532595872879028,0.0006765704602003098,8.419388177571818e-05,0.9381840229034424,0.19161713123321533,0.10746194422245026,0.04803193733096123,0.007371733896434307,0.16016782820224762,0.24400846660137177,0.00023668783251196146,0.009408272802829742,0.7014111280441284,0.012747281230986118,0.0019616475328803062,0.008659003302454948,0.01886182278394699,0.011427342891693115,0.014438397251069546,0.08456936478614807,0.002077394863590598,0.039914827793836594,0.057555753737688065,0.0012421304127201438,0.00542808324098587,0.573633074760437,0.0006994491559453309,0.020301595330238342,0.007110822945833206,0.010968356393277645,0.0420696958899498,2.783206400636118e-05,3.41211271006614e-05,0.00017520197434350848,0.002365359803661704,0.0005988226039335132,0.0005342774093151093,9.842815416050144e-06,4.71904741061735e-06,1.0,64.0
1.1793296152973198e-06,0.01770084537565708,0.004560374189168215,0.15355154871940613,0.08317582309246063,0.20536407828330994,0.0014147157780826092,1.6936355677898973e-06,1.2718898005914525e-06,0.38055965304374695,0.3385908603668213,0.19334480166435242,0.21563489735126495,0.03517866134643555,0.12568047642707825,0.12142455577850342,0.04232914000749588,0.06860041618347168,0.07090596109628677,0.5827318429946899,0.3659837543964386,0.002587637398391962,0.001460730331018567,0.0065575167536735535,0.11652137339115143,0.19572068750858307,2.81811644526897e-05,0.0021155069116503,0.001425924594514072,0.013906962238252163,0.006890358403325081,0.005223445128649473,0.002622779458761215,9.484089241595939e-05,0.5967267751693726,0.5856326818466187,0.011009286157786846,0.022794120013713837,0.0011379517382010818,0.0003595156886149198,0.005706630181521177,0.032296307384967804,0.0004520466609392315,0.004289938602596521,0.1994992047548294,0.24579718708992004,0.1415051966905594,0.4913991391658783,0.02637387625873089,0.030700063332915306,3.770456032725633e-06,7.5892753557127435e-06,0.0,65.0
1.4476453316092375e-06,0.00014165265019983053,6.220945942914113e-05,0.7023142576217651,0.6265343427658081,0.611961305141449,0.00014414188626687974,2.6061113658215618e-06,2.123627382388804e-06,0.03298810124397278,0.014451274648308754,0.2855604588985443,0.40802261233329773,0.14470143616199493,0.3123989701271057,0.043239790946245193,0.00809225533157587,0.032339487224817276,0.0131076630204916,0.23906585574150085,0.054781753569841385,0.0378684364259243,0.0532572977244854,0.0004930485156364739,0.004059060011059046,0.48143720626831055,0.004295506980270147,0.0027064827736467123,0.0035096732899546623,0.0002567749470472336,0.26046115159988403,0.4212875962257385,0.004103141371160746,0.007380909286439419,0.03295651823282242,0.06457851827144623,0.006900441832840443,0.004793205764144659,0.010308724828064442,9.536593097436707e-06,0.011410580016672611,0.018501020967960358,0.004221340641379356,0.012698299251496792,0.00018445169553160667,9.849233174463734e-05,0.007982350885868073,0.05852422118186951,0.0033116021659225225,0.001451872056350112,1.236022035300266e-05,3.691666279337369e-06,1.0,66.0
8.109799978228693e-07,0.023207280784845352,0.01980302482843399,0.058783747255802155,0.11706607788801193,0.05429113656282425,0.0001751762320054695,1.4555596408172278e-06,6.328365316221607e-07,0.09292206913232803,0.05242573842406273,0.1492914855480194,0.16162177920341492,0.025462206453084946,0.04512960463762283,0.17030388116836548,0.11701512336730957,0.06379806995391846,0.05276570841670036,0.37003588676452637,0.24144168198108673,0.014245260506868362,0.007548126857727766,0.00301364972256124,0.0010563490213826299,0.0032722465693950653,4.9122958444058895e-05,6.993601709837094e-05,0.0005555442185141146,0.0178228672593832,0.005069870036095381,0.003186842892318964,0.002192780841141939,9.790763215278275e-06,0.12365838140249252,0.13806086778640747,0.016576534137129784,0.10541128367185593,0.001990681514143944,0.019348297268152237,0.0030733151361346245,0.0019611564930528402,0.003085680538788438,0.02275330387055874,0.11719535291194916,0.3142243027687073,0.08862029016017914,0.3232819437980652,0.046727824956178665,0.17806319892406464,5.247448370937491e-06,2.903020913436194e-06,0.0,67.0
8.249617735600623e-07,0.003153538564220071,0.0016208667075261474,0.24536168575286865,0.3314676880836487,0.25723496079444885,5.83284672757145e-05,6.064244075787428e-07,1.1038384855055483e-06,0.015729105100035667,0.00788322277367115,0.4510107934474945,0.44728609919548035,0.03006945550441742,0.14666259288787842,0.14774850010871887,0.015165278688073158,0.015107063576579094,0.01152015570551157,0.06391163170337677,0.023355994373559952,0.044855087995529175,0.051290106028318405,0.00019739495473913848,0.036610040813684464,0.28956571221351624,0.00013494488666765392,0.004449539352208376,0.002771674655377865,0.004622085951268673,0.0005265051731839776,0.0010256494861096144,0.013683284632861614,0.0013280123239383101,0.0517878420650959,0.07389158755540848,0.006336338818073273,0.016923613846302032,0.05431623384356499,0.0004543653049040586,0.020312750712037086,0.018033649772405624,0.004219284746795893,0.03274603188037872,5.179455547477119e-05,7.364567136391997e-05,6.661766383331269e-05,0.0033471304923295975,0.0018817739328369498,0.0019193891203030944,4.043468379677506e-06,1.983624542845064e-06,1.0,68.0
9.907342928272556e-07,0.01004374586045742,0.0009905758779495955,0.09986520558595657,0.40279456973075867,0.5761106014251709,1.3372169632930309e-05,1.5047585293359589e-06,2.2348123707160994e-07,0.1232399046421051,0.04876723513007164,0.23035962879657745,0.08382508903741837,0.01474673394113779,0.05960185453295708,0.20425046980381012,0.09552700072526932,0.030635390430688858,0.12177970260381699,0.12305732816457748,0.39992591738700867,0.005512866657227278,0.012209214270114899,1.7516333173261955e-05,0.007592445705085993,0.12095439434051514,0.0007052624714560807,0.014615959487855434,0.0007183747948147357,0.0016744437161833048,0.0008681397303007543,0.0008744813967496157,0.00506031047552824,0.0014405869878828526,0.0017510374309495091,0.0011921811383217573,0.000737198512069881,0.0017497902736067772,0.9330350756645203,0.0013816283317282796,0.1990073174238205,0.06399974226951599,0.02872408740222454,0.009950065053999424,2.254226956210914e-07,1.1461231963494356e-07,0.00015927813365124166,0.00010409146489109844,1.8321423340239562e-05,1.1489195458125323e-05,1.0033738817583071e-06,2.254863460393608e-07,1.0,69.0
8.633742822894419e-07,0.050516679883003235,0.07856402546167374,0.015782613307237625,0.12327926605939865,0.03913789242506027,9.847096407611389e-06,6.346654117805883e-07,2.136370795824405e-07,0.060330379754304886,0.013078377582132816,0.044167954474687576,0.03973061218857765,0.6757439374923706,0.0009076737915165722,0.005224770866334438,0.7261049151420593,0.16543342173099518,0.17007429897785187,0.2963692545890808,0.028889354318380356,0.025914745405316353,0.021186478435993195,0.00023096166842151433,0.002356364857405424,0.00020835000032093376,7.9621713666711e-06,5.348097147361841e-06,0.0005895660142414272,0.003246558830142021,0.12240570038557053,0.14376996457576752,0.0013980676885694265,0.00021410136832855642,0.0023192258086055517,0.001964789582416415,0.014960696920752525,0.09948860108852386,0.01373177021741867,0.0010944250971078873,0.0026771598495543003,0.0004175954672973603,0.030075998976826668,0.07802217453718185,0.0012352890335023403,0.0026342461351305246,0.006758777424693108,0.07719690352678299,0.00044468670967034996,0.000824232236482203,1.2239134775882121e-05,1.8932718148789718e-06,0.0,70.0
9.660282103141071e-07,0.018281161785125732,0.015576399862766266,0.0771893560886383,0.3521324396133423,0.19743716716766357,1.5215225175779779e-05,6.495159823316499e-07,2.5309714146715123e-07,0.12080947309732437,0.12478156387805939,0.020521746948361397,0.01863066665828228,0.0049677276983857155,0.3699174225330353,0.40033113956451416,0.005976365879178047,0.30055326223373413,0.27857547998428345,0.35356977581977844,0.22211360931396484,0.005535839591175318,0.00483305100351572,2.6436406187713146e-05,0.003395132254809141,0.03646175190806389,0.0003263486723881215,0.007147142663598061,0.0008888439042493701,0.00225779227912426,0.0005940591217949986,0.00024030034546740353,0.01110130175948143,0.0319952555000782,0.0006392286159098148,0.0010210726177319884,0.002296436345204711,0.0014108637114986777,0.9883979558944702,0.00029190501663833857,0.18278288841247559,0.05500013008713722,0.021146120503544807,0.005716181360185146,4.342488182373927e-07,9.460373462388816e-08,0.0008071869378909469,1.7690672393655404e-05,2.014731308008777e-06,1.979865373868961e-06,2.1224693682597717e-06,1.7350664904824953e-07,2.0,71.0
3.810512225754792e-06,0.4604124426841736,0.48323115706443787,0.002640346996486187,0.001612964435480535,0.0016559771029278636,4.462014840100892e-05,1.7005726249408326e-07,6.191457373461162e-07,0.1795349419116974,0.3218115270137787,0.03272397071123123,0.040134526789188385,0.06849987059831619,0.06376898288726807,0.057667333632707596,0.06880634278059006,0.2457285374403,0.2720237374305725,0.526942253112793,0.6168611645698547,0.0023267229553312063,0.0005525297019630671,5.005848652217537e-05,0.003488141344860196,0.08061982691287994,0.0001511153968749568,0.005611845757812262,0.00950239785015583,0.0013764635659754276,0.002591430675238371,0.005128495395183563,0.00042605321505106986,0.03749893605709076,0.00399387301877141,0.006924713496118784,0.0055768173187971115,0.010148555971682072,0.05551004782319069,5.39789243703126e-06,0.3497026264667511,0.08496720343828201,0.03274795785546303,0.005583260208368301,1.1063384590670466e-05,8.478132258460391e-06,0.00010220468539046124,0.004124931991100311,6.119070894783363e-05,6.98967560310848e-05,4.84394263366994e-07,6.440583888434048e-07,1.0,72.0
9.19414787858841e-07,1.305509613303002e-05,1.0765916158561595e-05,0.9523260593414307,0.9333581328392029,0.9040390849113464,0.00043268961599096656,3.3319452086288948e-06,2.0784516436833655e-06,0.06979950517416,0.17124073207378387,0.38836872577667236,0.40968072414398193,0.014374875463545322,0.3462534546852112,0.34242936968803406,0.008039262145757675,0.022164739668369293,0.01612897217273712,0.059101540595293045,0.10818028450012207,0.02526438981294632,0.0072867353446781635,0.0014608477940782905,0.003307891311123967,0.21413902938365936,0.0025025869254022837,0.000765488890465349,0.004982499405741692,0.009007245302200317,0.053264208137989044,0.06169121712446213,0.006492909509688616,0.07350672036409378,0.5475256443023682,0.36261528730392456,0.013989833183586597,0.08803803473711014,0.002693304792046547,2.0373590814415365e-06,0.03963581845164299,0.017690474167466164,0.003701185341924429,0.04059643670916557,0.00458311103284359,0.004900738596916199,0.010126329958438873,0.018862737342715263,0.015720773488283157,0.01879931427538395,9.089476407098118e-06,4.3759764594142325e-06,1.0,73.0
1.158035729531548e-06,0.0006321761175058782,0.005600011441856623,0.17978692054748535,0.6470932364463806,0.17107939720153809,0.00010750249930424616,9.947058288162225e-07,7.374445658570039e-07,0.02029596082866192,0.04455209895968437,0.013253365643322468,0.07247768342494965,0.44290691614151,0.0032193991355597973,0.012920205481350422,0.5443770885467529,0.4235639274120331,0.1959707885980606,0.3639524281024933,0.11020912975072861,0.03994974121451378,0.014559252187609673,0.0004567948344629258,0.0008907124865800142,0.001056417590007186,1.1150729733344633e-05,4.623970380635001e-05,0.007239515893161297,0.036323145031929016,0.03242887556552887,0.02264508605003357,0.00019410411186981946,2.5975852622650564e-05,0.002793332329019904,0.0028139264322817326,0.11703130602836609,0.1933647096157074,0.0002847363939508796,0.009443012997508049,0.013872972689568996,0.007782675325870514,0.026877490803599358,0.009203849360346794,0.45662251114845276,0.5083113312721252,0.08198892325162888,0.1639150083065033,0.001508173649199307,0.0022632847540080547,2.6581760721455794e-06,3.5060268146480666e-06,0.0,74.0
1.4195884432410821e-06,0.0011396571062505245,0.0012235298054292798,0.448354035615921,0.44551795721054077,0.1837422251701355,0.0004890241543762386,1.1094710998804658e-06,2.130368102370994e-06,0.0171384084969759,0.004779710900038481,0.010338564403355122,0.013452141545712948,0.32935383915901184,0.01792990043759346,0.006019412539899349,0.31852561235427856,0.5054603815078735,0.5049251317977905,0.16188369691371918,0.019182700663805008,0.07064229995012283,0.06841598451137543,0.0023306389339268208,0.0005267938249744475,0.34633946418762207,0.02819690853357315,0.007141706999391317,0.02945880964398384,0.029423117637634277,0.0004967469139955938,0.0009042843012139201,0.004820538219064474,4.353286840341752e-06,0.5019711256027222,0.6676487922668457,0.00855928473174572,0.0342041477560997,0.008982121013104916,0.11263059079647064,0.0037177398335188627,0.009901028126478195,0.0003005386679433286,0.0022349755745381117,0.00296672061085701,0.010351814329624176,0.00038720807060599327,0.0679025873541832,0.0007340334123000503,0.000632965296972543,1.0579135050647892e-05,3.1076915547600947e-06,0.0,75.0
1.261638828964351e-07,4.493301094044e-05,0.00038631525239907205,0.6500262022018433,0.8856135010719299,0.7487447261810303,4.8426671128254384e-05,8.886688647180563e-07,1.1499960237415507e-05,0.037599384784698486,0.01895745098590851,0.10485441237688065,0.08949999511241913,0.0007434705039486289,0.914016604423523,0.9303810000419617,0.0006288706208579242,0.11526314169168472,0.13694067299365997,0.1900682896375656,0.0988057404756546,0.029783234000205994,0.056202784180641174,0.0014997292309999466,6.973132258281112e-05,0.0010077001061290503,0.0008271560654975474,2.196310379076749e-05,0.01310538500547409,0.0031897833105176687,0.016145341098308563,0.012996850535273552,0.0005050366162322462,0.023508472368121147,0.0053625330328941345,0.01250199694186449,0.046891022473573685,0.02074982039630413,0.0032515793573111296,3.0706510187883396e-06,0.007893657311797142,0.004911246709525585,0.001194874639622867,0.002327379072085023,0.04606574401259422,0.014622821472585201,0.945591390132904,0.693434476852417,0.00012382490967866033,9.610837878426537e-05,1.2728791261906736e-05,3.9442883803531004e-07,0.0,76.0
3.961285699460859e-07,5.69065596209839e-05,8.702285413164645e-05,0.6904299259185791,0.8676083087921143,0.6367729902267456,0.000516072497703135,1.380594198963081e-06,1.2885673186247004e-06,0.030036240816116333,0.05278444662690163,0.3381583094596863,0.3154720366001129,0.29322782158851624,0.01810557208955288,0.023451490327715874,0.3063155710697174,0.04327717795968056,0.028054477646946907,0.2389618456363678,0.08815528452396393,0.0659918487071991,0.014455629512667656,0.0036398146767169237,0.5022273063659668,0.5328332781791687,5.3269432100933045e-05,0.0004287130432203412,0.00298792845569551,0.030808573588728905,0.08527924865484238,0.14548556506633759,0.011124242097139359,0.0001092572056222707,0.7252866625785828,0.6748803853988647,0.0009924434125423431,0.026697224006056786,0.002840126631781459,0.00040331712807528675,0.001991154160350561,0.015959924086928368,0.0013641241239383817,0.008549530990421772,0.0008228063816204667,0.0031884321942925453,0.003183418419212103,0.3115413188934326,0.03249018266797066,0.09198584407567978,2.3202232114272192e-05,9.404954653291497e-06,1.0,77.0
1.9200572296540486e-06,0.03458403795957565,0.12922880053520203,0.00283871591091156,0.07926899939775467,0.05322040244936943,1.0017094609793276e-05,6.220670343282109e-07,1.5002449345047353e-06,0.344841867685318,0.1052820086479187,0.14606378972530365,0.06553072482347488,0.011732117272913456,0.37312257289886475,0.3865908086299896,0.015373011119663715,0.09998898208141327,0.20022688806056976,0.17977680265903473,0.6016010046005249,0.001252444228157401,0.009921053424477577,3.9732829463901e-05,2.7807336664409377e-05,0.008621593937277794,0.012891745194792747,0.00032714399276301265,0.003313562134280801,0.0024540515150874853,0.006755955051630735,0.015622244216501713,0.00010124852997250855,0.0029864415992051363,0.0009260789956897497,0.0012344674905762076,0.012335943058133125,0.014191940426826477,0.03607942536473274,0.00015645679377485067,0.2183346450328827,0.12089905887842178,0.06718169152736664,0.006940632592886686,1.4344916962727439e-05,1.3679449693881907e-05,0.0002733891305979341,0.02834278531372547,1.6709849660401233e-05,2.57768824667437e-05,2.155819402105408e-06,9.413213319930946e-07,2.0,78.0
2.887176151489257e-07,5.7072145864367485e-05,6.270463927648962e-05,0.7093413472175598,0.7641565799713135,0.5902391672134399,4.858919055550359e-06,2.3492037826144951e-07,2.978825079935632e-07,0.35541388392448425,0.22528813779354095,0.39399999380111694,0.36601606011390686,0.027263877913355827,0.2898048460483551,0.2805546820163727,0.005332744214683771,0.019818905740976334,0.02094978280365467,0.24419023096561432,0.35002845525741577,0.0021493614185601473,0.0030116115231066942,2.9949187592137605e-05,0.000993521767668426,0.0027800523675978184,7.559703954029828e-05,0.0003779766848310828,0.005994102451950312,0.0013795640552416444,0.00024737551575526595,0.0004264400922693312,0.001004127785563469,0.0016036791494116187,0.00021383512648753822,0.0003512286057230085,0.022716308012604713,0.009208646602928638,0.1369512677192688,0.0030055504757910967,0.008315219543874264,0.0074020083993673325,0.026000194251537323,0.01462748646736145,7.105665281414986e-05,4.222232382744551e-05,0.00032145160366781056,0.001633823849260807,0.00011410356819396839,0.00014139097766019404,7.000018285907572e-06,1.642803084678235e-07,1.0,79.0
7.722803729848238e-07,0.0044521670788526535,0.001484246226027608,0.5024642944335938,0.13852998614311218,0.17939098179340363,8.711831469554454e-06,3.228864784432517e-07,4.956028760716435e-07,0.01759335584938526,0.022656919434666634,0.10442999005317688,0.10481056571006775,0.0061159455217421055,0.4665372669696808,0.44828251004219055,0.0025972879957407713,0.07547319680452347,0.0874561220407486,0.05534311383962631,0.0907793790102005,0.042749881744384766,0.04052828252315521,2.2692558559356257e-05,0.0007889381377026439,0.003488431219011545,0.00011194818216608837,9.756931103765965e-05,0.004041198641061783,0.04641808196902275,0.0003414115635678172,0.00036207406083121896,0.0004185398283880204,0.00037008500657975674,0.0008222511387430131,0.0007163648260757327,0.05228995531797409,0.13557404279708862,0.03260055556893349,0.012880614958703518,0.11315259337425232,0.04496782645583153,0.15988603234291077,0.027021294459700584,5.0623515562620014e-05,6.236710760276765e-05,0.0001740442676236853,0.0005348919075913727,7.19024901627563e-05,0.00012668351700995117,3.468340764811728e-06,2.6452053702996636e-07,1.0,80.0
9.557802513882052e-07,0.00020473556651268154,0.0010707699693739414,0.3412556052207947,0.4942454695701599,0.5313652753829956,5.232880994299194e-06,5.645061946779606e-07,1.7641665408518747e-06,0.039898719638586044,0.04131476581096649,0.18383802473545074,0.22318096458911896,0.010512462817132473,0.43155398964881897,0.44316768646240234,0.01710885763168335,0.056198976933956146,0.04168785363435745,0.09181984513998032,0.042284395545721054,0.022719716653227806,0.026999827474355698,3.2608528272248805e-05,7.06454593455419e-05,0.0004150282184127718,0.0025201220996677876,1.9155186237185262e-05,0.012039972469210625,0.0007833499694243073,0.0003713907499331981,0.0011586351320147514,0.002939910162240267,2.07847187994048e-05,0.00015247306146193296,0.0008390963193960488,0.05735418200492859,0.0034842484164983034,0.42736026644706726,0.2825511693954468,0.009502466768026352,0.0012168069370090961,0.2202463001012802,0.13263338804244995,0.00011489271855680272,7.413757703034207e-05,4.7727367928018793e-05,0.025354908779263496,0.0006360903498716652,0.00019538796914275736,5.805095861433074e-05,5.266511493573489e-07,2.0,81.0
7.236799319798592e-07,0.000175530047272332,0.0015323171392083168,0.209746852517128,0.7443054914474487,0.3154489994049072,5.196470010560006e-05,1.0324831691832514e-06,2.4169921744032763e-06,0.008622718043625355,0.0026282009202986956,0.2555551528930664,0.24421410262584686,0.031376052647829056,0.1459042727947235,0.1282903105020523,0.023891586810350418,0.03755195811390877,0.04451821371912956,0.03908376023173332,0.028805488720536232,0.09650224447250366,0.1814584583044052,0.000153256522025913,0.029391121119260788,0.2888525128364563,0.00033029128098860383,0.005168831907212734,0.0002300888445461169,0.002882302040234208,0.025954201817512512,0.05426647514104843,0.0007206715526990592,0.0001592328626429662,0.04752247408032417,0.0368012860417366,0.0015007478650659323,0.015991421416401863,0.05045756697654724,0.0015612764982506633,0.13012303411960602,0.11731230467557907,0.014140555635094643,0.006215122062712908,1.5517904330408783e-06,2.536950660214643e-06,0.00012627911928575486,0.026141777634620667,0.00011509963951539248,0.00020503875566646457,4.464068297238555e-06,2.27150485443417e-06,1.0,82.0
2.4637322439957643e-06,0.04974982514977455,0.12701410055160522,0.0023663837928324938,0.10061198472976685,0.03004206158220768,0.0004470677231438458,1.6267151750071207e-06,7.434446160914376e-07,0.5273357629776001,0.534229040145874,0.5788323879241943,0.5949751734733582,0.03558997064828873,0.044942330569028854,0.1275636851787567,0.1249334067106247,0.020377477630972862,0.008219082839787006,0.7540850639343262,0.3062642216682434,0.002948110457509756,0.00037402036832645535,0.002393953036516905,0.0017436722991988063,0.0036624642089009285,4.802674084203318e-05,0.00016601996321696788,0.001634208019822836,0.004856667947024107,0.06759374588727951,0.05121484026312828,0.002024967223405838,2.6457946660229936e-05,0.030772358179092407,0.05293237417936325,0.027774998918175697,0.021044448018074036,0.002999820513650775,0.0038370611146092415,0.008088196627795696,0.002367848763242364,0.006215378642082214,0.022555844858288765,0.48019373416900635,0.4386453926563263,0.19201764464378357,0.2536647617816925,0.01633712276816368,0.021061966195702553,4.658405941881938e-06,8.061151675065048e-06,2.0,83.0
6.66850496600091e-07,0.0005338441696949303,0.007915468886494637,0.2688600718975067,0.7367405891418457,0.1911899745464325,1.1753329090424813e-05,2.3598718712491973e-07,2.133432843720584e-07,0.010983392596244812,0.04695352911949158,0.034088581800460815,0.03195428103208542,0.0009713753825053573,0.662224531173706,0.6166155338287354,0.003165685571730137,0.17885252833366394,0.18963375687599182,0.046915385872125626,0.1220155581831932,0.052605874836444855,0.00862482562661171,4.620637992047705e-05,0.0007762893219478428,0.005442769266664982,0.00018832838395610452,0.0007433826103806496,0.00015988497762009501,0.005582327954471111,0.0024940238799899817,0.0011954575311392546,0.0010898063192144036,0.0005094754160381854,0.0005192271200940013,0.00029363640351220965,0.008293825201690197,0.018636925145983696,0.1316169947385788,0.005334740504622459,0.018293729051947594,0.004786702338606119,0.024697626009583473,0.019486064091324806,3.613269291236065e-05,3.531207039486617e-05,0.0023153077345341444,0.0004020651103928685,3.958808520110324e-05,0.0001359324814984575,3.299461241113022e-06,2.7879372055394924e-07,1.0,84.0
2.675585051292728e-07,2.468483398843091e-05,1.3473091939886217e-06,0.9850269556045532,0.9176785945892334,0.9364692568778992,1.3150161976227537e-05,3.125246053059527e-07,1.9945337044191547e-06,0.0032762116752564907,0.0012403854634612799,0.6284734010696411,0.7209924459457397,0.08509285748004913,0.5158154964447021,0.09853581339120865,0.002757818903774023,0.005959905218333006,0.0021386423613876104,0.011387116275727749,0.007346007507294416,0.2438853681087494,0.3318193554878235,8.177923155017197e-05,0.0029307466465979815,0.0064201862551271915,0.0001238790136994794,0.000420025666244328,0.011043980717658997,0.006496780086308718,5.030339889344759e-05,9.0959612862207e-05,0.00431564636528492,0.013577109202742577,0.0022772543597966433,0.002342612948268652,0.013869288377463818,0.014365778304636478,0.3006647527217865,0.0009446897893212736,0.0358060784637928,0.024519316852092743,0.01082452293485403,0.008779610507190228,5.032676926930435e-05,3.313737761345692e-05,6.916884740348905e-05,0.000445274607045576,0.0003646555996965617,0.00020163510635029525,8.490406798955519e-06,1.353869976128408e-07,1.0,85.0
1.0476578609086573e-06,0.015279799699783325,0.023257022723555565,0.04596346244215965,0.15438811480998993,0.13671861588954926,0.0004393101262394339,8.500283001922071e-06,2.784140178846428e-06,0.18669724464416504,0.1600128561258316,0.19501012563705444,0.2213316708803177,0.4578053653240204,0.005903435871005058,0.011904378421604633,0.5093917846679688,0.07714628428220749,0.06492873281240463,0.2827225625514984,0.2845233380794525,0.006820361595600843,0.009522439911961555,0.003054393921047449,0.00027088975184597075,0.02009449154138565,0.0007513232412748039,0.0002554100938141346,0.0010263377334922552,0.0012392658973112702,0.0037832017987966537,0.0029034095350652933,0.07288257032632828,0.001085589057765901,0.3024733066558838,0.5291804075241089,0.01696726121008396,0.02878996543586254,0.028482552617788315,0.00026806106325238943,0.0009351746994070709,0.001859232084825635,0.0016405187780037522,0.02190236561000347,0.9001007676124573,0.9038392305374146,0.42345988750457764,0.26796501874923706,0.8515284061431885,0.8449274897575378,4.978639026376186e-06,5.924471224716399e-06,0.0,86.0
9.487964689469663e-07,0.008622339926660061,0.0019391857786104083,0.3066529333591461,0.2230619639158249,0.2823105454444885,1.5109697415027767e-05,1.4536799426423386e-06,2.456266656736261e-07,0.2544075846672058,0.09596777707338333,0.04709622263908386,0.042572446167469025,0.17916691303253174,0.02234967052936554,0.020149430260062218,0.19367879629135132,0.22761225700378418,0.22163386642932892,0.5535351037979126,0.360054612159729,0.0032806836534291506,0.007230760995298624,8.628527575638145e-05,0.0019214327912777662,0.015761828050017357,0.00025744468439370394,0.0011084491852670908,0.002423772821202874,0.0012020241701975465,0.002466166391968727,0.004051185213029385,0.017504870891571045,5.211665848037228e-05,0.007388662081211805,0.009098382666707039,0.000987907755188644,0.0017262822948396206,0.8685507774353027,0.02251388691365719,0.04261811450123787,0.008841205388307571,0.01076759584248066,0.014010862447321415,2.597124876047019e-06,2.2721526420355076e-06,0.0001003812940325588,0.0014672436518594623,3.786067827604711e-05,4.0595041355118155e-05,3.936997018172406e-06,1.0695565606511082e-06,1.0,87.0
9.332942454420845e-07,0.003641522256657481,0.002845300827175379,0.027207519859075546,0.4317135214805603,0.2888871729373932,1.7708682207739912e-05,2.8269596441532485e-07,2.433022814329888e-07,0.023251745849847794,0.029871104285120964,0.017170993611216545,0.019357850775122643,0.016497556120157242,0.18239769339561462,0.1998012363910675,0.01432193722575903,0.371221661567688,0.3735601305961609,0.45809972286224365,0.29780682921409607,0.02329345978796482,0.017318619415163994,4.7367353545269e-05,0.0015419326955452561,0.03975875675678253,0.0003151558630634099,0.007238203193992376,0.003062623320147395,0.006261007860302925,2.8922107958351262e-05,4.1870596760418266e-05,0.008518806658685207,0.0016523324884474277,0.002160940319299698,0.002023924607783556,0.006613659206777811,0.020172690972685814,0.36045628786087036,0.001706753741018474,0.035251203924417496,0.03426401689648628,0.005900355521589518,0.006990976165980101,1.3345619663596153e-05,1.8231765352538787e-05,2.9849534257664345e-05,0.00038755705463699996,1.1322827049298212e-05,1.8265563994646072e-05,1.0164062587136868e-06,2.9535868861785275e-07,1.0,88.0
4.675879665683169e-07,0.0012676018523052335,0.0033371318131685257,0.16682356595993042,0.5993459820747375,0.03504810109734535,0.0016493243165314198,2.1454004581755726e-06,4.800909891855554e-07,0.20490695536136627,0.32988110184669495,0.49965712428092957,0.4393746256828308,0.07326860725879669,0.2556060552597046,0.13968627154827118,0.025128556415438652,0.03286084532737732,0.020564701408147812,0.2662350833415985,0.28106358647346497,0.011064817197620869,0.002210387960076332,0.012209110893309116,0.0007482728688046336,0.36574509739875793,0.14091773331165314,0.00011581448779907078,0.031029710546135902,0.037514276802539825,0.0023731195833534002,0.004317931365221739,0.024935169145464897,0.0001229306944878772,0.942887008190155,0.9511730670928955,0.0044938032515347,0.03290179371833801,0.001705515431240201,0.00019521848298609257,0.002638973528519273,0.012510652653872967,0.00025066573289223015,0.00909047294408083,0.3083707094192505,0.6187548637390137,0.004029510542750359,0.4540967643260956,0.012868579477071762,0.03904111310839653,1.930928738147486e-05,6.86492103341152e-06,0.0,89.0
4.60612318420317e-06,0.02883184142410755,0.10891307145357132,0.019598770886659622,0.07294419407844543,0.018694346770644188,0.000867854047100991,1.5531495591858402e-06,1.368363200526801e-06,0.14397352933883667,0.10361665487289429,0.1997966468334198,0.20588478446006775,0.102023184299469,0.02195340394973755,0.047195907682180405,0.17451134324073792,0.04751801863312721,0.03388024866580963,0.38370442390441895,0.18868592381477356,0.006448997650295496,0.005451947450637817,0.0013747592456638813,0.0038312221877276897,0.02457292191684246,2.9513434128602967e-05,0.0007683325675316155,0.006008592434227467,0.02422262914478779,0.0050538331270217896,0.003656812012195587,0.0010351421078667045,0.0003414616803638637,0.11306381225585938,0.12156062573194504,0.10246671736240387,0.2384551465511322,0.00046544085489585996,0.0006037343991920352,0.05917353928089142,0.03455444052815437,0.018501847982406616,0.04062495008111,0.4639372229576111,0.5016835927963257,0.029770849272608757,0.03220002353191376,0.24844537675380707,0.41439780592918396,1.3699130931854597e-06,8.562947186874226e-06,2.0,90.0
4.495759071687644e-07,0.008270693942904472,0.0019996243063360453,0.36417070031166077,0.2450152337551117,0.3476981222629547,1.0364500667492393e-05,6.966148902165514e-08,3.443493312715873e-07,0.05590400844812393,0.007562006823718548,0.32585692405700684,0.30672159790992737,0.030366912484169006,0.16053573787212372,0.1515350639820099,0.015489599667489529,0.014326980337500572,0.019963758066296577,0.05410473793745041,0.05474467948079109,0.01446530595421791,0.06786476075649261,4.406568768899888e-05,0.008450783789157867,0.0007353454711847007,5.9867716117878444e-06,2.5145533072645776e-05,0.12143275141716003,0.13850365579128265,4.766121037391713e-06,3.952051883970853e-06,0.001071091741323471,0.013186678290367126,0.00030623868224211037,0.00036305756657384336,0.10282403975725174,0.029315214604139328,0.04084635525941849,0.0012840861454606056,0.004146381746977568,0.006006988696753979,0.05187258869409561,0.06338682025671005,0.0013364659389480948,0.0006473875255323946,0.0003104968345724046,3.587124956538901e-05,0.0017874286277219653,0.001985844224691391,5.9065428104077e-06,1.4487125099549303e-07,1.0,91.0
8.329486718139378e-07,0.0013032786082476377,0.0009021693840622902,0.5383592844009399,0.7304934859275818,0.688729465007782,1.5977830116753466e-05,4.226920395922207e-07,2.108982926074532e-06,0.001755648641847074,0.0007367911748588085,0.23203949630260468,0.2329571396112442,0.06171416863799095,0.08797446638345718,0.06291542202234268,0.05968489125370979,0.03688645735383034,0.0220502819865942,0.009974907152354717,0.0034100422635674477,0.3171917200088501,0.3944813311100006,2.9089960662531666e-05,0.011039352044463158,0.11789853870868683,0.0015613611321896315,0.0055567058734595776,0.005977008957415819,0.001925201271660626,1.856054223026149e-05,4.7843710490269586e-05,0.03197325021028519,0.0049298531375825405,0.003106017131358385,0.005857133772224188,0.000247686606599018,0.0005902368575334549,0.9970394968986511,0.006921189837157726,0.33903276920318604,0.2680802643299103,0.01721288077533245,0.006327506620436907,1.0148935913889545e-08,7.39684846706723e-09,6.140099912954611e-07,4.447634273674339e-05,1.9850227545248345e-05,1.1754136721719988e-05,5.818365934828762e-06,2.2908572816504602e-07,1.0,92.0
1.302584138329621e-07,0.0003528233792167157,0.0036212706472724676,0.1460605263710022,0.7944561839103699,0.12625843286514282,0.00010120547085534781,3.86215276648727e-07,7.557170533800672e-08,0.08428030461072922,0.08966188877820969,0.026350073516368866,0.04580492526292801,0.4929628372192383,0.00549848610535264,0.00964412558823824,0.5511375665664673,0.26955902576446533,0.2231142818927765,0.45153889060020447,0.0601830892264843,0.02258116565644741,0.0031727487221360207,0.00045262553612701595,0.757183313369751,0.22184047102928162,1.3513302292267326e-05,0.0002924947766587138,0.0003595667949412018,0.010720199905335903,0.0025646728463470936,0.0011475523933768272,0.09016720950603485,0.0787644311785698,0.43074125051498413,0.1943892240524292,0.0003222306550014764,0.02450529858469963,0.3509669303894043,2.3132929527491797e-06,0.010963749140501022,0.004782456438988447,0.011457035318017006,0.10598573833703995,1.2506083294283599e-05,3.0992574465926737e-05,0.00030735458130948246,0.00033437422825954854,0.014114290475845337,0.03677782788872719,2.6789655294123804e-06,6.67648464514059e-07,1.0,93.0
2.8373065106279682e-06,0.0367620512843132,0.09939202666282654,0.008110514841973782,0.13620032370090485,0.04416954517364502,0.0011053322814404964,1.466123990212509e-06,2.156798245778191e-06,0.04366700351238251,0.03608958050608635,0.01913311332464218,0.029379701241850853,0.0035033002495765686,0.4921279549598694,0.47903934121131897,0.007855680771172047,0.4268634617328644,0.3568018972873688,0.505929172039032,0.12371879816055298,0.032691292464733124,0.01751447096467018,0.0070787640288472176,0.012184715829789639,0.06922350823879242,6.574038707185537e-05,0.0009325618739239872,0.004398272838443518,0.009842785075306892,0.0001195968798128888,0.00010999092774000019,0.03669598698616028,0.00030683897784911096,0.31240683794021606,0.5136537551879883,0.028993681073188782,0.04632703214883804,0.004089654423296452,0.0014167940244078636,0.0006195000023581088,0.01704135350883007,0.00030574481934309006,0.00796443596482277,0.9179974794387817,0.9306433796882629,0.02939884178340435,0.1344951093196869,0.20980940759181976,0.21929942071437836,5.415377017925493e-06,9.561682418279815e-06,0.0,94.0
6.202922122611199e-07,0.207726389169693,0.2847192585468292,0.0007871291018091142,0.009601091034710407,0.004389528185129166,0.00025115255266427994,2.464852855155186e-07,1.0992771422024816e-06,0.0043520075269043446,0.002745909383520484,0.06645394116640091,0.08018523454666138,0.006293097510933876,0.2850765585899353,0.2845107614994049,0.014636899344623089,0.15246787667274475,0.14067992568016052,0.06770195811986923,0.020554590970277786,0.15150229632854462,0.1400763988494873,0.0004939544596709311,0.03500082716345787,0.3654650151729584,0.0012987588997930288,0.0013108436251059175,0.006390618160367012,0.05376935377717018,0.0002501054259482771,0.00012021887232549489,0.009083233773708344,0.0005400169757194817,0.2744835317134857,0.2785348892211914,0.004576211329549551,0.004446601960808039,0.0560830794274807,0.001493726740591228,0.016091031953692436,0.05576617643237114,0.002156942617148161,0.0352809838950634,8.097205136436969e-05,4.9244059482589364e-05,0.0006588221876882017,5.408359720604494e-05,0.001351511455141008,0.0023618394043296576,2.1776895664515905e-06,1.1523598004714586e-06,1.0,95.0
2.3514412532676943e-06,0.19361191987991333,0.1610194593667984,0.0004215955559629947,0.023098716512322426,0.01802448369562626,0.0009946589125320315,7.151041927500046e-07,6.958818516977772e-07,0.05571196973323822,0.025413626804947853,0.015279886312782764,0.011986682191491127,0.02236870862543583,0.16620124876499176,0.16569927334785461,0.01495061069726944,0.4693407118320465,0.45384564995765686,0.6229245066642761,0.34093549847602844,0.017160816118121147,0.015217448584735394,0.0013125076657161117,0.018435586243867874,0.5347778797149658,0.0016360420268028975,0.0013155381893739104,0.11806417256593704,0.056729115545749664,4.023464862257242e-05,5.0058057240676135e-05,0.05219968035817146,0.0016026145312935114,0.4442586302757263,0.4875178933143616,0.008774698711931705,0.01297929510474205,0.0357082299888134,0.0001878943294286728,0.0005873453337699175,0.004869434051215649,0.0005744926165789366,0.041610389947891235,0.27340543270111084,0.2940472364425659,0.0006334692589007318,0.002241081092506647,0.03963283449411392,0.04294716939330101,3.5879954793927027e-06,4.281853762222454e-06,1.0,96.0
1.545802479085978e-05,0.566604733467102,0.6780756115913391,0.0003859037533402443,0.003860707627609372,0.0004934212774969637,0.0017188721103593707,2.5655531317170244e-06,1.5330681435443694e-06,0.17506751418113708,0.16817346215248108,0.22082175314426422,0.18976452946662903,0.006885827984660864,0.4916033148765564,0.4868585467338562,0.011671198531985283,0.07328957319259644,0.08862001448869705,0.5406720638275146,0.5976427793502808,0.008391734212636948,0.0034208130091428757,0.005276912357658148,0.004407831467688084,0.07211370766162872,9.55271752900444e-05,0.005068318452686071,0.007193130441009998,0.05068975314497948,0.013854322955012321,0.011820849031209946,0.0031029507517814636,4.431331035448238e-06,0.18736743927001953,0.24864637851715088,0.07399692386388779,0.1377495378255844,0.00034204652183689177,0.03687285631895065,0.03526783362030983,0.07379483431577682,0.009143867529928684,0.006102699786424637,0.8403741121292114,0.9002682566642761,0.057135406881570816,0.14134515821933746,0.5776211023330688,0.7540590763092041,8.343956778844586e-07,1.0544787983235437e-05,0.0,97.0
4.996276743440831e-07,0.11456476151943207,0.04187900573015213,0.0012813161592930555,0.06206269562244415,0.03657592087984085,4.223690484650433e-05,9.948008283799936e-08,3.1941144840175184e-08,0.13103830814361572,0.22670120000839233,0.15225917100906372,0.1989692747592926,0.023100735619664192,0.11718805134296417,0.1752794086933136,0.05964425206184387,0.06012550741434097,0.039735354483127594,0.5119317173957825,0.33577799797058105,0.008499770425260067,0.0010709994239732623,0.0002450295723974705,0.010882891714572906,0.002160815056413412,1.8073534420182114e-06,4.974185139872134e-05,0.0005645982455462217,0.007487799972295761,0.024057487025856972,0.02660035714507103,0.0006925386842340231,0.0028206598944962025,0.010829727165400982,0.004452934488654137,0.015413209795951843,0.3081745505332947,0.0015715042827650905,1.900222741824109e-05,0.004864032845944166,0.0009889821521937847,0.0332636795938015,0.047025494277477264,0.0022305981256067753,0.0033822942059487104,0.004325615707784891,0.011501280590891838,0.005957724526524544,0.01204768754541874,1.7135636198872817e-06,1.1141427194161224e-06,0.0,98.0
1.8924577034340473e-06,0.013657746836543083,0.00620235875248909,0.031216522678732872,0.25828853249549866,0.4383944571018219,0.0008201476885005832,8.614903890702408e-06,1.9406331830396084e-06,0.09519433975219727,0.04693269357085228,0.0968249961733818,0.10761811584234238,0.10854922980070114,0.01367968786507845,0.0581677109003067,0.3190518021583557,0.11221190541982651,0.10554253309965134,0.3627992868423462,0.23454658687114716,0.00819613877683878,0.023753760382533073,0.0007265183958224952,0.006817570887506008,0.3820856809616089,0.001004383317194879,0.0020334976725280285,0.00865734089165926,0.003197989659383893,0.0003652464074548334,0.00040404830360785127,0.05442172661423683,0.0086436215788126,0.15340028703212738,0.17614656686782837,0.011424687691032887,0.015668097883462906,0.018425896763801575,4.045457171741873e-05,0.0004169403400737792,0.0023750257678329945,0.0005914315115660429,0.040207285434007645,0.931130588054657,0.9019647240638733,0.08485738188028336,0.06902451813220978,0.30426642298698425,0.19983740150928497,4.344822173152352e-06,1.6345811673090793e-05,0.0,99.0
3.873403329635039e-06,0.041698239743709564,0.052930936217308044,0.0005973413353785872,0.12412239611148834,0.06441980600357056,0.0012301955139264464,5.662425337504828e-06,3.2693203593225917e-06,0.03173179551959038,0.04645972326397896,0.014570310711860657,0.023022018373012543,0.4262861907482147,0.006425441242754459,0.009290330111980438,0.462605357170105,0.5573832392692566,0.5112249255180359,0.5924994945526123,0.2854333817958832,0.038909293711185455,0.03011896274983883,0.007375457789748907,0.00736466096714139,0.05961177125573158,9.33322953642346e-05,0.0012159824836999178,0.003939613234251738,0.019306322559714317,0.0006689474685117602,0.00048280603368766606,0.04499637335538864,0.00012044308823533356,0.4708058834075928,0.6517302989959717,0.06537839025259018,0.12950706481933594,0.00238220882602036,0.0032028835266828537,0.0008080130792222917,0.013159175403416157,0.0011028636945411563,0.013666806742548943,0.9373457431793213,0.9564722776412964,0.17399881780147552,0.25519347190856934,0.5193525552749634,0.6086809635162354,3.980674591730349e-06,1.344995507679414e-05,0.0,100.0
1.337008029622666e-06,0.0017453880282118917,0.0021660649217665195,0.015100864693522453,0.5617624521255493,0.5688488483428955,3.2077168725663796e-05,7.307176019821782e-07,2.273943209729623e-06,0.02166687324643135,0.005037375260144472,0.1072658896446228,0.09591216593980789,0.006236197892576456,0.3950551152229309,0.41321897506713867,0.006074115633964539,0.08324865251779556,0.10129161179065704,0.14808772504329681,0.06244698166847229,0.030331440269947052,0.1227816641330719,0.00014796017785556614,0.0003199534257873893,0.0019669674802571535,0.0005527460016310215,4.6280336391646415e-05,0.10362644493579865,0.00470172893255949,0.0001183600106742233,0.00015835331578273326,0.004132768604904413,0.00013036989548709244,0.0037819959688931704,0.015280107967555523,0.1498478502035141,0.0048467000015079975,0.08888209611177444,0.04112424701452255,0.005639704875648022,0.0012601922499015927,0.03113493137061596,0.21993622183799744,0.0009174991864711046,0.0002399148215772584,0.0003772944619413465,0.0007246421300806105,0.009916231036186218,0.003770258976146579,2.9032562451902777e-05,1.0689661849028198e-06,1.0,101.0
4.818528509531461e-07,0.0007897025789134204,0.0011267970548942685,0.44926801323890686,0.6198320388793945,0.370718777179718,3.7799567508045584e-05,2.0031180270052573e-07,2.461003134612838e-07,0.008758003823459148,0.006229316350072622,0.0695367157459259,0.0852176696062088,0.09668810665607452,0.008796884678304195,0.06440676748752594,0.28764480352401733,0.08933714032173157,0.07299090176820755,0.12171752750873566,0.019975801929831505,0.06954167038202286,0.031169753521680832,0.00019704370060935616,0.0021753311157226562,0.001607679994776845,4.431263732840307e-06,0.00017179647693410516,0.010145160369575024,0.025900710374116898,0.00039638151065446436,0.0002851898316293955,0.0013279725098982453,0.0012859146809205413,0.0013933940790593624,0.002262204885482788,0.09150677174329758,0.09942589700222015,0.007307445630431175,0.0006908830255270004,0.0035909214057028294,0.0005970837082713842,0.006694847717881203,0.017784029245376587,0.025707518681883812,0.02179883047938347,0.006552017293870449,0.0014465221902355552,0.0013022244675084949,0.001676559797488153,2.4688597477506846e-06,4.2337870809205924e-07,1.0,102.0
1.0630342330841813e-06,0.004125104285776615,0.01065728161484003,0.20146407186985016,0.12134347856044769,0.1764148622751236,0.0010924860835075378,2.4136270440067165e-06,5.160407908988418e-06,0.11086798459291458,0.26799076795578003,0.18516728281974792,0.2540406286716461,0.4561139941215515,0.010213792324066162,0.011401435360312462,0.4940424859523773,0.07130792737007141,0.03294042497873306,0.38773196935653687,0.12787555158138275,0.00890275277197361,0.004756856244057417,0.002395171904936433,0.00048019629321061075,0.02736739069223404,0.0021915752440690994,0.000191006125533022,0.03161664307117462,0.0027589404489845037,0.08114386349916458,0.06577375531196594,0.001083165523596108,0.0013611497124657035,0.3146040439605713,0.4973630905151367,0.052589837461709976,0.018141312524676323,0.0005309799453243613,1.6498130207764916e-05,0.051124583929777145,0.022524163126945496,0.005345889832824469,0.029902298003435135,0.2985590994358063,0.1802430897951126,0.6670017242431641,0.19655963778495789,0.15136601030826569,0.14363329112529755,3.939085218007676e-06,3.5068260331172496e-06,0.0,103.0
2.2872990257383208e-07,0.0013137977803125978,0.0040026213973760605,0.061272479593753815,0.713721752166748,0.33561253547668457,2.1569856471614912e-05,1.4106862522567098e-07,7.125364618332242e-07,0.01709495112299919,0.009536941535770893,0.07651627063751221,0.09298603236675262,0.028716638684272766,0.22700412571430206,0.21723368763923645,0.014224578626453876,0.13792869448661804,0.09487277269363403,0.13744109869003296,0.024011649191379547,0.06374334543943405,0.09606349468231201,7.258554978761822e-05,0.004774997942149639,0.5009063482284546,0.020252909511327744,0.008200329728424549,0.040987901389598846,0.0303147342056036,3.1102990760700777e-07,4.725307007902302e-07,0.2614167332649231,0.008263313211500645,0.008723245933651924,0.012472989968955517,0.0002610725350677967,0.0007439960027113557,0.9939391613006592,0.005288152489811182,0.0157418604940176,0.17463703453540802,0.0007024150690995157,0.0008454918279312551,2.1933121274742007e-07,1.9862412159454834e-07,5.225193149271945e-07,1.2851815881731454e-05,1.3995367226016242e-05,1.2245906873431522e-05,4.1389416765014175e-06,1.0779653081272045e-07,1.0,104.0
2.2102699404058512e-07,0.01540141087025404,0.017675409093499184,0.06981760263442993,0.22908490896224976,0.05898026376962662,8.320949746121187e-06,1.295192646466603e-07,2.7743359964915726e-07,0.012057851999998093,0.005595082882791758,0.1608356088399887,0.17254048585891724,0.10926056653261185,0.03330770134925842,0.029920943081378937,0.11980132013559341,0.04568755626678467,0.04478618875145912,0.04371228441596031,0.013111770153045654,0.07159219682216644,0.09140186011791229,3.7651847378583625e-05,0.008665603585541248,0.006640678737312555,3.778252357733436e-05,7.425453077303246e-05,0.0012052928796038032,0.0004964793915860355,0.001233534887433052,0.0019303527660667896,0.003449726151302457,0.0025102158542722464,0.006762940902262926,0.005241401959210634,0.002188290935009718,0.004660322330892086,0.4216679036617279,0.0005168392090126872,0.024736929684877396,0.011812063865363598,0.0232074037194252,0.02852456271648407,1.5005870181994396e-06,7.983848036019481e-07,0.00010051817662315443,0.00031279950053431094,0.00033034858643077314,0.0003415801911614835,8.301474736072123e-06,4.4793677034249413e-07,2.0,105.0
5.726555627916241e-06,0.01129746064543724,0.013404800556600094,0.1026819720864296,0.22445210814476013,0.14610597491264343,3.0028033506823704e-05,1.9754199911403703e-06,7.688913683523424e-06,0.011442219838500023,0.02985992468893528,0.02349783666431904,0.026528384536504745,0.040283817797899246,0.09129062294960022,0.10554999858140945,0.06277729570865631,0.31164875626564026,0.31599411368370056,0.08490782976150513,0.17175936698913574,0.050170380622148514,0.027314774692058563,0.0006700947415083647,0.00019980018259957433,0.009597351774573326,0.005985014606267214,0.0001455009769415483,0.13799379765987396,0.005856148898601532,9.155990119324997e-05,0.0003619206545408815,0.08957638591527939,0.028041940182447433,0.0507921427488327,0.08218523859977722,0.025895964354276657,0.027850057929754257,0.21996468305587769,5.72183053009212e-05,0.03895706310868263,0.010488112457096577,0.0026142860297113657,0.05414470657706261,0.00043860022560693324,0.00044283203897066414,4.899626219412312e-05,0.07127126306295395,0.0013316802214831114,0.0004960477817803621,2.240732283098623e-05,3.1871970804786542e-06,2.0,106.0
2.300300138813327e-06,0.09371646493673325,0.05770599842071533,0.003421628847718239,0.04954099655151367,0.11999320238828659,0.0004607446608133614,1.4290587841969682e-06,2.0793497697013663e-06,0.1069423109292984,0.05549449101090431,0.11312610656023026,0.11013945937156677,0.0008953984943218529,0.6994062662124634,0.7154598236083984,0.003875869559124112,0.08628334850072861,0.09142360091209412,0.5045040845870972,0.44418931007385254,0.008952931500971317,0.013291660696268082,0.0013420366449281573,0.0005957879475317895,0.008469214662909508,0.0005197983118705451,0.00011778670886997133,0.005925427190959454,0.002743125893175602,0.00014813720190431923,0.00012243549281265587,0.009796342812478542,0.020360246300697327,0.08492972701787949,0.11389835923910141,0.028749581426382065,0.032214269042015076,0.004956413991749287,1.607264312042389e-05,0.0014481574762612581,0.009501896798610687,0.0014348399126902223,0.03580254316329956,0.8848886489868164,0.8245790600776672,0.04332255944609642,0.017947498708963394,0.31184086203575134,0.24318139255046844,4.456972874322673e-06,4.387890385260107e-06,0.0,107.0
6.580583544746332e-07,0.010850909166038036,0.011724803596735,0.06247939541935921,0.26427391171455383,0.1184462159872055,0.0001411763805663213,8.119752124002844e-07,1.1969398201472359e-06,0.012902101501822472,0.004648726899176836,0.10584970563650131,0.09579375386238098,0.06905893981456757,0.11037126928567886,0.0756506621837616,0.03206746280193329,0.0993892103433609,0.11126144230365753,0.06883290410041809,0.027198586612939835,0.060992736369371414,0.13237449526786804,0.0014293160056695342,0.00011043423000955954,0.0013876534067094326,0.00038598780520260334,2.2574728063773364e-05,0.008554725907742977,0.013460889458656311,0.00010087864939123392,0.0001013544897432439,0.022131336852908134,0.0001701501023489982,0.1797906458377838,0.23928309977054596,0.041595444083213806,0.05097505822777748,0.029322875663638115,0.004989586770534515,0.0006852457881905138,0.0021526762284338474,0.0018476221011951566,0.04250600188970566,0.8038674592971802,0.786869466304779,0.0071923439390957355,0.010687019675970078,0.2289164662361145,0.24614666402339935,1.3649607353727333e-05,1.8974526483361842e-06,0.0,108.0
5.783182587038027e-06,0.31643953919410706,0.14146752655506134,0.0018693507881835103,0.004851071629673243,0.0647137239575386,0.0013471196871250868,3.993613518105121e-06,9.968140147975646e-06,0.06517338752746582,0.013730711303651333,0.030307170003652573,0.03196592256426811,0.0023544691503047943,0.34322690963745117,0.5454610586166382,0.026471087709069252,0.308946818113327,0.26021865010261536,0.5782567262649536,0.08546080440282822,0.013946913182735443,0.04079234600067139,0.0035969491582363844,0.0013085342943668365,0.1293192058801651,0.0026856944896280766,0.002631616545841098,0.01050722599029541,0.0003648738202173263,0.004561594687402248,0.006841392256319523,0.006979957688599825,0.013587389141321182,0.16134831309318542,0.28447434306144714,0.030422963201999664,0.010009200312197208,0.001979354303330183,4.545294359559193e-06,0.006341634318232536,0.045011669397354126,0.0005839829100295901,0.009899396449327469,0.6996617913246155,0.3670656085014343,0.2275845855474472,0.2415020614862442,0.035648275166749954,0.012675859034061432,2.9620566692756256e-06,1.5789337339811027e-05,0.0,109.0
1.984583832381759e-06,0.06662501394748688,0.054089680314064026,0.0037836600095033646,0.11191277951002121,0.07182957977056503,6.281060450419318e-06,4.2562717794680793e-07,2.6053976398543455e-07,0.024714358150959015,0.019074412062764168,0.009702633135020733,0.008926189504563808,0.3964892625808716,0.004092869348824024,0.009566815569996834,0.3606465458869934,0.47509193420410156,0.49844416975975037,0.2592342793941498,0.19507792592048645,0.024327993392944336,0.01359544973820448,2.1333311451599002e-05,0.0010822146432474256,0.006887816824018955,6.270810990827158e-05,0.0018405336886644363,0.0012267529964447021,0.0011087560560554266,0.006248138379305601,0.01263298187404871,0.00044153499766252935,0.0002448983141221106,0.0005610464722849429,0.00039308605482801795,0.011782162822782993,0.06600797176361084,0.0654677227139473,0.002273295074701309,0.0783340260386467,0.008231938816606998,0.11752216517925262,0.008923186920583248,1.9082785001955926e-05,3.439325519138947e-05,0.00022724326117895544,0.015528975054621696,1.3331181435205508e-05,1.641884955461137e-05,6.870259312563576e-07,6.420468707801774e-07,1.0,110.0
1.2414858247211669e-05,0.05460705608129501,0.024165211245417595,0.003100111149251461,0.30581557750701904,0.25286319851875305,0.0007240743725560606,7.69099460740108e-06,2.203395297328825e-06,0.6013137102127075,0.3787868618965149,0.36506566405296326,0.3649824261665344,0.016192270442843437,0.2166474610567093,0.2526813745498657,0.029555274173617363,0.024937376379966736,0.028000706806778908,0.4072677493095398,0.26675665378570557,0.001292561530135572,0.0014891133178025484,0.0018106676870957017,7.670633203815669e-05,0.005149317439645529,0.0007528616115450859,0.0005028080777265131,0.003179423278197646,0.02188590168952942,0.016599224880337715,0.012706122361123562,0.007443556096404791,0.0007951034931465983,0.03643292561173439,0.035894524306058884,0.12199277430772781,0.2509492039680481,0.0040839966386556625,0.0007985347183421254,0.012143474072217941,0.0057052019983530045,0.03649156168103218,0.05653948336839676,0.9102997779846191,0.9416130185127258,0.39182209968566895,0.2464868277311325,0.598663866519928,0.6852395534515381,4.849105607718229e-06,5.799752216262277e-06,0.0,111.0
1.2594941267707327e-07,0.0005990423378534615,0.0038934005424380302,0.10513350367546082,0.8454851508140564,0.3790144622325897,5.772229087597225e-06,1.487809271338847e-07,1.7359386106363672e-07,0.34775495529174805,0.4308949112892151,0.8761386871337891,0.8821049928665161,0.012132233940064907,0.18393930792808533,0.29795750975608826,0.038040321320295334,0.00218522478826344,0.0016832894179970026,0.04660241678357124,0.13035573065280914,0.005102577619254589,0.002822902984917164,5.038977542426437e-05,0.00030752079328522086,1.538703145342879e-05,4.382407496450469e-06,1.7909094367496436e-06,0.000895887496881187,0.00827555637806654,0.032419342547655106,0.01782017946243286,0.0004495778412092477,0.000711416476406157,0.00013181075337342918,5.124855670146644e-05,0.016333332285284996,0.04484820365905762,0.028677284717559814,0.0025652144104242325,0.0002531269274186343,4.853300561080687e-05,0.4268239140510559,0.2966444492340088,0.0870840921998024,0.09980427473783493,0.19411368668079376,0.01303830835968256,0.07685136795043945,0.1537618339061737,1.8310698578716256e-05,4.5912204882370133e-07,1.0,112.0
2.7446355943538947e-07,3.011920489370823e-05,2.6000067009590566e-05,0.8319761753082275,0.8908942937850952,0.9451790452003479,0.00017316774756181985,2.6705426989792613e-06,1.670051688051899e-06,0.04602730646729469,0.01668909192085266,0.2794533371925354,0.29127228260040283,0.6003797054290771,0.006574851460754871,0.004901260137557983,0.5798477530479431,0.03013276308774948,0.027910610660910606,0.10019473731517792,0.08209384232759476,0.01715114340186119,0.08688510954380035,0.0003978034947067499,0.04362401366233826,0.5273478031158447,0.0024257830809801817,0.0017113228095695376,0.014319708570837975,0.002786301774904132,0.003926066681742668,0.002681137528270483,0.008055504411458969,0.0036530906800180674,0.05790255591273308,0.09435012191534042,0.021614152938127518,0.0020545588340610266,0.03951577469706535,9.57272422965616e-05,0.005955999251455069,0.0018424647860229015,0.0010823877528309822,0.010319013148546219,0.0005098583060316741,0.00012334999337326735,0.009345315396785736,0.001166291767731309,0.0004100114165339619,6.059949009795673e-05,6.606586794077884e-06,1.813378844417457e-06,1.0,113.0
3.3464380067016464e-06,0.5032814741134644,0.45731979608535767,0.00016498741752002388,0.005106733180582523,0.005122502334415913,9.828473594097886e-06,8.02513469011501e-08,4.299249951600359e-07,0.41473960876464844,0.2159913033246994,0.32818135619163513,0.2924216389656067,0.03438625484704971,0.10738732665777206,0.10503386706113815,0.041741348803043365,0.020584024488925934,0.03251560404896736,0.4114948809146881,0.4161350429058075,0.000991243403404951,0.001283405814319849,2.0830315406783484e-05,0.00041682252776809037,0.0024855495430529118,4.1091174352914095e-05,0.00018952070968225598,0.12832674384117126,0.004231274127960205,0.001074568135663867,0.0033668330870568752,7.606410508742556e-05,0.017222749069333076,7.28351587895304e-05,0.00011146500037284568,0.08691437542438507,0.05611781030893326,0.0018589302198961377,2.495875560271088e-05,0.032592035830020905,0.007331265136599541,0.3305279612541199,0.05290732905268669,0.0026072447653859854,0.0016747164772823453,0.0005681736511178315,0.02131005935370922,0.0008842683746479452,0.0005188696668483317,6.791324835830892e-07,6.19980539795506e-07,1.0,114.0
6.796618663429399e-07,0.0034267606679350138,0.0018960230518132448,0.235513836145401,0.2553812861442566,0.15192563831806183,9.762205081642605e-06,5.808220180369972e-07,2.4777656904007017e-07,0.12199094891548157,0.10745778679847717,0.4464131295681,0.49261173605918884,0.02360566332936287,0.1545095443725586,0.16823332011699677,0.02904556505382061,0.013004064559936523,0.013633955270051956,0.155410036444664,0.32606467604637146,0.00923432968556881,0.006896022241562605,2.002399014600087e-05,0.015270562842488289,0.07033035904169083,0.0002692200359888375,0.008795397356152534,0.008368071168661118,0.000741561409085989,8.262495248345658e-05,9.814713121159002e-05,0.009245774708688259,0.002009870484471321,0.0005685951327905059,0.0006806441815569997,0.003160761436447501,0.0008440240053460002,0.8311234712600708,0.003271842375397682,0.21210584044456482,0.22209474444389343,0.04872157797217369,0.020493829622864723,4.144568208630517e-07,8.585802646621232e-08,9.402522846357897e-05,1.3228915122454055e-05,0.00012168035027571023,9.601511555956677e-05,1.2541979685920523e-06,2.0163081160262664e-07,1.0,115.0
6.423702529900766e-07,0.14963509142398834,0.10637760162353516,0.006826566066592932,0.010800633579492569,0.010300315916538239,3.0223852718336275e-06,2.9387480893205975e-08,1.1311404080061038e-07,0.38907739520072937,0.3012620508670807,0.5069376230239868,0.4585835039615631,0.03055397979915142,0.14145395159721375,0.1371709108352661,0.03433346748352051,0.015915365889668465,0.014651961624622345,0.26122012734413147,0.13137255609035492,0.0020689533557742834,0.001816523727029562,1.0465361810929608e-05,0.0006213919841684401,0.0008277749293483794,3.7870140658924356e-05,0.00012931687524542212,0.031327296048402786,0.006910284515470266,3.8942289393162355e-05,6.508785008918494e-05,0.00032691669184714556,0.00547697814181447,1.5415069356095046e-05,1.3122364180162549e-05,0.06467894464731216,0.028641708195209503,0.013138391077518463,0.0008680541650392115,0.0024060499854385853,0.004616817459464073,0.22341547906398773,0.05670739337801933,0.0018729924922809005,0.001249551773071289,0.00040434580296278,0.0009027729975059628,0.0003614748129621148,0.0003454874677117914,1.6427759419457288e-06,1.8728039208326663e-07,1.0,116.0
2.1083825174628146e-07,0.00045625981874763966,0.0012209115084260702,0.6917546987533569,0.5979535579681396,0.2212049663066864,0.0006803753785789013,1.0428631185277482e-06,1.091931835617288e-06,0.22239945828914642,0.18534956872463226,0.12207267433404922,0.11550871282815933,0.07647299766540527,0.09605827182531357,0.09713216871023178,0.0681975707411766,0.11662276834249496,0.1351860612630844,0.29729560017585754,0.3904864192008972,0.016127239912748337,0.0024684681557118893,0.022222021594643593,0.09323804825544357,0.04531170427799225,8.036504368647002e-06,0.0001217518511111848,0.00043945712968707085,0.01782987266778946,0.010146535001695156,0.008095651865005493,0.006847171578556299,3.056014611502178e-05,0.879645824432373,0.8729277849197388,0.005844040308147669,0.03364568576216698,0.0018300906522199512,0.0007586335996165872,0.0015387998428195715,0.011098857037723064,0.00030468503246083856,0.0016255155205726624,0.12064936012029648,0.29826056957244873,0.3997265696525574,0.9123643636703491,0.11002034693956375,0.2987533509731293,1.1009402442141436e-05,2.1086289052618667e-06,0.0,117.0
2.6217259119221126e-07,0.0676114484667778,0.19744610786437988,0.015059382654726505,0.036541327834129333,0.003860109718516469,5.1454194363032e-06,8.344007085270277e-08,2.4671896525774173e-08,0.2426430732011795,0.3333723545074463,0.5817071795463562,0.5189907550811768,0.1618073284626007,0.03359495848417282,0.044825781136751175,0.1765957921743393,0.01453847624361515,0.008202576078474522,0.21097417175769806,0.22356386482715607,0.007357880938798189,0.00046946090878918767,5.082605639472604e-05,0.03149259462952614,0.0003667447599582374,9.878915534500265e-07,2.2724803784512915e-05,0.0006112136179581285,0.010446151718497276,0.01810763217508793,0.012206746265292168,0.0014015830820426345,0.013684880919754505,0.0006160552729852498,0.00022822624305263162,0.0033751586452126503,0.0637223869562149,0.11390440911054611,2.110475361405406e-05,0.004643718712031841,0.0003735744103323668,0.42603084444999695,0.2258170247077942,0.00021500865113921463,0.0002728110703174025,0.0031726600136607885,0.0012876844266429543,0.003243526676669717,0.005004843696951866,1.969975528481882e-06,1.8456371719821618e-07,1.0,118.0
7.57546376917162e-06,0.5865086317062378,0.5911145806312561,0.00038375708390958607,0.003036027541384101,0.0008477514493279159,0.0014654570259153843,4.544517366866785e-07,3.4332035170336894e-07,0.34521493315696716,0.4169575273990631,0.2683887779712677,0.2724151015281677,0.10348363220691681,0.08671531081199646,0.062291208654642105,0.08294980973005295,0.07757967710494995,0.06339997053146362,0.7511605024337769,0.5247502326965332,0.004026086535304785,0.0006870643119327724,0.0017582454020157456,0.0011997534893453121,0.23304994404315948,0.00021522276801988482,0.03325885534286499,0.007162727415561676,0.029794815927743912,0.004541607573628426,0.0036626800429075956,0.002846227725967765,1.2348556083452422e-05,0.08121709525585175,0.12196175754070282,0.023899639025330544,0.03875558078289032,0.0009633100708015263,0.006852338556200266,0.026118839159607887,0.06171342730522156,0.0031835034023970366,0.0010934063466265798,0.7726324200630188,0.8378440141677856,0.012143365107476711,0.02859191596508026,0.5103474855422974,0.7003356218338013,1.6404061398134218e-07,3.028981609531911e-06,0.0,119.0
2.7655187295749784e-06,0.0013311394723132253,0.0003187520196661353,0.610481321811676,0.284350723028183,0.46880093216896057,8.795097528491169e-05,1.1980989711446455e-06,1.1218160125281429e-06,0.18440397083759308,0.1052742674946785,0.2971787452697754,0.33453962206840515,0.031033741310238838,0.13753095269203186,0.1583019345998764,0.04924346134066582,0.04861769080162048,0.03888121619820595,0.40863606333732605,0.2533172070980072,0.008330462500452995,0.009203555062413216,0.000295677047688514,0.0007256296230480075,0.0010397477308288217,8.254668500740081e-06,9.389333717990667e-05,0.006286528427153826,0.014028627425432205,0.03897840902209282,0.03724292293190956,9.069855877896771e-05,0.002424716018140316,0.0006167281535454094,0.0005345987738110125,0.11276468634605408,0.18790943920612335,0.0003325174329802394,8.113853982649744e-05,0.030548591166734695,0.017231160774827003,0.10219239443540573,0.00558652076870203,0.7516725659370422,0.7532407641410828,0.1528276801109314,0.2210189551115036,0.003163896966725588,0.007010404020547867,1.6397582385252463e-06,2.4659700557094766e-06,0.0,120.0
1.300447962648832e-07,0.037324488162994385,0.18496215343475342,0.10648050159215927,0.023721547797322273,0.0017751505365595222,5.362575393519364e-05,4.853018964467992e-08,4.0593921113440956e-08,0.3779676854610443,0.6120833158493042,0.5472124814987183,0.5515199899673462,0.18137842416763306,0.02643582597374916,0.048460282385349274,0.19173312187194824,0.022952688857913017,0.008670479990541935,0.5630232691764832,0.25996989011764526,0.010931040160357952,0.00018036925757769495,0.0020806705579161644,0.0006775124929845333,0.0003089203964918852,1.4828311577730346e-05,4.4905405047757085e-06,0.004519414156675339,0.011334998533129692,0.016804112121462822,0.014054901897907257,0.0008695674478076398,0.0001405536604579538,0.04604725167155266,0.048151977360248566,0.01845506951212883,0.04637794569134712,0.0012647230178117752,0.0005429500597529113,0.000876598700415343,0.000744149147067219,0.0011087036691606045,0.01064382679760456,0.022259987890720367,0.028721189126372337,0.044199954718351364,0.04695790633559227,0.006229036021977663,0.013691221363842487,1.0038668733614031e-05,5.714720714422583e-07,2.0,121.0
2.7147274295202806e-07,0.0844961553812027,0.5175808668136597,0.007312072440981865,0.009719972498714924,0.0002895070647355169,4.494345375860576e-06,4.380100548928567e-08,2.350233785364253e-08,0.2841491997241974,0.5750313997268677,0.26779431104660034,0.26437893509864807,0.06994941085577011,0.07161417603492737,0.07688499987125397,0.08281967043876648,0.06471624970436096,0.0424361415207386,0.2851482629776001,0.3926042318344116,0.008981985040009022,0.0002593987446743995,4.291681761969812e-05,0.001277636387385428,0.0007036625756882131,4.632214768207632e-05,1.7856184058473445e-05,0.00045727036194875836,0.005252438131719828,0.14458544552326202,0.12514454126358032,0.00013711961219087243,0.0045212688855826855,0.0023445929400622845,0.0005085865268483758,0.005268729291856289,0.20719464123249054,0.009794604033231735,3.4584576496854424e-05,0.024660276249051094,0.007507084868848324,0.19316139817237854,0.028236474841833115,2.6507548682275228e-05,4.957340570399538e-05,0.002395007759332657,0.0030360333621501923,3.157767787342891e-05,0.00020481600950006396,2.1211985767877195e-06,2.296338834639755e-07,1.0,122.0
1.28967258206103e-06,0.006472486071288586,0.004855772014707327,0.020055074244737625,0.4357595145702362,0.2285120189189911,8.061289918259718e-06,2.9706546911256737e-07,3.2350632750421937e-07,0.012013331986963749,0.009874013252556324,0.027763187885284424,0.026293456554412842,0.39716556668281555,0.0064629255793988705,0.007008349988609552,0.3948953151702881,0.2587893009185791,0.2771368622779846,0.139236181974411,0.062112148851156235,0.03603983297944069,0.03198758885264397,3.8875241443747655e-05,0.002436073264107108,0.0037789088673889637,1.5331661415984854e-05,0.0012288761790841818,0.002350352006033063,0.00028468776145018637,0.004150914028286934,0.007072834298014641,0.0015811921330168843,0.0006832278450019658,0.00021175506117288023,0.0004038055194541812,0.020074382424354553,0.008512239903211594,0.08418144285678864,0.0015036845579743385,0.00909773912280798,0.002808281686156988,0.03565194830298424,0.024106966331601143,0.00014131306670606136,0.00010424691572552547,0.0007581775425933301,0.005670537706464529,0.00010964252578560263,6.746557482983917e-05,2.0673182916652877e-06,6.99727650044224e-07,1.0,123.0
9.012233590510732e-07,0.004456163849681616,0.0013507175026461482,0.4582480490207672,0.2478913515806198,0.3764179050922394,0.0018378280801698565,5.299590611684835e-06,2.2660371996607864e-06,0.0666641816496849,0.05703669786453247,0.07802054286003113,0.09064822643995285,0.07222388684749603,0.1751026064157486,0.11799043416976929,0.023053262382745743,0.16736437380313873,0.1734476089477539,0.4225674569606781,0.3009370267391205,0.01765291951596737,0.02194242924451828,0.005573912523686886,0.04382646456360817,0.4515141546726227,0.0004106625565327704,0.00033037978573702276,0.014518996700644493,0.010158888064324856,0.04346113279461861,0.052264951169490814,0.03811810538172722,0.006617116276174784,0.8336079120635986,0.8754718899726868,0.002856489270925522,0.006481108255684376,0.021083572879433632,4.06179970013909e-06,0.0012322284746915102,0.001579179777763784,0.0005865601706318557,0.009277952834963799,0.7219202518463135,0.7691572308540344,0.10531320422887802,0.327419251203537,0.17297625541687012,0.1715410202741623,7.987116077856626e-06,9.336741641163826e-06,1.0,124.0
2.068584535663831e-06,0.1296064257621765,0.1283685266971588,0.03163166716694832,0.007285155355930328,0.008525241166353226,2.266208866785746e-05,2.053945308944094e-06,3.0173114851095306e-07,0.046431008726358414,0.034527622163295746,0.08163779973983765,0.0781082957983017,0.014403271488845348,0.2300892323255539,0.22787576913833618,0.00972218532115221,0.09868552535772324,0.1151767373085022,0.48999419808387756,0.24781116843223572,0.010686214081943035,0.013748480938374996,0.0001469987037125975,0.00020859150390606374,0.008963129483163357,0.00012551715190056711,0.00039161747554317117,0.00036983529571443796,0.0033962391316890717,0.25456520915031433,0.21476051211357117,0.0015733480686321855,3.641225703177042e-05,0.0033573168329894543,0.0035367377568036318,0.005505961831659079,0.012609420344233513,0.016001665964722633,0.006706730462610722,0.010937301442027092,0.002247490920126438,0.025371527299284935,0.07596978545188904,0.0002746041282080114,0.0004060037317685783,0.022105399519205093,0.017581995576620102,0.0053245555609464645,0.012451956048607826,3.410341605558642e-06,2.014370238612173e-06,1.0,125.0
1.6299933349728235e-06,0.023466547951102257,0.005399852991104126,0.017416907474398613,0.11827009916305542,0.14520476758480072,1.2031567166559398e-05,3.796713770043425e-07,2.9215325980658235e-07,0.10363779217004776,0.06630980223417282,0.12644727528095245,0.13203327357769012,0.14224138855934143,0.03374828025698662,0.021916324272751808,0.132671520113945,0.06728515028953552,0.07118748128414154,0.3299579322338104,0.17235474288463593,0.005991705227643251,0.008521863259375095,3.4080574550898746e-05,0.001371387392282486,0.004272228106856346,3.905631456291303e-05,0.00021962434402666986,0.0020037631038576365,0.0011845078552141786,0.018240410834550858,0.02284977026283741,0.00032459397334605455,0.0007916469476185739,0.0006194562884047627,0.0006113551207818091,0.057627979665994644,0.055356789380311966,0.004520539194345474,0.0005068888422101736,0.03318701311945915,0.010586959309875965,0.12682776153087616,0.052549950778484344,0.00012405880261212587,8.702294144313782e-05,0.0018568558152765036,0.003440975211560726,0.00021772451873403043,0.0003269151202403009,2.8595570711331675e-06,1.3999501788930502e-06,2.0,126.0
1.6647184111207025e-06,0.07448024302721024,0.07297056168317795,0.060993120074272156,0.06899375468492508,0.07323008030653,0.0001486621767980978,5.62217451260949e-07,7.823135206308507e-07,0.26368358731269836,0.10898111760616302,0.03268424794077873,0.02845192886888981,0.013921831734478474,0.1429547518491745,0.17616157233715057,0.03422556445002556,0.19180528819561005,0.21083176136016846,0.37611401081085205,0.4314640462398529,0.001986891031265259,0.0038974841590970755,0.001342262839898467,0.00025258836103603244,0.05804135650396347,0.0007968414574861526,0.0005499239196069539,0.00434893649071455,0.0004307247290853411,0.0025921815540641546,0.002986183390021324,0.006512479856610298,0.0026393600273877382,0.19943873584270477,0.2674022614955902,0.06389955431222916,0.017354102805256844,0.0012083156034350395,2.7411475457483903e-05,0.004310084972530603,0.010418280027806759,0.00017845671391114593,0.006533848587423563,0.009079037234187126,0.005804901942610741,0.03166603296995163,0.04290246218442917,0.011091767810285091,0.01138528436422348,3.1217623472912237e-06,3.265605982960551e-06,1.0,127.0
1.758302914822707e-06,0.04409416392445564,0.12712885439395905,0.03811385855078697,0.10813718289136887,0.0244299303740263,2.0807125110877678e-05,1.5850262116146041e-06,1.4428832173507544e-06,0.01739548332989216,0.039565980434417725,0.0704997181892395,0.08163902908563614,0.0002982369333039969,0.9090288281440735,0.8990118503570557,0.0006992638809606433,0.11291788518428802,0.10574759542942047,0.14396598935127258,0.2517649829387665,0.04300874471664429,0.019325241446495056,0.00031303009018301964,9.233762830263004e-05,0.0034867310896515846,0.001353560946881771,0.00017474133346695453,0.0018672691658139229,0.00021368246234487742,0.025167593732476234,0.02159642055630684,0.023466909304261208,0.0028632041066884995,0.0024043554440140724,0.004534637089818716,0.015209205448627472,0.0018869261257350445,0.3447682559490204,0.00018132767581846565,0.003312579821795225,0.00037641552626155317,0.004370540846139193,0.06351710855960846,0.0011853763135150075,0.0004159546224400401,0.032463885843753815,0.012259726412594318,0.0017104537691920996,0.0010803603800013661,1.5179239198914729e-05,1.6798450133137521e-06,1.0,128.0
2.495451667527959e-07,0.09212347120046616,0.09465716034173965,0.001998928841203451,0.022855276241898537,0.013907020911574364,8.204213372664526e-06,3.618232469193572e-08,8.697056586015606e-08,0.314312219619751,0.32549548149108887,0.18503715097904205,0.17947347462177277,0.21594148874282837,0.02475607395172119,0.014272633008658886,0.20973779261112213,0.07333281636238098,0.07199293375015259,0.6207855939865112,0.4829581677913666,0.00233816378749907,0.0009381039417348802,6.7598040914163e-05,0.00950651429593563,0.008220743387937546,2.3863309252192266e-05,0.001451900345273316,0.0016754677053540945,0.0031792300287634134,0.00015460334543604404,0.00018023978918790817,0.0012463495368137956,0.0013501181965693831,0.0009036353440023959,0.0007190086762420833,0.008411350660026073,0.020808707922697067,0.08359821885824203,0.0005169468349777162,0.010776100680232048,0.034208815544843674,0.0034129731357097626,0.0006605778471566737,3.160494452458806e-05,2.560315806476865e-05,0.00024511624360457063,0.000587225251365453,2.2332685603032587e-06,3.0560408958990593e-06,6.862047712274943e-07,2.3027293138966343e-07,1.0,129.0
8.102107926788449e-07,0.00018464263121131808,4.595081918523647e-05,0.7482740879058838,0.7382767796516418,0.820448637008667,7.24929996067658e-05,1.4483564427791862e-06,6.34197135696013e-07,0.12724043428897858,0.09653256088495255,0.17195650935173035,0.19768227636814117,0.002975376322865486,0.5914856791496277,0.5770331621170044,0.0030633602291345596,0.051030825823545456,0.04369397833943367,0.46036428213119507,0.27953433990478516,0.006890792865306139,0.00755813205614686,0.0005426023853942752,0.0002338788181077689,0.005746172741055489,0.00038915526238270104,0.00020941771799698472,0.00532594695687294,0.0027447137981653214,0.0018566119251772761,0.001322972122579813,0.004786005709320307,0.005728796124458313,0.009418562054634094,0.011214382946491241,0.08010612428188324,0.02532969042658806,0.009844258427619934,0.0001214772419189103,0.002722143894061446,0.001252459129318595,0.0022405905183404684,0.029790766537189484,0.018941551446914673,0.007160812616348267,0.026220550760626793,0.004949092399328947,0.002067016903311014,0.0014711646363139153,1.1910316061403137e-05,1.2009508054688922e-06,1.0,130.0
2.085275582430768e-06,0.0010663621360436082,0.0015717825153842568,0.5143243670463562,0.39654695987701416,0.20054593682289124,2.9178672775742598e-05,5.249182208899583e-07,4.2705144664978434e-07,0.12485379725694656,0.09338068217039108,0.12433929741382599,0.12882952392101288,0.2732735872268677,0.011497972533106804,0.018541356548666954,0.24511294066905975,0.08388727903366089,0.06741692125797272,0.5006169080734253,0.21055929362773895,0.007041311822831631,0.003599687945097685,8.756585157243535e-05,0.0008631902746856213,0.01017198245972395,4.448503750609234e-05,0.005637742578983307,0.006146230734884739,0.004331870004534721,0.0013891529524698853,0.0015308406436815858,0.00045703243813477457,0.0005425232811830938,0.00027925590984523296,0.00040650973096489906,0.14055462181568146,0.09952875971794128,0.0029264860786497593,0.0015990188112482429,0.024331271648406982,0.0026683639734983444,0.02069578878581524,0.005567461252212524,0.008817599155008793,0.010633653961122036,0.004623800050467253,0.011696497909724712,4.699342025560327e-05,5.616118141915649e-05,9.257390161110379e-07,8.31589090921625e-07,1.0,131.0
1.8118888647222775e-06,0.5168182849884033,0.6101785898208618,0.00018215583986602724,0.0043648057617247105,0.0024343866389244795,2.817393578880001e-05,1.8470774421075475e-07,7.316031656046107e-07,0.2425685077905655,0.21804024279117584,0.11355672031641006,0.11056148260831833,0.0044297208078205585,0.44784265756607056,0.43092429637908936,0.009077747352421284,0.07399196177721024,0.08256479352712631,0.38580790162086487,0.3777017593383789,0.0023968848399817944,0.001553456299006939,0.00012253300519660115,0.0004144521662965417,0.004984662402421236,0.00026228404021821916,0.0002787321573123336,0.002407974796369672,0.0006812447682023048,0.12522032856941223,0.09608736634254456,0.0001385527430102229,0.01423011627048254,0.0012989375973120332,0.0018911913502961397,0.05828337371349335,0.025117812678217888,0.0070478362031280994,1.0501074029889423e-05,0.06399153172969818,0.011531498283147812,0.02349671721458435,0.009406665340065956,0.0003233455936424434,0.00013814021076541394,0.03647999465465546,0.008528240956366062,2.0167492039036006e-05,2.7333582693245262e-05,2.078993020404596e-06,8.013712999854761e-07,1.0,132.0
1.269457698072074e-06,0.001085295807570219,0.00044931008596904576,0.6485190987586975,0.3590700328350067,0.494247168302536,2.0764013243024237e-05,1.154439928541251e-06,6.3885676127029e-07,0.1603107750415802,0.06692653894424438,0.2045253962278366,0.18788881599903107,0.03394418582320213,0.14826920628547668,0.13711197674274445,0.02575245499610901,0.054769519716501236,0.05652045086026192,0.2684815227985382,0.19088521599769592,0.004908963106572628,0.012958358973264694,2.131807923433371e-05,0.02645059861242771,0.060025881975889206,3.0858765967423096e-05,0.030173521488904953,0.0007441917550750077,0.0008211490348912776,0.02373666875064373,0.016921350732445717,0.0003019848663825542,0.0017135913949459791,0.0003313525812700391,0.0004906211397610605,0.023978395387530327,0.008114010095596313,0.28126123547554016,0.0006770051550120115,0.3766467571258545,0.0974138006567955,0.1455247402191162,0.0039160954765975475,3.7279617117746966e-06,1.0766189006972127e-06,0.004829199053347111,0.0003968533710576594,2.2113313207228202e-06,1.7530153400002746e-06,8.642697935101751e-07,4.840636620428995e-07,1.0,133.0
1.1005284932252835e-06,0.017150502651929855,0.018044358119368553,0.28801408410072327,0.09778731316328049,0.059223707765340805,4.5088741899235174e-05,5.564591560869303e-07,4.719884429960075e-07,0.013258038088679314,0.016339698806405067,0.008447634987533092,0.008183271624147892,0.13174329698085785,0.03478275239467621,0.03671909123659134,0.12789593636989594,0.5850577354431152,0.6089144945144653,0.15088240802288055,0.16942431032657623,0.07150337845087051,0.02952619269490242,0.00011521219130372629,0.09164686501026154,0.12778621912002563,3.7539164623012766e-05,0.007459630258381367,0.00014558453403878957,0.0005125797470100224,0.09244663268327713,0.10146821290254593,0.000861917098518461,5.969993071630597e-05,0.024059075862169266,0.020154571160674095,0.0012873840751126409,0.005443987436592579,0.12586849927902222,0.0024193148128688335,0.11610300838947296,0.14523231983184814,0.004921956919133663,0.0005252239643596113,6.378832608788798e-07,4.2492553120609955e-07,0.0009835378732532263,0.0036200578324496746,8.602490197517909e-06,1.3555093573813792e-05,2.631651113915723e-06,1.2721785651592654e-06,1.0,134.0
6.152767468847742e-07,0.055614955723285675,0.07021606713533401,0.006319081876426935,0.10354579240083694,0.04462793469429016,2.3106709704734385e-05,1.1468393523728082e-07,1.7678742381121992e-07,0.16596390306949615,0.116933174431324,0.5944597721099854,0.5565882921218872,0.6767315864562988,0.0033082624431699514,0.008370354771614075,0.6466773748397827,0.01825864426791668,0.0076032173819839954,0.5240004062652588,0.10275421291589737,0.017333777621388435,0.0038737200666218996,8.220966265071183e-05,0.0008937474340200424,0.00023048100410960615,2.8903220936626894e-06,1.940152287716046e-05,0.0014073310885578394,0.03670040890574455,0.09311503916978836,0.0653008297085762,6.479319563368335e-05,1.7370162822771817e-05,0.00022186945716384798,9.973714622901753e-05,0.09740952402353287,0.2771131694316864,0.0001387245865771547,0.013980640098452568,0.002754724584519863,0.004363038577139378,0.2574506402015686,0.017365580424666405,0.038573943078517914,0.04824246093630791,0.40553921461105347,0.06660714000463486,0.00981949269771576,0.020943263545632362,1.772860855453473e-06,1.1068913181588869e-06,1.0,135.0
1.3381658447997324e-07,0.01997227407991886,0.032644785940647125,0.034057892858982086,0.17431962490081787,0.05260271951556206,6.784852757846238e-06,1.9885838753452845e-07,2.7079831710352664e-08,0.2934054434299469,0.2240860015153885,0.3382866084575653,0.35369715094566345,0.029642214998602867,0.13831065595149994,0.15630817413330078,0.055163849145174026,0.03726322576403618,0.029391929507255554,0.41677454113960266,0.2716675400733948,0.004861824214458466,0.0027366855647414923,0.000183089156053029,0.0004810076206922531,0.00010913995356531814,4.563388756650966e-06,7.684713636990637e-06,5.738983963965438e-05,0.002323916181921959,0.0808168426156044,0.060277506709098816,0.005134097300469875,0.0004476378671824932,0.0013098141644150019,0.0004413686110638082,0.0002822376845870167,0.005073686130344868,0.29278409481048584,0.0007969847065396607,0.0002587753115221858,7.339551666518673e-05,0.00816667452454567,0.04904063045978546,0.00038783549098297954,0.0007510626455768943,0.0336572639644146,0.022601429373025894,0.006870853714644909,0.02144499495625496,1.1747749340429436e-05,4.5991393449185125e-07,1.0,136.0
1.6212078435273725e-06,0.017131004482507706,0.008750051259994507,0.015162409283220768,0.37304165959358215,0.531417965888977,0.0014685239875689149,4.594212441588752e-06,5.448395313578658e-06,0.6458260416984558,0.7022461891174316,0.45647597312927246,0.4762965440750122,0.0125118438154459,0.16792620718479156,0.3071734309196472,0.05991590768098831,0.029644865542650223,0.022900668904185295,0.33682090044021606,0.5011453628540039,0.0012105596251785755,0.0007410700782202184,0.001753204152919352,0.016221124678850174,0.2654170095920563,0.0020105380099266768,0.00012725024134851992,0.016813796013593674,0.0010658507235348225,0.32998910546302795,0.3007022440433502,0.04587386175990105,0.022594867274165154,0.49989402294158936,0.6575860977172852,0.00699714245274663,0.004124634433537722,0.012983504682779312,1.2684072316915262e-06,0.004448805935680866,0.0020371293649077415,0.0028373748064041138,0.10666562616825104,0.3558114767074585,0.2896308898925781,0.5618014931678772,0.30493417382240295,0.5985778570175171,0.589515745639801,8.717973287275527e-06,1.1855265256599523e-05,0.0,137.0
4.012542547116027e-07,0.0004944662796333432,0.00030313144088722765,0.5940648317337036,0.557450532913208,0.42198023200035095,7.628110324731097e-06,1.0067919902212452e-06,3.620066308940295e-07,0.01460332702845335,0.0022658875677734613,0.28303924202919006,0.2799138128757477,0.08142255246639252,0.06443977355957031,0.05160441994667053,0.08118461072444916,0.03350970894098282,0.04036824405193329,0.07252740859985352,0.02134363353252411,0.060269828885793686,0.23223286867141724,3.673869650810957e-05,0.00810914859175682,0.022289849817752838,7.923939119791612e-05,0.0006804265431128442,0.0001714086829451844,0.00013735188986174762,0.039074238389730453,0.07031197100877762,0.004300074186176062,0.0034572076983749866,0.0034592370502650738,0.0014353676233440638,0.0003554194699972868,0.0022764834575355053,0.458752304315567,0.00018222478684037924,0.02330601029098034,0.0054108458571136,0.04783068224787712,0.05094277486205101,1.273094767384464e-06,1.0755054518085672e-06,0.00043711686157621443,0.0026928791776299477,0.0009058007854036987,0.0012925263727083802,4.5902447709522676e-06,6.81156905102398e-07,2.0,138.0
1.9273129510111175e-06,0.00010268306505167857,9.501886233920231e-05,0.785091757774353,0.9210659861564636,0.8784220218658447,0.0012040960136801004,1.97515055333497e-06,8.467142833978869e-06,0.0016485856613144279,0.0006402429426088929,0.10496452450752258,0.12376297265291214,0.052131086587905884,0.08083652704954147,0.07279891520738602,0.05044851452112198,0.09157811850309372,0.07688918709754944,0.041158583015203476,0.0052421786822378635,0.3351535201072693,0.35146844387054443,0.0035652790684252977,0.009165485389530659,0.05662700533866882,0.00026722511393018067,0.0007197319064289331,0.007892615161836147,0.01446005329489708,0.0007969953585416079,0.000746542529668659,0.013295412994921207,0.0005698116729035974,0.613448977470398,0.7157323360443115,0.033650923520326614,0.057734258472919464,0.008218677714467049,0.0005896893562749028,0.007385588251054287,0.011562127619981766,0.0009141476475633681,0.017079448327422142,0.5817120671272278,0.6856225728988647,0.005904435180127621,0.053075000643730164,0.03862198442220688,0.047744520008563995,7.811580871930346e-06,7.326278591790469e-06,1.0,139.0
2.658716084624757e-06,0.1071539893746376,0.17058508098125458,0.012890748679637909,0.018307773396372795,0.01173372007906437,6.198142364155501e-05,1.9007816263183486e-06,1.3964419167677988e-06,0.3370812237262726,0.30107420682907104,0.1890946328639984,0.16702084243297577,0.008455499075353146,0.4288928508758545,0.430812269449234,0.009609388187527657,0.06895886361598969,0.0847770944237709,0.3230138421058655,0.5247230529785156,0.0023976305965334177,0.002710288856178522,0.0004637070815078914,0.00011615978291956708,0.0005883650737814605,7.76422893977724e-05,4.1567480366211385e-05,0.0031703535933047533,0.002059041289612651,0.00926430057734251,0.009142165072262287,0.0021094537805765867,0.0008093357901088893,0.0016006777295842767,0.003028256818652153,0.03692694380879402,0.028649121522903442,0.006996599026024342,0.0005310870474204421,0.0018338236259296536,0.0012296393979340792,0.022443879395723343,0.043533872812986374,0.9424080848693848,0.9258587956428528,0.2802378535270691,0.23559847474098206,0.07807272672653198,0.09676730632781982,4.514914053288521e-06,2.0009808849863475e-06,0.0,140.0
7.72645762481261e-07,0.021378321573138237,0.25689613819122314,0.0016450154362246394,0.17136304080486298,0.028500884771347046,1.2275523658900056e-05,5.58763360913872e-07,6.784444650520527e-08,0.04706934466958046,0.3436906635761261,0.39262714982032776,0.4015776216983795,0.004068703856319189,0.443756103515625,0.4387008845806122,0.006729850545525551,0.022807158529758453,0.013321775011718273,0.17026284337043762,0.4615979492664337,0.017794858664274216,0.0014318814501166344,3.1028477678773925e-05,7.506017936975695e-06,0.00020892969041597098,0.0010766637278720737,1.2038384738843888e-05,4.004008951596916e-05,0.049889061599969864,0.1962745040655136,0.09530854225158691,0.0002713203721214086,6.374219537974568e-06,0.0007565925479866564,0.00010929826385108754,0.004052123986184597,0.14191530644893646,0.023289456963539124,0.21855133771896362,0.0029773476999253035,0.00019950167916249484,0.38484540581703186,0.32894861698150635,0.001097402535378933,0.007140933070331812,0.03602687269449234,0.018095713108778,0.003128794487565756,0.03296923637390137,8.246037396020256e-06,4.260564310243353e-07,1.0,141.0
1.6757711591708357e-06,0.0032521323300898075,0.00434656860306859,0.024921664968132973,0.4566221535205841,0.267490416765213,2.654561831150204e-05,1.284454697270121e-06,4.366657719856448e-07,0.12160711735486984,0.11074772477149963,0.2995655834674835,0.27425912022590637,0.5343379378318787,0.0037271121982485056,0.003189092967659235,0.5226853489875793,0.025652766227722168,0.02656896598637104,0.4375525116920471,0.3161768913269043,0.004670117516070604,0.005423369351774454,7.448800170095637e-05,0.002067579422146082,0.02275143936276436,8.61144726513885e-05,0.0026528325397521257,0.0005032483022660017,0.0009545639040879905,0.0340033620595932,0.0326295867562294,0.0012551210820674896,0.001871237880550325,0.0019261902198195457,0.0017992868088185787,0.010402128100395203,0.03164921700954437,0.027662187814712524,0.0002114181697834283,0.036101795732975006,0.009740427136421204,0.03264782205224037,0.03651700168848038,7.745459879515693e-05,8.986785542219877e-05,0.002505500568076968,0.0050973109900951385,0.00024076199042610824,0.00041836133459582925,1.5925930938465171e-06,2.5028502932400443e-06,1.0,142.0
3.7044826513010776e-06,0.00010685290908440948,0.0002359773643547669,0.7882629036903381,0.7684483528137207,0.7506711483001709,8.160324796335772e-05,3.554160502972081e-05,2.922930661952705e-06,0.19039873778820038,0.05402320995926857,0.6528619527816772,0.6664353609085083,0.011923440732061863,0.2590755224227905,0.24980461597442627,0.015334718860685825,0.004844685550779104,0.004244804382324219,0.14302320778369904,0.09413565695285797,0.008972181007266045,0.020940057933330536,0.00044181878911331296,0.0037100084591656923,0.16043145954608917,0.005128838587552309,0.0006113123381510377,0.0010761813027784228,0.0002077356621157378,0.5600122213363647,0.7229270935058594,0.046170733869075775,0.004155777860432863,0.04295061528682709,0.04264838621020317,0.0040929182432591915,0.0033053988590836525,0.17086732387542725,0.00012557115405797958,0.02493964321911335,0.009156357496976852,0.0177915096282959,0.19140489399433136,2.485216100467369e-05,1.226963649969548e-05,0.002246628049761057,0.023499952629208565,0.01967514492571354,0.010054457001388073,6.164396472740918e-05,2.1212443243712187e-05,1.0,143.0
2.8074566671421053e-07,0.0003660934744402766,0.0001453643781132996,0.7329971194267273,0.4621720016002655,0.3720364272594452,1.7778245819499716e-05,2.553144668127061e-06,3.6349936749502376e-07,0.3398938775062561,0.11239232122898102,0.673425555229187,0.6981979012489319,0.04689143970608711,0.15431207418441772,0.13932254910469055,0.029441574588418007,0.00576860411092639,0.0051557281985878944,0.27638715505599976,0.16026732325553894,0.0029455116018652916,0.014521399512887001,6.200625648489222e-05,0.002873968333005905,0.5693492889404297,0.03852950409054756,0.0018021917203441262,0.020579947158694267,0.027791891247034073,2.879342355299741e-05,5.773060183855705e-05,0.06170423701405525,0.0052309660241007805,0.011955064721405506,0.010851370170712471,0.00048259092727676034,0.0026933890767395496,0.7534201741218567,0.0009593414724804461,0.034562647342681885,0.014791779220104218,0.021098176017403603,0.03808530420064926,2.3969939775270177e-06,2.370571110077435e-06,3.947249297198141e-06,0.00012729415902867913,0.0010064843809232116,0.000753752130549401,2.8588044642674504e-06,4.5799245640409936e-07,1.0,144.0
2.0399409095261944e-06,0.6920062303543091,0.6802965402603149,1.0132301213161554e-05,0.002089474117383361,0.001847188570536673,0.0005090730264782906,9.692117828308255e-07,3.883434089857474e-07,0.24652498960494995,0.2846089005470276,0.15899832546710968,0.17656400799751282,0.035198312252759933,0.1320921778678894,0.11529292166233063,0.040598127990961075,0.09313615411520004,0.09199801087379456,0.8018733263015747,0.5570593476295471,0.0027040208224207163,0.002065408043563366,0.0021467560436576605,0.0007148931617848575,0.010422443971037865,0.00010914650920312852,0.00039938418194651604,0.001826282823458314,0.018249303102493286,0.0006404674495570362,0.0004209111211821437,0.014980465173721313,0.00019893980061169714,0.12264995276927948,0.20302385091781616,0.01775631308555603,0.05285269767045975,0.012413176707923412,0.0013556979829445481,0.0015240629436448216,0.00407892232760787,0.003694530576467514,0.025971664115786552,0.8326930999755859,0.866248369216919,0.028101688250899315,0.024764375761151314,0.6346801519393921,0.7749283909797668,1.099176529351098e-06,1.882925403151603e-06,0.0,145.0
8.254654630945879e-07,0.10794802010059357,0.10801056772470474,0.020387837663292885,0.021261155605316162,0.00994547177106142,1.217621047544526e-05,8.96252529969388e-08,1.0976444286825426e-07,0.3937813639640808,0.39282673597335815,0.3339281380176544,0.3176824450492859,0.05120585113763809,0.08487538248300552,0.08690603077411652,0.05480789393186569,0.0337599441409111,0.0247463658452034,0.4606408476829529,0.2994408905506134,0.0019494931912049651,0.0004248772456776351,2.592603414086625e-05,0.0020675251726061106,0.038559433072805405,0.00013813955592922866,0.008218185976147652,0.000349844602169469,0.0022166911512613297,0.0028869116213172674,0.004308182280510664,0.0002154026151401922,0.0002784673124551773,0.0009026426705531776,0.0004926989786326885,0.0053889877162873745,0.045096494257450104,0.020006027072668076,0.0015478734858334064,0.09629683196544647,0.05117594078183174,0.025775795802474022,0.0024218789767473936,9.961107934941538e-06,2.0625469915103167e-05,0.0001975719496840611,0.003993926104158163,8.180095392162912e-06,2.105064231727738e-05,4.736559446882893e-07,4.5308641460906074e-07,1.0,146.0
8.028139291127445e-07,0.054021865129470825,0.031921736896038055,0.03834895044565201,0.05191037058830261,0.21489663422107697,0.00029279888258315623,4.4729613364324905e-06,2.1627508886012947e-06,0.13249872624874115,0.09373948723077774,0.1092941164970398,0.12300118058919907,0.632775068283081,0.0030377847142517567,0.005019890144467354,0.6519932746887207,0.12534014880657196,0.10427998006343842,0.46783381700515747,0.3407520353794098,0.007077631074935198,0.011937251314520836,0.0026903245598077774,4.280670327716507e-05,0.002522546099498868,0.0021535316482186317,2.187120117014274e-05,0.0032990507315844297,0.0006539315800182521,0.014839078299701214,0.015480085276067257,0.03155627101659775,0.001591741805896163,0.2691640853881836,0.4918457865715027,0.008759863674640656,0.006448380183428526,0.0176615621894598,2.5368910428369418e-05,0.0008583164308220148,0.001683408860117197,0.0013024217914789915,0.024722911417484283,0.7640880346298218,0.6843026876449585,0.4106462001800537,0.30616629123687744,0.5638301372528076,0.47309234738349915,5.545289695874089e-06,5.8910281950375065e-06,0.0,147.0
7.255229093061644e-07,3.766459849430248e-05,1.897386937343981e-05,0.8432360291481018,0.8410681486129761,0.7358911633491516,9.661891090217978e-05,1.4973105635363027e-06,2.355833885303582e-06,0.008100374601781368,0.005365090444684029,0.1830344796180725,0.18327751755714417,0.043962955474853516,0.14782658219337463,0.1112254410982132,0.019407177343964577,0.050922147929668427,0.057645414024591446,0.02753254771232605,0.01954638957977295,0.10862836241722107,0.100765161216259,0.0006418998818844557,0.0030261212959885597,0.26794955134391785,0.0015977671137079597,0.003404431976377964,0.005617029033601284,0.004025464877486229,0.0012858920963481069,0.0031710274051874876,0.015728721395134926,0.0001756758865667507,0.13405345380306244,0.2964194715023041,0.005890538450330496,0.011920249089598656,0.061266981065273285,0.0030056762043386698,0.009950145147740841,0.01017614547163248,0.0018851058557629585,0.019369948655366898,0.0001820733305066824,0.00038033677265048027,0.00024359559756703675,0.04518798738718033,0.003469313494861126,0.00410327548161149,9.23375046113506e-06,1.142605015047593e-06,1.0,148.0
2.044512029897305e-06,0.3138205409049988,0.30082809925079346,0.00025526253739371896,0.005984663497656584,0.009138624183833599,1.2123513442929834e-05,1.594380591996014e-07,7.73554859279102e-07,0.06728563457727432,0.02128501795232296,0.04893883317708969,0.041594091802835464,0.003662737552076578,0.4150099754333496,0.41634851694107056,0.007688113953918219,0.22752489149570465,0.24254168570041656,0.4704131484031677,0.2847886085510254,0.012549379840493202,0.028659360483288765,4.162531695328653e-05,0.007355627603828907,0.009712016209959984,4.661622006096877e-05,0.0008303408976644278,0.03508823737502098,0.0019267805619165301,0.00016498238255735487,0.00035689768265001476,0.001119772787205875,0.18252497911453247,0.0004862955247517675,0.000572877936065197,0.012499889358878136,0.009106078185141087,0.36687853932380676,1.5328298104577698e-05,0.1423037052154541,0.06607437878847122,0.0644504502415657,0.011011015623807907,6.230268354556756e-06,2.3667669211135944e-06,3.9136815757956356e-05,0.00040053739212453365,2.053881144092884e-05,1.1283332241873723e-05,1.1872911045429646e-06,4.250888707701961e-07,1.0,149.0
4.67956908778433e-07,0.028077317401766777,0.018475444987416267,0.05885373800992966,0.06692902743816376,0.024052618071436882,0.00018262573576066643,5.257593898022606e-07,1.0115184068126837e-06,0.08187267929315567,0.10346226394176483,0.13379612565040588,0.22092902660369873,0.08520926535129547,0.2523895502090454,0.06270986795425415,0.009651442989706993,0.07588803023099899,0.037597350776195526,0.21822376549243927,0.13218781352043152,0.014348302036523819,0.0075278254225850105,0.005115576554089785,0.00041093036998063326,0.0022367544006556273,8.638044528197497e-05,4.762184471474029e-05,0.00489977840334177,0.017370501533150673,0.0010213640052825212,0.0006691209273412824,0.006738414987921715,9.848406625678763e-05,0.4158225357532501,0.5345470905303955,0.04283517599105835,0.0714569017291069,0.004775471519678831,0.003811811562627554,0.0026866102125495672,0.006369102746248245,0.0017550261691212654,0.025543518364429474,0.47100383043289185,0.4976321756839752,0.09212218970060349,0.05277327075600624,0.255842924118042,0.41248902678489685,1.2374219295452349e-05,1.552819298922259e-06,0.0,150.0
4.55039810276503e-07,0.018313294276595116,0.07854864746332169,0.02472146414220333,0.15983779728412628,0.05723720043897629,3.4386500828986755e-06,3.0898817726665584e-07,9.041471571435977e-08,0.19080083072185516,0.12015177309513092,0.05343719199299812,0.033303454518318176,0.017026208341121674,0.11471275240182877,0.14925336837768555,0.04229948669672012,0.207234725356102,0.22728708386421204,0.36907100677490234,0.4167172908782959,0.003544141538441181,0.004442824982106686,3.4135904570575804e-05,0.0006943104672245681,0.001770661910995841,7.437940803356469e-05,0.0001330395316472277,0.0014421092346310616,0.0028203832916915417,9.821181447478011e-05,0.00010247714817523956,0.021924849599599838,0.005767460912466049,0.0005511221825145185,0.0005527314497157931,0.001122999470680952,0.004994518123567104,0.9032829999923706,0.001119063119404018,0.004422239027917385,0.0018796068616211414,0.02678469568490982,0.0724950060248375,1.2305166819714941e-05,1.2606620657606982e-05,6.595282320631668e-05,0.00026235487894155085,0.00014223126345314085,0.00035908393329009414,2.4649380065966398e-06,2.7960288662143284e-07,2.0,151.0
3.2639184155414114e-06,0.023507134988904,0.09625443816184998,0.0020096111111342907,0.11843211948871613,0.03530037775635719,0.00010447223030496389,5.7858082982420456e-06,5.26370968145784e-07,0.05907939374446869,0.12160564213991165,0.04837982356548309,0.04778856039047241,0.14099140465259552,0.018229011446237564,0.03344416990876198,0.1887604296207428,0.202180877327919,0.21794115006923676,0.2375367283821106,0.5562677979469299,0.010521265678107738,0.007244236301630735,0.0001929909485625103,0.003239280777052045,0.35922038555145264,0.0038021979853510857,0.0011178835993632674,0.0009160596528090537,0.016798675060272217,0.02156129479408264,0.03649214655160904,0.018433107063174248,0.00043800880666822195,0.1309056282043457,0.10729195177555084,0.0009490539086982608,0.02761228382587433,0.09682860970497131,0.0004151661123614758,0.03445841372013092,0.005936697591096163,0.023600684478878975,0.25116926431655884,3.919903974747285e-05,0.0001511024311184883,0.0001952501479536295,0.026537222787737846,0.012741402722895145,0.030415527522563934,2.781740931823151e-06,6.194625711941626e-06,1.0,152.0
2.3039733605401125e-06,0.041838109493255615,0.04310612753033638,0.05705085024237633,0.057881880551576614,0.011202349327504635,1.2260781659279019e-05,2.849039333341352e-07,1.5245521467477374e-07,0.5284534692764282,0.3519284129142761,0.5919972658157349,0.5822446346282959,0.008825361728668213,0.35198143124580383,0.3309341371059418,0.010636999271810055,0.007801779080182314,0.008767090737819672,0.27121421694755554,0.35454607009887695,0.001030757906846702,0.00047534069744870067,4.877380342804827e-05,0.0004614837816916406,0.004934975877404213,3.276588540757075e-05,0.0013430574908852577,0.0007729273638688028,0.01561648864299059,0.09250239282846451,0.1046726256608963,6.15818498772569e-05,0.0001436944876331836,0.00021323308465071023,9.381198469782248e-05,0.04239416494965553,0.24673724174499512,0.00034876380232162774,0.002054078970104456,0.03620683401823044,0.012112977914512157,0.13988471031188965,0.015489527024328709,0.002676981734111905,0.005727582611143589,0.011394122615456581,0.0437471941113472,0.00017969375767279416,0.0005964359152130783,9.7164308954234e-07,1.3573351225204533e-06,1.0,153.0
1.2100204003218096e-06,0.00016459553444292396,9.436179243493825e-05,0.9133838415145874,0.7346352338790894,0.6538801193237305,1.0197414667345583e-05,4.113660168059141e-07,7.71209499816905e-07,0.01891222782433033,0.02424795553088188,0.020659377798438072,0.018825311213731766,0.018725059926509857,0.15448054671287537,0.1792839616537094,0.031156552955508232,0.34286487102508545,0.317767471075058,0.10314760357141495,0.17634254693984985,0.03490310534834862,0.03236890584230423,2.3553315259050578e-05,0.014357272535562515,0.0842132568359375,0.00022954435553401709,0.036236900836229324,0.002311989199370146,0.0002502936404198408,0.00013785822375211865,0.00041346283978782594,0.004240799229592085,0.03855764865875244,0.000617590791080147,0.0005241174949333072,0.0011378384660929441,0.0015860556159168482,0.9430484175682068,0.00017731569823808968,0.2338304966688156,0.20925548672676086,0.025934789329767227,0.0011217757128179073,9.570136683123565e-08,5.111906631327656e-08,1.3399999261309858e-05,0.0004045460373163223,2.5456270122958813e-06,1.3538781331590144e-06,1.3404628589341883e-06,1.6511133082985907e-07,1.0,154.0
7.357621143455617e-07,0.887886643409729,0.8603623509407043,1.4393289347935934e-05,0.00017360072524752468,0.00021463462326209992,4.4933953176951036e-05,5.4530875814862156e-08,9.813131640612482e-08,0.4428143799304962,0.5082422494888306,0.5378918647766113,0.5475447177886963,0.020376691594719887,0.22007155418395996,0.2284189611673355,0.038800328969955444,0.019968900829553604,0.017349418252706528,0.7437028884887695,0.712826669216156,0.0013812751276418567,0.0004936769837513566,9.555604628985748e-05,0.0041020773351192474,0.256142795085907,0.00486891670152545,0.042045097798109055,0.0007891305722296238,0.009430251084268093,2.6582809368846938e-05,4.1289978980785236e-05,0.002760213566944003,0.0010852173436433077,0.0058904653415083885,0.003346910933032632,0.0008001506212167442,0.011732924729585648,0.16073085367679596,0.0013551752781495452,0.03141424432396889,0.4306144118309021,0.0024907472543418407,0.0020544971339404583,3.6006508707941975e-06,8.511193300364539e-06,1.02397962109535e-05,0.00037035057903267443,2.403996404609643e-05,6.466438208008185e-05,2.0984950310776185e-07,2.5825818283919943e-07,1.0,155.0
2.7851519917021506e-06,0.0019148270366713405,0.0004550516605377197,0.55232834815979,0.38453927636146545,0.7327896952629089,1.7767737517715432e-05,3.2238565381703665e-06,8.174871481969603e-07,0.04132451117038727,0.018389195203781128,0.020090607926249504,0.013766614720225334,0.004156665876507759,0.3193444013595581,0.3519062101840973,0.016983412206172943,0.3693147301673889,0.40597155690193176,0.22395353019237518,0.38130971789360046,0.008345922455191612,0.04362752288579941,3.5069173463853076e-05,0.0009933880064636469,0.031672704964876175,0.003414050443097949,0.007598933298140764,0.004456379450857639,0.0003071055980399251,0.00023956943186931312,0.00021157384617254138,0.011115443892776966,0.002396661089733243,0.00029894555336795747,0.0024110418744385242,0.016140956431627274,0.0005190569208934903,0.85930335521698,0.0038281534798443317,0.038901910185813904,0.016768500208854675,0.041392866522073746,0.025670943781733513,4.696308224083623e-06,6.129744178906549e-07,0.0002695464645512402,8.159422577591613e-05,4.9670601583784446e-05,1.7531358025735244e-05,3.266506155341631e-06,4.694431368079677e-07,2.0,156.0
4.5628959810528613e-07,6.438077980419621e-05,6.11515570199117e-05,0.8888323903083801,0.8363373875617981,0.5524362325668335,1.0472121175553184e-05,4.50336273161156e-07,1.7002612651140225e-07,0.120150625705719,0.03638731315732002,0.16595876216888428,0.11769427359104156,0.0008311435231007636,0.8268489837646484,0.8197728991508484,0.0011501284316182137,0.0697040855884552,0.08246855437755585,0.13695596158504486,0.19238267838954926,0.015175546519458294,0.016085462644696236,0.00013969292922411114,0.010427584871649742,0.0017230591038241982,1.9832384623441612e-06,0.00020795066666323692,0.0009206552640534937,0.002715989015996456,0.31655648350715637,0.30234959721565247,0.00035293775727041066,0.004304655361920595,0.00046084460336714983,0.0002970324130728841,0.017449351027607918,0.08209525048732758,0.026170723140239716,3.5426855902187526e-05,0.02951022982597351,0.00503305159509182,0.14923590421676636,0.00528295524418354,7.19694362487644e-05,4.847347372560762e-05,0.017273476347327232,0.010630162432789803,6.935682176845148e-05,8.29668206279166e-05,2.1105361156514846e-06,3.4616851962709916e-07,1.0,157.0
9.83937866294582e-07,0.22462353110313416,0.2284611314535141,0.0024488542694598436,0.017201712355017662,0.008532260544598103,5.566260369960219e-06,5.490449552780774e-07,3.112978674835176e-07,0.024072593078017235,0.019822722300887108,0.14533798396587372,0.14083637297153473,0.027133498340845108,0.13599996268749237,0.12272301316261292,0.026348290964961052,0.06670881807804108,0.07761304825544357,0.175320103764534,0.20803244411945343,0.034822650253772736,0.03227795660495758,6.131015106802806e-05,0.0009256225312128663,0.005915279500186443,0.0001542370009701699,0.00031985677196644247,0.0001720441650832072,0.0004106355190742761,0.04232979938387871,0.0795804113149643,0.005172538571059704,0.0015722152311354876,0.002140733879059553,0.0012560735922306776,0.00029169549816288054,0.0024264107923954725,0.7233316898345947,0.0002499130496289581,0.01779220812022686,0.0027652091812342405,0.016006579622626305,0.02859383076429367,2.720602651606896e-06,4.246207026881166e-06,0.00042843580013141036,0.015551106072962284,9.253595635527745e-05,0.0002084288717014715,3.665785470730043e-06,9.511302323517157e-07,1.0,158.0
2.0814111394429347e-06,0.03905142843723297,0.11025140434503555,0.07640291005373001,0.12032344192266464,0.03811278194189072,3.4964050428243354e-05,4.7111555545598094e-07,1.4064349898035289e-06,0.2996467351913452,0.4765153229236603,0.09881556779146194,0.15883417427539825,0.009243578650057316,0.1976526975631714,0.31226202845573425,0.04575199633836746,0.10006212443113327,0.058447033166885376,0.4257809519767761,0.2322358787059784,0.0018938069697469473,0.0005245730862952769,0.00014481529069598764,8.204793994082138e-05,0.06892972439527512,0.02867298014461994,0.0008386447443626821,0.0037636649794876575,0.00185494520701468,0.00024204538203775883,0.0007006263476796448,0.01615462265908718,0.0070821866393089294,0.028080202639102936,0.04975688084959984,0.0018846850143745542,0.004544583614915609,0.629339337348938,0.0001133895420935005,0.16051097214221954,0.08931352198123932,0.0043924967758357525,0.008341589942574501,1.0861231203307398e-06,1.890574367280351e-06,8.417283424932975e-06,0.01453385129570961,0.00016746853361837566,0.00020205370674375445,6.212415428308304e-06,1.214581402564363e-06,1.0,159.0
8.641972613077087e-07,0.6123415231704712,0.6758584976196289,0.00023581025016028434,0.0012856080429628491,0.00133665488101542,7.165840543166269e-06,6.082662196149613e-08,1.2097268609068124e-07,0.2820696532726288,0.33983540534973145,0.24713784456253052,0.2567322850227356,0.010601738467812538,0.22453080117702484,0.24802163243293762,0.029742145910859108,0.039547041058540344,0.0360201820731163,0.6073524951934814,0.48932409286499023,0.0016918786568567157,0.0006382059655152261,1.9299657651572488e-05,0.0015747492434456944,0.00989856943488121,0.00013191424659453332,0.0016142188105732203,0.0006839203997515142,0.005666285753250122,0.00028419395675882697,0.0002474361681379378,0.0005573549424298108,0.005059545394033194,0.00016281293937936425,0.00010270058555761352,0.005710651632398367,0.021268604323267937,0.09489760547876358,0.0004058373160660267,0.037548232823610306,0.029925433918833733,0.03765910863876343,0.009084229357540607,1.8739234292297624e-05,2.2468801034847274e-05,0.00021224989905022085,0.0005465776775963604,1.0568072866590228e-05,2.906530789914541e-05,3.2806440231070155e-07,1.8247072830490652e-07,1.0,160.0
4.1365126435266575e-07,0.0003251046873629093,0.0009777243249118328,0.39884164929389954,0.6809346675872803,0.25174370408058167,3.558172829798423e-05,3.909930228473968e-07,7.635641168235452e-07,0.0018214562442153692,0.0015246813418343663,0.04127112776041031,0.043987613171339035,0.0442192368209362,0.16169492900371552,0.12040220201015472,0.017616191878914833,0.21838942170143127,0.2104896456003189,0.01703830249607563,0.01045282743871212,0.2690153419971466,0.23834313452243805,8.95680786925368e-05,0.0006937812431715429,0.6497108340263367,0.03075507842004299,0.005304040852934122,0.017661605030298233,0.012944996356964111,9.96629569272045e-06,1.2546244761324488e-05,0.06584081798791885,0.00078737479634583,0.012551384046673775,0.02007616125047207,0.004344190005213022,0.00473358016461134,0.47951194643974304,0.008915819227695465,0.0027262840885668993,0.009250638075172901,0.00276308786123991,0.012541618198156357,5.362938463804312e-05,5.576280091190711e-05,4.466190512175672e-05,0.00030026145395822823,0.0010908080730587244,0.0012518152361735702,4.576131232170155e-06,2.0871107153652702e-07,1.0,161.0
1.4389503348866128e-06,0.20904532074928284,0.29524749517440796,0.054557666182518005,0.00338468374684453,0.005971970967948437,6.049331204849295e-05,2.0245684595465718e-07,4.3576511643550475e-07,0.15480458736419678,0.14495635032653809,0.033475033938884735,0.046660467982292175,0.04098019376397133,0.06488645076751709,0.11037614196538925,0.07863195240497589,0.2542419731616974,0.23405084013938904,0.3789050877094269,0.28269413113594055,0.006150613073259592,0.0026334919966757298,0.0001682868314674124,0.030370132997632027,0.1846495121717453,0.00013853886048309505,0.03421460837125778,0.0006280952366068959,0.001513311523012817,0.0014733789721503854,0.002349598566070199,0.0011623101308941841,0.0011072439374402165,0.028308354318141937,0.03062506765127182,0.005591943394392729,0.030222615227103233,0.08867959678173065,0.00019585575500968844,0.12607701122760773,0.053432662039995193,0.0056077176705002785,0.00046095947618596256,5.630638952425215e-06,7.261497557919938e-06,6.326623406494036e-05,0.0033689667470753193,3.7420816170197213e-06,5.1608308240247425e-06,5.154609539204102e-07,1.0243174983770587e-06,2.0,162.0
1.694579054856149e-06,0.02172529511153698,0.04016079381108284,0.021663615480065346,0.25693279504776,0.10317191481590271,2.9441245715133846e-05,4.7588315510438406e-07,1.4410144331122865e-06,0.008499488234519958,0.0025370679795742035,0.03904962167143822,0.030567243695259094,0.019565319642424583,0.11520649492740631,0.12589342892169952,0.03385024890303612,0.21826128661632538,0.23686665296554565,0.0710340291261673,0.06453577429056168,0.059616971760988235,0.12984229624271393,6.839128764113411e-05,0.011727025732398033,0.20042361319065094,0.0007694439846090972,0.007986475713551044,0.0017583684530109167,0.0010077342158183455,0.000639578967820853,0.0017147590406239033,0.00720192538574338,0.006343548651784658,0.02670922502875328,0.030071431770920753,0.0010656588710844517,0.004955052863806486,0.8099362850189209,0.0001488180278101936,0.25891050696372986,0.09305383265018463,0.011110895313322544,0.004118296783417463,1.896828933922734e-07,2.0898254149415152e-07,7.586192623421084e-06,0.001410186756402254,1.5767278455314226e-05,1.558349686092697e-05,1.5398112509501516e-06,1.0556482266110834e-06,1.0,163.0
1.2653596058953553e-05,0.4337896406650543,0.6115133762359619,0.0004364099004305899,0.004720911383628845,0.0022142466623336077,0.0007817478035576642,1.6089461496449076e-06,1.4835503634458291e-06,0.15884019434452057,0.2038484513759613,0.2142035812139511,0.26572179794311523,0.12425143271684647,0.020572645589709282,0.05352574214339256,0.23026059567928314,0.05583397299051285,0.04175252094864845,0.6169883012771606,0.5398929715156555,0.007571793626993895,0.0029132200870662928,0.001025530742481351,0.0005583077436313033,0.0287471916526556,0.00022008447558619082,0.001372364116832614,0.001879952265881002,0.004265942610800266,0.012526646256446838,0.008765275590121746,0.0008253613486886024,0.0006149093387648463,0.021954460069537163,0.04225518926978111,0.096195749938488,0.15342755615711212,0.00019881331536453217,0.00022547545086126775,0.037726953625679016,0.17135126888751984,0.01680295355618,0.011878879740834236,0.7579939961433411,0.8024232983589172,0.07578504085540771,0.12551189959049225,0.2992994487285614,0.4641095697879791,3.848611243029154e-07,7.373998869297793e-06,0.0,164.0
5.077362175143207e-07,0.0006020399159751832,0.015006020665168762,0.4963049590587616,0.29146450757980347,0.15941932797431946,4.0999271732289344e-05,4.979807272320613e-06,9.494454502601002e-07,0.09139391779899597,0.04535027965903282,0.01687576249241829,0.03253360837697983,0.08293244242668152,0.13688109815120697,0.20220470428466797,0.15196184813976288,0.3144873082637787,0.2732411026954651,0.2565065622329712,0.31802400946617126,0.01568055897951126,0.017481040209531784,0.002361241728067398,6.394294177880511e-05,0.00024463224690407515,0.0044298330321908,1.9045612589252414e-06,0.0006004422320984304,0.002581305569037795,0.01203922275453806,0.017269378527998924,0.015622478909790516,2.7835749278892763e-05,0.31231024861335754,0.5385668277740479,0.028753018006682396,0.011096355505287647,0.26462680101394653,0.03137994185090065,0.021268587559461594,0.0015101417666301131,0.01246777456253767,0.03888251632452011,0.00035540477256290615,0.00014186825137585402,0.000946010637562722,0.08092676848173141,0.0009944570483639836,0.0002494652580935508,0.00021001719869673252,2.5171766537823714e-06,1.0,165.0
1.345938926533563e-06,0.14898072183132172,0.08918716758489609,0.029694778844714165,0.021225977689027786,0.022790297865867615,1.1901641300937627e-05,1.0945962714004054e-07,1.550945825101735e-07,0.23456032574176788,0.288415789604187,0.5119755268096924,0.49581214785575867,0.020975735038518906,0.09847333282232285,0.17219515144824982,0.05972429737448692,0.018086416646838188,0.010933907702565193,0.23481284081935883,0.2003525048494339,0.005105689633637667,0.0019886891823261976,4.55898953077849e-05,0.0011104303412139416,0.0016079802298918366,1.0224524885416031e-05,0.00044652901124209166,0.0012488748179748654,0.0010027819080278277,0.03449731320142746,0.04170949012041092,0.0001812260306905955,0.0025740249548107386,0.00014456719509325922,7.418772293021902e-05,0.04999266937375069,0.060598861426115036,0.0009814538061618805,8.522573625668883e-05,0.00588169926777482,0.002941223792731762,0.04237770661711693,0.018849657848477364,0.005734600592404604,0.005715311039239168,0.01618863269686699,0.01564682275056839,0.0004738287825603038,0.0007389055099338293,1.277716819458874e-06,1.969177219507401e-06,1.0,166.0
1.232745034940308e-06,0.0027721053920686245,0.0030232856515794992,0.34819748997688293,0.23060265183448792,0.31761807203292847,0.00012583339412230998,3.6774420664187346e-07,2.0640718503273092e-06,0.07197848707437515,0.03932594880461693,0.015126487240195274,0.016190167516469955,0.008012080565094948,0.39298000931739807,0.3995007872581482,0.012257112190127373,0.4401806890964508,0.39292433857917786,0.6058911085128784,0.13324514031410217,0.01318400353193283,0.017630796879529953,0.0005172256496734917,0.008913417346775532,0.041918449103832245,0.00022012225235812366,0.003322553588077426,0.005680693779140711,0.00040811020880937576,0.1064000129699707,0.07606425881385803,0.00037278590025380254,0.3870738446712494,0.00797016080468893,0.018322566524147987,0.0723041296005249,0.006288084201514721,0.006616642698645592,7.563659920606369e-08,0.07266728579998016,0.04410288482904434,0.0015207850374281406,0.0004605420399457216,0.00017945044965017587,2.5085801098612137e-05,0.265394389629364,0.01497622113674879,5.007223080610856e-06,1.7291422409471124e-06,3.554353725121473e-06,1.0925537026196253e-06,0.0,167.0
5.664016953232931e-07,0.0012653364101424813,0.0006602474022656679,0.5676544904708862,0.26985371112823486,0.25905299186706543,6.0505943110911176e-05,9.055162877302791e-07,8.258567731900257e-07,0.060587141662836075,0.019504565745592117,0.028460612520575523,0.02924707531929016,0.02200564555823803,0.24662204086780548,0.24455972015857697,0.009801835753023624,0.3405211865901947,0.29600003361701965,0.38286879658699036,0.1190706416964531,0.020831342786550522,0.04079991951584816,0.0002627463545650244,0.057830870151519775,0.6472959518432617,0.003161675063893199,0.004383751656860113,0.02241574414074421,0.0963452160358429,0.00010803616169141605,0.00024905792088247836,0.04848332703113556,0.001035540015436709,0.15411578118801117,0.15260496735572815,0.0003001807490363717,0.007237424608319998,0.6756011247634888,0.0010367512004449964,0.018680978566408157,0.037849389016628265,0.0027577464934438467,0.004818326327949762,2.3734733076707926e-06,6.396872322511626e-06,3.115831759714638e-06,0.0006572031998075545,3.442768138484098e-05,6.128916720626876e-05,5.091874754725723e-06,1.0119304079125868e-06,1.0,168.0
3.455540138475044e-07,2.077643330267165e-05,1.1344173799443524e-05,0.9510264992713928,0.9064599275588989,0.9049620032310486,0.000164469558512792,1.0813688504640595e-06,9.847293767961673e-06,0.012561878189444542,0.006608974654227495,0.6112046241760254,0.6736288070678711,0.09506671130657196,0.7850245833396912,0.11643994599580765,0.0009560225298628211,0.010036774910986423,0.004676130600273609,0.03658990561962128,0.015910640358924866,0.07772327214479446,0.21080535650253296,0.0007526138215325773,0.17279471457004547,0.5842154026031494,0.002413024427369237,0.002030028495937586,0.07568483054637909,0.0888284370303154,0.00010904320515692234,0.00011826942500192672,0.15882231295108795,0.0014969598269090056,0.2341754287481308,0.41514721512794495,0.010490449145436287,0.0050432151183485985,0.2058326154947281,0.0025641191750764847,0.003553248243406415,0.013444099575281143,0.0008215794805437326,0.01823011226952076,0.0007203154964372516,0.00048113142838701606,0.00023131759371608496,0.0005617075366899371,0.0016269260086119175,0.0007465852540917695,2.3353608412435278e-05,1.2172786227893084e-06,1.0,169.0
1.8725984318734845e-07,0.0099782794713974,0.0032134419307112694,0.029887543991208076,0.27875950932502747,0.14356452226638794,6.103480700403452e-06,2.873304936201748e-07,9.225005470625547e-08,0.010863492265343666,0.014889072626829147,0.15194471180438995,0.20292748510837555,0.838566243648529,0.001123875961638987,0.0013635311042889953,0.873532772064209,0.06686437875032425,0.04264811426401138,0.11418130248785019,0.027559226378798485,0.13205759227275848,0.03904053941369057,3.4374275855952874e-05,0.026667006313800812,0.0005332432920113206,8.259881724370643e-06,1.2092441465938464e-05,0.00041126369615085423,0.001003172481432557,0.05300591513514519,0.02404584176838398,0.003919315058737993,0.00645223306491971,0.0016570976004004478,0.00057841936359182,0.0012051407247781754,0.004172645043581724,0.7084318399429321,0.000173585198353976,0.011742337606847286,0.0039447639137506485,0.2882278859615326,0.1780378222465515,1.6065588397395913e-06,6.476647058661911e-07,0.008880562148988247,9.06878340174444e-05,0.0016392437973991036,0.002668198198080063,8.07402375357924e-06,3.191283894921071e-07,1.0,170.0
2.165142632293282e-06,3.156732054776512e-05,9.880500329018105e-06,0.9797660708427429,0.7481341361999512,0.696534276008606,0.000128269792185165,5.696791163245507e-07,6.946180292288773e-06,0.006910415366292,0.0034635616466403008,0.3645465672016144,0.3403075635433197,0.21458908915519714,0.327926903963089,0.01936214603483677,0.008829409256577492,0.018535153940320015,0.01613565720617771,0.024355994537472725,0.007780864369124174,0.12403398007154465,0.1513228714466095,0.0011223630281165242,0.0008108229958452284,0.014554710127413273,0.0001785882777767256,0.0010436607990413904,0.07892154157161713,0.04383174702525139,0.0002485145232640207,0.00041761636384762824,0.0027638410683721304,0.0013334399554878473,0.015063555911183357,0.022871101275086403,0.3049226999282837,0.33797356486320496,0.0016685508890077472,0.0008833294850774109,0.0186830535531044,0.027364782989025116,0.002043576445430517,0.007571564055979252,0.06249465048313141,0.0806787759065628,0.002775116590783,0.03731381893157959,0.001182824489660561,0.0015041263541206717,5.893770321563352e-06,6.784792958569597e-07,1.0,171.0
8.657439138914924e-07,0.00023023808898869902,0.00019620715465862304,0.4298231303691864,0.7936532497406006,0.7702796459197998,0.0010951864533126354,1.24531943583861e-05,3.133660811727168e-06,0.018099751323461533,0.012800348922610283,0.06988590210676193,0.06647370755672455,0.06588558852672577,0.08446944504976273,0.06697732210159302,0.05043407902121544,0.1811991035938263,0.20743361115455627,0.15477192401885986,0.1138877347111702,0.06000464782118797,0.09890012443065643,0.010325662791728973,0.0023343705106526613,0.02348116785287857,0.00024498027050867677,0.00014691574324388057,0.001002589357085526,0.006775700952857733,0.014253847301006317,0.009788798168301582,0.025166887789964676,0.0005654330016113818,0.763601541519165,0.8306561708450317,0.015653101727366447,0.04530377313494682,0.010030820965766907,0.00020575927919708192,0.0011913249036297202,0.0029061369132250547,0.0018221846548840404,0.029263433068990707,0.8032604455947876,0.8464711904525757,0.3873741626739502,0.5565491914749146,0.3944624066352844,0.4801686406135559,1.4695459867652971e-05,7.788626135152299e-06,0.0,172.0
3.135950692012557e-06,0.507572591304779,0.6030122637748718,0.0001611226034583524,0.0010969797149300575,0.0006812081555835903,7.432849088218063e-05,8.098245416476857e-07,1.0027331853734722e-07,0.133551687002182,0.3211783468723297,0.02229405753314495,0.05027226731181145,0.09941840916872025,0.03219185769557953,0.05855702981352806,0.1635030210018158,0.3985373079776764,0.28330808877944946,0.5981974601745605,0.5494390726089478,0.0043176994659006596,0.001200635451823473,0.00016447363304905593,0.004775054752826691,0.24831224977970123,0.00012885589967481792,0.19476766884326935,0.00018782303959596902,0.1536700427532196,0.0036729625426232815,0.002606067107990384,0.0025844592601060867,3.945737626054324e-05,0.023219194263219833,0.0055177658796310425,0.0032810235861688852,0.3452141582965851,0.06592416763305664,0.029757821932435036,0.060551807284355164,0.006910490337759256,0.015525570139288902,0.010602690279483795,0.0002633557887747884,0.0025765469763427973,0.00025514818844385445,0.011357082985341549,1.5094316040631384e-05,0.00012923193571623415,1.0989285925688819e-07,9.73948431237659e-07,1.0,173.0
4.071957391715841e-06,0.8735361099243164,0.8839986324310303,0.0003336179943289608,0.0006548960809595883,0.0006777895614504814,0.001103309914469719,2.1423009002319304e-06,1.6888468508113874e-06,0.8471927046775818,0.75150066614151,0.7302760481834412,0.7254816293716431,0.022356996312737465,0.27009761333465576,0.26477423310279846,0.010704523883759975,0.00637267017737031,0.0070739327929914,0.4693881869316101,0.6894302368164062,0.0004532459715846926,0.0002207664801971987,0.0036383019760251045,0.004852100275456905,0.12063755095005035,0.0011583868181332946,0.0010811573592945933,0.0029968726448714733,0.006935638375580311,0.026004204526543617,0.020846502855420113,0.021235482767224312,0.0010779728181660175,0.6646819114685059,0.6688328981399536,0.02607228048145771,0.05667771399021149,0.0028798305429518223,5.505650187842548e-05,0.015022027306258678,0.024977587163448334,0.00226370501331985,0.017021091654896736,0.7075012922286987,0.7616536021232605,0.14115510880947113,0.11996132135391235,0.5072370767593384,0.47908949851989746,1.4409580444407766e-06,7.500400442950195e-06,2.0,174.0
3.730942353286082e-06,0.012097957544028759,0.170368030667305,0.004481499083340168,0.20799954235553741,0.017588917165994644,0.00015410924970638007,1.1415332892283914e-06,6.239897629711777e-07,0.041421953588724136,0.0801464095711708,0.0019569192081689835,0.016331715509295464,0.41452106833457947,0.0028991634026169777,0.013799170963466167,0.4461846649646759,0.715197741985321,0.5094487071037292,0.6286294460296631,0.05346451327204704,0.01738283783197403,0.003293417626991868,0.0004171765176579356,0.0009565865038894117,0.007714484818279743,6.347066664602607e-05,0.0006441210280172527,0.0011721791233867407,0.06340432912111282,0.010899488814175129,0.009140943177044392,0.0019476680317893624,3.308732630102895e-05,0.012737180106341839,0.007909693755209446,0.01335756666958332,0.29614028334617615,0.0029005680698901415,0.018655795603990555,0.012715007178485394,0.0021358286030590534,0.018807729706168175,0.09558100998401642,0.026585066691040993,0.19426456093788147,0.0026175519451498985,0.13712084293365479,0.004558700602501631,0.016184989362955093,4.503604486671975e-06,3.2797283893160056e-06,2.0,175.0
5.173406407266157e-06,0.0061507211066782475,0.03738677501678467,0.0018625028897076845,0.396616131067276,0.12955433130264282,5.747369141317904e-05,8.513218290318036e-07,3.7775646433146903e-07,0.6584097743034363,0.7342327237129211,0.6768319010734558,0.6366654634475708,0.08151955902576447,0.05802405998110771,0.04505235329270363,0.0838661789894104,0.011222750879824162,0.004495559260249138,0.7634960412979126,0.5129849910736084,0.0007370334351435304,0.00010096988262375817,0.00010801762255141512,0.0005106310709379613,0.0026433621533215046,1.9772842279053293e-05,0.002062745625153184,0.002574905287474394,0.005644718650728464,0.014799577184021473,0.013925210572779179,0.0008637287537567317,0.0013082557125017047,0.000123430450912565,0.00015490554505959153,0.0485917404294014,0.05125592276453972,0.010138463228940964,0.000897250953130424,0.010699843056499958,0.0007903685909695923,0.09484818577766418,0.06065584719181061,0.15917454659938812,0.17114318907260895,0.0750875174999237,0.13443611562252045,0.001557946321554482,0.002897396683692932,2.45128740061773e-06,1.6421651025666506e-06,2.0,176.0
4.330661795393098e-06,0.08786659687757492,0.05141719430685043,0.04172337055206299,0.06997653841972351,0.06509873270988464,2.7035479433834553e-05,1.1217774726901553e-06,1.298484221479157e-06,0.08185488730669022,0.016645273193717003,0.011236759833991528,0.008710473775863647,0.0009017967386171222,0.7805888056755066,0.758399248123169,0.001253835391253233,0.5062785148620605,0.5093221664428711,0.4927404820919037,0.2696576416492462,0.006794164888560772,0.022741038352251053,7.681460556341335e-05,0.0008194688125513494,0.040395502001047134,0.0008635998819954693,0.0174842681735754,0.0025297212414443493,0.0016241936245933175,0.0025355187244713306,0.002554788254201412,0.0013632981572300196,0.0023905921261757612,0.0012881482252851129,0.0022325068712234497,0.02645825408399105,0.013295833021402359,0.3946971595287323,0.0005835770862177014,0.20405222475528717,0.014821131713688374,0.035071276128292084,0.004013603087514639,2.3320579202845693e-05,1.0716797987697646e-05,0.0006741484976373613,0.0010078599443659186,2.531353402446257e-06,1.7249869870283874e-06,1.1508914212754462e-06,7.349885891017038e-07,1.0,177.0
1.2409570899762912e-06,0.0029980225954204798,0.0037905643694102764,0.16938772797584534,0.43244674801826477,0.2621646821498871,0.0018515605479478836,1.575073110871017e-05,3.12881411446142e-06,0.6729779243469238,0.40050020813941956,0.49762430787086487,0.46501821279525757,0.024683058261871338,0.304305762052536,0.276340126991272,0.009417022578418255,0.02207408845424652,0.031023627147078514,0.6514462232589722,0.3228980302810669,0.0009721521055325866,0.002901229076087475,0.0061351461336016655,0.00014766417734790593,0.2758629620075226,0.11992324143648148,0.00035056425258517265,0.013795142993330956,0.013970357365906239,0.043573975563049316,0.04926210641860962,0.06054088473320007,1.4381503206095658e-05,0.857659101486206,0.9355010986328125,0.008194762282073498,0.007156894076615572,0.017723092809319496,0.004463476128876209,0.0013567836722359061,0.0014554900117218494,0.0005777381011284888,0.014989719726145267,0.8077707886695862,0.8505863547325134,0.13333357870578766,0.2641439437866211,0.11777288466691971,0.23261535167694092,2.0965915609849617e-05,1.4229974112822674e-05,1.0,178.0
7.516882192248886e-07,0.0008680314058437943,0.00018514384282752872,0.5660736560821533,0.6317569017410278,0.6309944987297058,0.00011120298586320132,7.944952358229784e-07,3.239472789573483e-06,0.002034771488979459,0.0005194828263483942,0.34702372550964355,0.2801291346549988,0.11752258986234665,0.47601187229156494,0.0473298653960228,0.003528209403157234,0.021216578781604767,0.021922478452324867,0.010175459086894989,0.0032750412356108427,0.267632395029068,0.412143349647522,0.000264818430878222,0.009223799221217632,0.6713066697120667,0.014987902715802193,0.0009509329102002084,0.019630195572972298,0.038283322006464005,0.0003323437413200736,0.000486001226818189,0.06387154012918472,0.0003519538149703294,0.2069024294614792,0.31352153420448303,0.0020491338800638914,0.005903279408812523,0.2024553418159485,0.006233432330191135,0.006316896062344313,0.01689094305038452,0.0038850780110806227,0.08991416543722153,8.964061998995021e-05,0.00013258233957458287,6.459010910475627e-05,0.0010242972057312727,0.005137361586093903,0.008282996714115143,1.7265423593926243e-05,1.295427864533849e-06,1.0,179.0
1.7592815027001052e-07,0.06631647795438766,0.009957532398402691,0.05501170828938484,0.09144659340381622,0.04942189157009125,1.900480128824711e-05,1.0441642217529079e-07,2.3470757781751672e-08,0.14054295420646667,0.12307043373584747,0.040148310363292694,0.0469374880194664,0.15662896633148193,0.21386198699474335,0.11017902940511703,0.097955122590065,0.24049435555934906,0.1916469782590866,0.3292357325553894,0.4060000479221344,0.017188094556331635,0.003829075489193201,0.00011116482346551493,0.15401729941368103,0.025945544242858887,5.373642852646299e-05,0.000619462167378515,4.271422221790999e-05,0.0016503578517585993,0.14943033456802368,0.06655778735876083,0.0030678296461701393,0.0034100390039384365,0.3136204481124878,0.043962374329566956,2.3682778191869147e-05,0.004430150613188744,0.5489397048950195,2.4697008484508842e-05,0.04672108218073845,0.027869118377566338,0.021893495693802834,0.015676578506827354,3.4625127653953314e-08,1.6818650294680992e-07,0.0009792210767045617,0.0002633071271702647,0.0006004396127536893,0.012834594585001469,2.409243734291522e-06,1.1839991032047692e-07,1.0,180.0
1.4904493355061277e-06,0.20503294467926025,0.1981801688671112,0.032530345022678375,0.015017915517091751,0.006287913769483566,8.448977496300358e-06,3.711699889663578e-07,2.5124683133981307e-07,0.021849200129508972,0.028491433709859848,0.010669268667697906,0.011211597360670567,0.13335926830768585,0.03299146890640259,0.02424607053399086,0.1361009180545807,0.45735326409339905,0.4179408550262451,0.17131143808364868,0.09751661121845245,0.027171265333890915,0.01682399958372116,1.3845648027199786e-05,0.006140018813312054,0.029858483001589775,0.00013304752064868808,0.0032823116052895784,0.00029263144824653864,0.0014617628185078502,0.0012174323201179504,0.0014897685032337904,0.002770018298178911,0.0014343105722218752,0.0018210122361779213,0.0010269837221130729,0.0008568328339606524,0.0084039606153965,0.9147801995277405,0.001843634876422584,0.5271556377410889,0.22102363407611847,0.11178655922412872,0.007653869688510895,6.95985349352668e-08,6.748063441364138e-08,2.2451493350672536e-05,0.00016168004367500544,2.979244527523406e-06,6.794753062422387e-06,8.144670573528856e-07,2.5537039505252324e-07,1.0,181.0
3.009827764799411e-07,0.0033240497577935457,0.004492470528930426,0.1039256900548935,0.415952205657959,0.21515436470508575,4.872641056863358e-06,7.052486239444988e-08,2.967463785807922e-07,0.10955013334751129,0.04817270115017891,0.33851489424705505,0.3197709918022156,0.02297293394804001,0.18807248771190643,0.18905813992023468,0.01698896288871765,0.022202394902706146,0.021850084885954857,0.18106642365455627,0.12133479863405228,0.008202075026929379,0.013545993715524673,3.935808490496129e-05,0.00037369338679127395,0.0015088287182152271,5.1411807362455875e-05,0.0004231370403431356,0.004618386272341013,0.00046788653708063066,0.00019836380670312792,0.0003878301358781755,0.0016194127965718508,0.009596001356840134,0.00016558710194658488,0.0001766777568263933,0.01110890507698059,0.008019869215786457,0.10772078484296799,0.0001673515362199396,0.002448305720463395,0.0014095650985836983,0.006465875077992678,0.007707242853939533,0.00038067775312811136,0.0003511406830511987,0.0007158509688451886,0.006347944028675556,0.0001364274648949504,0.00011072916095145047,3.3701380743877962e-06,2.6275253617313865e-07,1.0,182.0
6.774984626645164e-07,0.000720666372217238,0.000541180488653481,0.09906791150569916,0.7063713073730469,0.5898541212081909,4.2089581256732345e-05,4.524443397713185e-07,1.5332567500081495e-06,0.0035577674861997366,0.0011785271344706416,0.04676595330238342,0.08018442988395691,0.025554802268743515,0.3785088360309601,0.23465949296951294,0.0023551813792437315,0.16043119132518768,0.10892879217863083,0.07122065126895905,0.014897600747644901,0.1515469253063202,0.23061224818229675,0.00010631119948811829,0.004957882221788168,0.30971017479896545,0.0015097125433385372,0.006782157346606255,0.0025875892024487257,0.000677355274092406,0.0004958435310982168,0.0005937800160609186,0.03601456061005592,0.010316531173884869,0.023270662873983383,0.04080527648329735,0.0033168834634125233,0.0020450055599212646,0.4831692576408386,0.0001183880158350803,0.018651645630598068,0.04247285798192024,0.0019339262507855892,0.007383778691291809,6.366340130625758e-06,2.7020630568586057e-06,0.00016413320554420352,0.0003959762107115239,0.0002505551092326641,0.00015028326015453786,4.498101588978898e-06,5.596187406808895e-07,1.0,183.0
8.476276889268775e-07,0.07408643513917923,0.024921288713812828,0.00318891741335392,0.006670794915407896,0.22510357201099396,0.00031059011234901845,1.9313056327519007e-06,8.722262236915412e-07,0.18263983726501465,0.0784159004688263,0.18053358793258667,0.1665230393409729,0.01521181222051382,0.49827781319618225,0.4853883981704712,0.02132812887430191,0.07841077446937561,0.09341529756784439,0.4264659583568573,0.7033910751342773,0.0030593215487897396,0.013384067453444004,0.001266386592760682,0.0021900013089179993,0.2766113579273224,0.011380733922123909,0.0007713359082117677,0.009972011670470238,0.0062822140753269196,0.009600027464330196,0.011874580755829811,0.005331684835255146,0.0025061462074518204,0.3581712543964386,0.29660242795944214,0.01257824245840311,0.010081766173243523,0.00220881006680429,1.0457411008246709e-05,0.005061617121100426,0.007766938768327236,0.0003413132799323648,0.013538203202188015,0.006121797487139702,0.004093456547707319,0.01656999997794628,0.03284793719649315,0.0029733655974268913,0.0015559943858534098,2.326842832189868e-06,3.8001330722181592e-06,1.0,184.0
1.926005097629968e-07,0.0002967235923279077,0.00029758314485661685,0.7197122573852539,0.49804577231407166,0.244638592004776,9.619082447898109e-06,1.5444514644968876e-07,4.2040053926939436e-07,0.013442279770970345,0.011603420600295067,0.1010303944349289,0.1533006727695465,0.1253799945116043,0.18335480988025665,0.04076552018523216,0.023028815165162086,0.10735777765512466,0.05477939546108246,0.04002758860588074,0.019477006047964096,0.07749897986650467,0.08338738977909088,6.05572022323031e-05,0.004295878112316132,0.0484408475458622,0.000810679979622364,0.009618700481951237,0.001824061619117856,0.04405701532959938,1.3161291008145781e-06,1.2909597444377141e-06,0.037875283509492874,0.005241854581981897,0.005408764351159334,0.0038966177962720394,0.0005564459715969861,0.008688121102750301,0.981055736541748,0.007324338890612125,0.1773877739906311,0.22353029251098633,0.005606058519333601,0.0023161175195127726,1.880427902278825e-07,3.4642943091967027e-07,1.5776591908434057e-06,1.0922236469923519e-05,5.728658834414091e-06,1.9186834833817557e-05,1.0910376886386075e-06,2.6572221756282488e-08,1.0,185.0
4.288024229026632e-06,0.009255848824977875,0.013059317134320736,0.17439544200897217,0.1813061535358429,0.19643478095531464,0.00038988550659269094,8.064988833211828e-06,5.444504949991824e-06,0.09412673115730286,0.04209228232502937,0.13762874901294708,0.17930729687213898,0.0005249940440990031,0.08376516401767731,0.8372101783752441,0.14133673906326294,0.033078283071517944,0.021476101130247116,0.3520381450653076,0.17302557826042175,0.00762754213064909,0.011685618199408054,0.0007794330012984574,0.00026379458722658455,0.024160774424672127,0.001247221720404923,0.0015451654326170683,0.00895667728036642,0.004866057075560093,0.013437941670417786,0.00898666400462389,0.0005239865859039128,0.002092815237119794,0.00709583330899477,0.010741074569523335,0.19862768054008484,0.06370614469051361,0.0009860763093456626,0.00013529507850762457,0.05335250124335289,0.007850483059883118,0.011390754953026772,0.03423946350812912,0.052135393023490906,0.02919989824295044,0.33664169907569885,0.0456957072019577,0.0031239930540323257,0.0020258547738194466,3.089164465563954e-06,1.0778809155453928e-05,1.0,186.0
4.063741016580025e-06,0.0003404525632504374,0.0004926493857055902,0.6045793294906616,0.8671656847000122,0.5366324186325073,0.00015664698730688542,5.632271495414898e-06,5.07112827108358e-06,0.012808581814169884,0.00612290296703577,0.06403703987598419,0.06339193880558014,0.000980227254331112,0.6028090715408325,0.553538978099823,0.005032629240304232,0.12165720015764236,0.1510688066482544,0.111654132604599,0.038803890347480774,0.052964452654123306,0.08996671438217163,0.0008118933765217662,0.0003852222580462694,0.05382801964879036,0.003071793355047703,0.0004455875314306468,0.003966405056416988,0.004966008942574263,0.004690387286245823,0.009551429189741611,0.01609652303159237,0.0005792455049231648,0.16296732425689697,0.22469311952590942,0.009502748027443886,0.023605234920978546,0.06856048852205276,0.0011491270270198584,0.041225410997867584,0.005682657472789288,0.015457266941666603,0.1945754587650299,0.00014122363063506782,0.00022454628197010607,0.00037623007665388286,0.05035839602351189,0.026713820174336433,0.03449450433254242,1.8737160644377582e-05,6.561071586475009e-06,0.0,187.0
3.080769204188982e-07,0.03547193855047226,0.03560404106974602,0.013900130987167358,0.08012520521879196,0.05644126981496811,8.80919469636865e-06,9.959551761085095e-08,3.116257119017973e-08,0.12057188153266907,0.11581070721149445,0.018793025985360146,0.017178351059556007,0.11216118931770325,0.03556997328996658,0.035521212965250015,0.12056080996990204,0.36798158288002014,0.370205819606781,0.3947427570819855,0.46248912811279297,0.00538855604827404,0.0023679728619754314,3.7338584661483765e-05,0.003970387391746044,0.02652725763618946,5.485405563376844e-05,0.013101636432111263,0.00045283770305104554,0.013900090008974075,7.838189048925415e-05,5.6443754147039726e-05,0.003387692617252469,0.0007611075416207314,0.0011368298437446356,0.0004280180437490344,0.002000459935516119,0.034153055399656296,0.2834855020046234,0.0028162235394120216,0.01347043551504612,0.025118915364146233,0.0038001181092113256,0.001952062826603651,1.3497099644155242e-05,2.6714680643635802e-05,0.00020038838556502014,0.0002310858981218189,4.046689809911186e-06,1.1974504559475463e-05,2.3218591138629563e-07,1.2088158030110208e-07,1.0,188.0
7.032478492874361e-07,0.009737483225762844,0.0023905036505311728,0.11692865192890167,0.21243390440940857,0.21025986969470978,7.383681077044457e-05,6.53618940305023e-07,3.620525319547596e-07,0.08141500502824783,0.032780248671770096,0.08288054168224335,0.0947929099202156,0.47251322865486145,0.005554200615733862,0.010110883973538876,0.4514387547969818,0.0897110179066658,0.10179439187049866,0.4478713870048523,0.22952449321746826,0.009528451599180698,0.012946086935698986,7.40293471608311e-05,0.1167399138212204,0.14933550357818604,1.0437454875500407e-05,0.0016798360738903284,0.0011707223020493984,0.0003542006015777588,0.05606130138039589,0.05853027105331421,0.0005434639751911163,0.00016677600797265768,0.032812997698783875,0.03356142342090607,0.007398999761790037,0.00943717174232006,0.010662023909389973,0.0003854314854834229,0.21825839579105377,0.18137507140636444,0.0252731554210186,0.007252203766256571,3.7360232454375364e-06,1.425529262633063e-06,0.002972055459395051,0.0011275846045464277,0.0016837406437844038,0.0016807031352072954,1.1065103535656817e-06,1.6669266642566072e-06,1.0,189.0
1.651562229199044e-07,3.739406383829191e-05,9.473666978010442e-06,0.9432957768440247,0.8674522638320923,0.799267590045929,4.8476103984285146e-05,7.312864909181371e-07,1.9069898371526506e-07,0.04925128445029259,0.04034758731722832,0.06352212280035019,0.08468309789896011,0.031700607389211655,0.12800508737564087,0.1336059719324112,0.05222662165760994,0.1567101925611496,0.11856573820114136,0.1324697732925415,0.03363461419939995,0.03381927311420441,0.019700517877936363,0.00022742338478565216,0.05309200659394264,0.12282578647136688,0.00010577214561635628,0.0005825561820529401,0.00015278100909199566,0.0012922334717586637,0.008623436093330383,0.009791575372219086,0.0156929362565279,0.0004078506026417017,0.11914417147636414,0.08214440196752548,0.0002018153463723138,0.003937985748052597,0.350107878446579,0.0007736617117188871,0.02835368551313877,0.045323096215724945,0.004245187621563673,0.01040999498218298,5.400788154474867e-07,6.397267497959547e-07,0.00019002085900865495,0.0011673386907204986,0.0007203422719612718,0.0015805530129000545,7.402245955745457e-06,4.708586516244395e-07,1.0,190.0
1.4085397879171069e-06,0.010546259582042694,0.013714640401303768,0.021117987111210823,0.20914927124977112,0.13145582377910614,0.000259043590631336,7.528489618380263e-07,1.157153633357666e-06,0.004714807961136103,0.001376193598844111,0.0638701394200325,0.05447410047054291,0.03921244293451309,0.08621731400489807,0.07892630249261856,0.03546570613980293,0.1433022916316986,0.15813440084457397,0.030354103073477745,0.02120468206703663,0.10080114006996155,0.1792977750301361,0.0005312158609740436,0.0037990331184118986,0.3229512870311737,0.00034161776420660317,0.003647678066045046,0.004620006773620844,0.008050338365137577,0.0003187568800058216,0.000329233065713197,0.03964892774820328,0.0034776816610246897,0.1118902713060379,0.08999904245138168,0.011373810470104218,0.03202630952000618,0.011562967672944069,0.00013667864550370723,0.0010484493104740977,0.0035378742031753063,0.000665609142743051,0.08527575433254242,0.046800754964351654,0.07803280651569366,0.007973833940923214,0.00894902739673853,0.14786593616008759,0.21961432695388794,2.602256927275448e-06,1.8643478369995137e-06,1.0,191.0
6.447306759582716e-07,4.609006646205671e-05,7.997322973096743e-05,0.7591174244880676,0.6588758230209351,0.7542363405227661,2.3505432181991637e-05,1.3039592658969923e-06,2.229863412139821e-06,0.06836020946502686,0.03470278158783913,0.23266012966632843,0.2399902641773224,0.0019092762377113104,0.8467850089073181,0.8454772233963013,0.0006059356383047998,0.04247657209634781,0.0364527702331543,0.2933080196380615,0.09130114316940308,0.0142119862139225,0.029964080080389977,0.0002082459395751357,5.4581516451435164e-05,0.0006623268127441406,0.00043072947300970554,6.470891094068065e-05,0.007760411594063044,0.003688812954351306,0.004078010097146034,0.00314673432148993,0.0005884545389562845,0.0010519805364310741,0.0004106439300812781,0.0007032057619653642,0.11975275725126266,0.023575402796268463,0.009583416394889355,0.0007690471247769892,0.005651711020618677,0.0006439225398935378,0.016604773700237274,0.033874139189720154,0.2208351194858551,0.11951509118080139,0.2019781768321991,0.09145207703113556,0.0009664328536018729,0.0007966889534145594,1.1300033293082379e-05,4.268584632427519e-07,2.0,192.0
2.677696102182381e-06,0.0015941960737109184,0.009081581607460976,0.15231971442699432,0.5883244276046753,0.26500242948532104,6.916515121702105e-05,8.333404366567265e-07,2.3555103325634263e-06,0.06722928583621979,0.004200465977191925,0.02551354095339775,0.014949178323149681,0.0007268604822456837,0.9012604355812073,0.8953508734703064,0.0010350272059440613,0.3390522301197052,0.4281458258628845,0.0829884335398674,0.12557168304920197,0.010932381264865398,0.10704930871725082,0.00039836703217588365,0.00015464685566257685,0.001365517033264041,0.0015062204329296947,0.00013970666623208672,0.10122523456811905,0.007800391875207424,0.003633437678217888,0.003296267008408904,0.0007356202695518732,0.005979140289127827,0.0017662408063188195,0.0023529408499598503,0.3185025453567505,0.1448093056678772,0.002536520129069686,0.00010855394066311419,0.03264683112502098,0.002852302510291338,0.025598658248782158,0.013592533767223358,0.18791426718235016,0.11937112361192703,0.13839954137802124,0.06180284172296524,0.0002553635567892343,0.00011370386346243322,5.580649030889617e-06,2.7268293933957466e-07,0.0,193.0
2.0372560811665608e-06,0.0002496741944923997,6.615753954974934e-05,0.7418102622032166,0.573506236076355,0.6543375849723816,0.0012956545688211918,8.227522812376264e-06,4.394259576656623e-06,0.2522135078907013,0.034331176429986954,0.08605722337961197,0.08634377270936966,0.023485388606786728,0.2780252993106842,0.2570740878582001,0.01483100838959217,0.15939690172672272,0.15757691860198975,0.3047364056110382,0.03881383687257767,0.005360635928809643,0.029366271570324898,0.0027998522855341434,0.012016495689749718,0.5237330794334412,0.004964720457792282,0.0006067368667572737,0.044294390827417374,0.013638938777148724,0.04407224804162979,0.07568401098251343,0.11549689620733261,0.0022022002376616,0.4617825746536255,0.4217657148838043,0.0012755480129271746,0.007238224148750305,0.06821534782648087,2.8671656764345244e-05,0.002325586276128888,0.001918948837555945,0.001114341546781361,0.11113999783992767,0.14740921556949615,0.4118831157684326,0.018704155460000038,0.436265766620636,0.03308441489934921,0.05715762823820114,2.1712259695050307e-05,7.659229595446959e-06,1.0,194.0
2.376501697654021e-06,0.6663898229598999,0.5925630331039429,0.00012326145952101797,0.0003552059060893953,0.003409379394724965,5.6778360885800794e-05,4.396706572151743e-07,5.211129519011592e-07,0.5512754917144775,0.499838650226593,0.3519246578216553,0.3480493426322937,0.03763008490204811,0.15664030611515045,0.14387555420398712,0.019529996439814568,0.02825263701379299,0.041742656379938126,0.8370876312255859,0.5951829552650452,0.0007383375195786357,0.0005279169417917728,0.00032962000113911927,0.0001332169777015224,0.0017827070550993085,0.0001339771260973066,8.064024586929008e-05,0.025375666096806526,0.0026527796871960163,0.044834204018116,0.05511260777711868,0.00037034423439763486,0.010949340648949146,0.0030834591016173363,0.0051851170137524605,0.03789229691028595,0.025154156610369682,0.001974462065845728,1.0735280739027075e-05,0.017741689458489418,0.0015148125821724534,0.029084445908665657,0.06685096770524979,0.01832510717213154,0.010931474156677723,0.0175582654774189,0.015459944494068623,0.004207988735288382,0.002773309126496315,1.63689890086971e-06,8.907935580282356e-07,1.0,195.0
2.9432365522552573e-07,0.00042859409586526453,0.00016550453437957913,0.5671952962875366,0.6926223039627075,0.5728298425674438,2.316444988537114e-05,9.708670489771976e-08,3.0180282806213654e-07,0.14488674700260162,0.17958174645900726,0.7441723346710205,0.727527379989624,0.06819219142198563,0.08941476047039032,0.10026188939809799,0.09616582840681076,0.013157378882169724,0.0036923340521752834,0.26726871728897095,0.03322955220937729,0.019384514540433884,0.013434123247861862,3.736875805770978e-05,0.0019793068058788776,0.02317974716424942,0.0015734649496152997,0.002641531405970454,0.13996216654777527,0.2188659906387329,3.3677487465411104e-08,6.618086700882486e-08,0.06518442928791046,0.10377761721611023,0.0016317196423187852,0.0011967060854658484,0.00499586621299386,0.023017017170786858,0.9568544626235962,0.0013643073616549373,0.09547283500432968,0.2845182716846466,0.011419599875807762,0.007571251597255468,2.0880274860246573e-06,5.169840733287856e-06,2.85284016854348e-07,1.4938311323930975e-05,0.0002931153285317123,0.00038748333463445306,1.7908155314216856e-06,7.089737152909947e-08,1.0,196.0
6.658261213488004e-07,0.002828894415870309,0.059001196175813675,0.09359551966190338,0.2017861157655716,0.01192605309188366,5.205849083722569e-05,1.9572833309666748e-07,1.8168204007906752e-07,0.30052319169044495,0.45662203431129456,0.34466636180877686,0.3769787549972534,0.1204778254032135,0.03587261587381363,0.05366523563861847,0.11574417352676392,0.038950979709625244,0.030622074380517006,0.5268299579620361,0.39565980434417725,0.006064970977604389,0.0005964584415778518,0.0007592349429614842,0.002380052115768194,0.0004121363162994385,1.551636614749441e-06,1.9123737729387358e-05,0.0058430265635252,0.005556365475058556,0.039210569113492966,0.05503629148006439,0.0007980150985531509,0.0007022871868684888,0.004283621441572905,0.005235746502876282,0.09520277380943298,0.11085925996303558,0.0013598857913166285,7.901559001766145e-05,0.002045936184003949,0.00046357736573554575,0.012200131081044674,0.014347687363624573,0.06134527176618576,0.04033959284424782,0.06818008422851562,0.1797133982181549,0.02024654671549797,0.026720793917775154,8.22007223177934e-06,1.1190954865014646e-06,0.0,197.0
2.0891889107588213e-06,0.46051326394081116,0.4516336917877197,0.00048229360254481435,0.001745295012369752,0.0018069794168695807,0.0005876543582417071,8.969977898232173e-07,1.0843729114640155e-06,0.042510874569416046,0.011220665648579597,0.10549421608448029,0.10303927212953568,0.03752262517809868,0.09526687860488892,0.08907286822795868,0.043490931391716,0.10287905484437943,0.10517291724681854,0.29850855469703674,0.07863715291023254,0.01972740888595581,0.03719067573547363,0.0017843088135123253,0.0006315272185020149,0.0377340167760849,0.00026085806894116104,0.0009838659316301346,0.003992900252342224,0.004490189719945192,0.0004624446446541697,0.00043111169361509383,0.007530023343861103,0.00015104957856237888,0.18271662294864655,0.24744737148284912,0.023486673831939697,0.02473415993154049,0.006051571108400822,0.0019765987526625395,0.006461523473262787,0.025436146184802055,0.0013055987656116486,0.02679350972175598,0.6215744614601135,0.5107978582382202,0.020439133048057556,0.017166325822472572,0.21445776522159576,0.21237485110759735,1.212078473145084e-06,3.2111870496009942e-06,0.0,198.0
1.1617125892371405e-06,0.018116934224963188,0.0213303342461586,0.04615780711174011,0.2073439359664917,0.06135702133178711,1.2054881153744645e-05,1.6896651686693076e-06,8.187506495005437e-08,0.3260965347290039,0.14770358800888062,0.05513688921928406,0.04521293565630913,0.03279731050133705,0.06926730275154114,0.11246418952941895,0.06905168294906616,0.20570078492164612,0.21415592730045319,0.4876035749912262,0.4209290146827698,0.002560727298259735,0.002179704373702407,0.00010749469947768375,0.0004763553442899138,0.007057720795273781,0.00010113659664057195,0.0009190504206344485,5.45002258149907e-05,0.006233160383999348,0.06938672810792923,0.06442812830209732,0.0034690264146775007,4.882362645730609e-06,0.002095157979056239,0.0010856147855520248,0.0010648525785654783,0.025451291352510452,0.13824462890625,0.14999641478061676,0.005985219031572342,0.002078352030366659,0.009186438284814358,0.029650935903191566,6.922789907548577e-05,0.0002488250902388245,0.0031257160007953644,0.046494729816913605,0.00012074781989213079,0.0004263020819053054,3.748535846170853e-06,1.7325409089608002e-06,1.0,199.0
4.4283473243922344e-07,0.0003201538638677448,0.0023551040794700384,0.5162520408630371,0.5462847352027893,0.09485690295696259,1.152943241322646e-05,3.470573801678256e-07,1.5857143864650425e-07,0.05135727301239967,0.09898518770933151,0.01832394301891327,0.0522945411503315,0.17590391635894775,0.11434260755777359,0.019882934167981148,0.037449292838573456,0.39291083812713623,0.21297359466552734,0.42864322662353516,0.24224810302257538,0.015366013161838055,0.007175815291702747,8.057821105467156e-05,0.00040809562779031694,0.007502502761781216,0.00012750177120324224,0.0025924243964254856,0.001217057928442955,0.06208817660808563,0.0005222686449997127,0.0004997915239073336,0.000748201971873641,6.362998101394624e-05,0.0014592091320082545,0.000876283913385123,0.009940819814801216,0.17580215632915497,0.031334586441516876,0.04056268930435181,0.027817701920866966,0.004875917453318834,0.022903939709067345,0.005990120116621256,0.0003160808701068163,0.0013422807678580284,0.00014248020306695253,0.003270091488957405,1.017885824694531e-05,2.0285038772271946e-05,1.3032295100856572e-06,3.086194624302152e-07,1.0,200.0
8.088921390481119e-07,0.020980268716812134,0.008392147719860077,0.010587598197162151,0.14740854501724243,0.33003318309783936,0.00042423277045600116,2.2448891741078114e-06,9.812072221393464e-07,0.6166443824768066,0.3694283664226532,0.5106706619262695,0.526370644569397,0.43177926540374756,0.010897417552769184,0.008347073569893837,0.4281066358089447,0.013164395466446877,0.01984262280166149,0.5361747741699219,0.586585283279419,0.0005410403828136623,0.0018661940703168511,0.0014321890193969011,0.0005934459040872753,0.09004474431276321,0.0022373120300471783,0.0008687868830747902,0.004208783619105816,0.0007099643698893487,0.0001885862584458664,0.00018508874927647412,0.04520859569311142,0.005346942227333784,0.2454901784658432,0.3830188810825348,0.008455067873001099,0.005773545242846012,0.016355998814105988,3.2517447834834456e-05,0.0008286003721877933,0.00973287783563137,0.000189102123840712,0.012510553002357483,0.8006879091262817,0.6675299406051636,0.023123595863580704,0.01814599148929119,0.3160255253314972,0.17308948934078217,2.213386324001476e-06,4.356164936325513e-06,1.0,201.0
2.3154782411438646e-06,0.009524487890303135,0.03032991848886013,0.0012904531322419643,0.47615331411361694,0.22244024276733398,1.875378620752599e-05,8.84530834355246e-07,6.34811328836804e-07,0.7199188470840454,0.5660746693611145,0.6374236345291138,0.6606206893920898,0.04816529154777527,0.08611848950386047,0.08801008760929108,0.052801378071308136,0.006513609550893307,0.008483177050948143,0.5832834243774414,0.5426250696182251,0.0003633510204963386,0.0004037102626170963,2.090939051413443e-05,0.0013145125703886151,0.016113098710775375,0.00010261316492687911,0.009337439201772213,0.007107241079211235,0.0026228493079543114,0.0009539916063658893,0.0008210325031541288,0.0014773767907172441,0.002504222095012665,0.00011284740321571007,0.0002147085324395448,0.04513373598456383,0.00990145280957222,0.16265875101089478,0.0023493506014347076,0.11622721701860428,0.007535998709499836,0.21522526443004608,0.07591993361711502,0.00024345327983610332,9.58634409471415e-05,0.0015702148666605353,0.0004936339682899415,0.0001588336017448455,0.0001361528702545911,8.957283625932178e-07,5.188358613850141e-07,1.0,202.0
5.602686314887251e-07,0.19620202481746674,0.1590716540813446,0.0019003638299182057,0.017682993784546852,0.01936953514814377,1.6390940800192766e-05,6.2445344894968e-08,1.0000572814305997e-07,0.14791786670684814,0.24415159225463867,0.02512386068701744,0.06311482191085815,0.31652331352233887,0.007203186862170696,0.022778771817684174,0.3782064914703369,0.27963438630104065,0.1694013625383377,0.4578494727611542,0.23118805885314941,0.005874034017324448,0.0010894949082285166,0.00010310309880878776,0.6232863068580627,0.003090860089287162,3.4792019931728646e-08,0.0001299752912018448,0.00013771108933724463,0.009949962608516216,0.11515207588672638,0.10005560517311096,0.0003364143776707351,0.0022771626245230436,0.004403677769005299,0.0011994718806818128,0.010648236609995365,0.39968979358673096,0.0028059540782123804,2.8536849640659057e-05,0.017704177647829056,0.011495589278638363,0.07217307388782501,0.007726477459073067,0.00011897275544470176,0.00021059108257759362,0.002140946686267853,0.012568374164402485,5.6581880926387385e-05,0.00034282117849215865,1.2379842928567086e-06,1.4326858490676386e-06,1.0,203.0
5.37432811142935e-07,0.013334102928638458,0.0009916262933984399,0.4159635305404663,0.02035059966146946,0.42150256037712097,0.00018433178775012493,2.4224730168498354e-06,2.324039769519004e-06,0.30585137009620667,0.0899854376912117,0.09297356754541397,0.050176020711660385,0.04290715977549553,0.2694256901741028,0.24885335564613342,0.025737764313817024,0.14786125719547272,0.17965520918369293,0.3797541856765747,0.44838178157806396,0.0017976785311475396,0.009878726676106453,0.0022481067571789026,0.0008350074640475214,0.007284341845661402,0.0008994635427370667,0.00010667616879800335,0.011396631598472595,0.0017820936627686024,0.0027523229364305735,0.003521978622302413,0.0027876999229192734,0.004164764191955328,0.21969011425971985,0.4231690466403961,0.08588873594999313,0.027245301753282547,0.00217842822894454,1.5248823729052674e-05,0.007652186788618565,0.007685603573918343,0.0008201176533475518,0.014101694338023663,0.2495160847902298,0.06660621613264084,0.3917039930820465,0.14111028611660004,0.006590698380023241,0.0019390132511034608,8.106420864351094e-06,1.409759988746373e-06,0.0,204.0
2.5326066861453e-06,0.039577994495630264,0.036024272441864014,0.002648314693942666,0.06176840141415596,0.07708847522735596,2.2829239242128097e-05,1.6858250262430374e-07,8.243742968261358e-07,0.034447528421878815,0.04181510955095291,0.03634343296289444,0.030180200934410095,0.20143723487854004,0.01846213825047016,0.020081233233213425,0.21782539784908295,0.2936752736568451,0.2995114326477051,0.25234073400497437,0.2571616768836975,0.01896798238158226,0.011987099424004555,8.771804277785122e-05,0.0040734331123530865,0.002038081642240286,6.310414391919039e-06,0.000813976745121181,0.03182497248053551,0.004794567823410034,0.00021563583868555725,0.00028597094933502376,0.0004779354203492403,0.011742508970201015,0.00018267745326738805,0.00019458534370642155,0.0709247887134552,0.07452500611543655,0.0036197053268551826,5.220285675022751e-05,0.01593206450343132,0.008934621699154377,0.025450292974710464,0.004636605270206928,0.4643205404281616,0.4600070118904114,0.003498949808999896,0.017210962250828743,2.3492591935792007e-05,2.1467332771862857e-05,3.877660788020876e-07,8.691937409821548e-07,1.0,205.0
1.1094764431618387e-06,0.00011383567471057177,0.00015323460684157908,0.7837944626808167,0.8302385807037354,0.6049424409866333,0.00037002857425250113,2.6513655484450283e-06,1.3070543900539633e-05,0.0014308781828731298,0.0006579307955689728,0.27690717577934265,0.2706851661205292,0.007706429809331894,0.5623058080673218,0.5421130657196045,0.0013899024343118072,0.043267909437417984,0.03960612416267395,0.018117176368832588,0.004852786660194397,0.450321227312088,0.36975976824760437,0.001876380993053317,0.006912445183843374,0.34321773052215576,0.0028135906904935837,0.0002046120207523927,0.0415923148393631,0.022141901776194572,0.0038532402832061052,0.008842848241329193,0.1425301730632782,0.008805804885923862,0.6440225839614868,0.7913005948066711,0.0034050222020596266,0.016860075294971466,0.07623932510614395,5.7571716752136126e-05,0.0025390898808836937,0.0049447775818407536,0.002941753948107362,0.10814357548952103,0.006899882573634386,0.0136650912463665,0.0008220396703109145,0.06571368128061295,0.4801254868507385,0.3308568000793457,5.175037222215906e-05,4.896705831924919e-06,1.0,206.0
4.9726645556802396e-06,0.017106760293245316,0.6854996681213379,0.0018951207166537642,0.046334512531757355,0.0009411962237209082,2.3234382751979865e-05,2.3504676960328652e-07,8.320205893141974e-07,0.11268486082553864,0.14026549458503723,0.04537606239318848,0.052503734827041626,0.016054822131991386,0.27458590269088745,0.31245970726013184,0.007726945914328098,0.18370608985424042,0.1952948123216629,0.6855723857879639,0.5646882653236389,0.0041010878048837185,0.0019515407038852572,3.848777123494074e-05,0.00011784657544922084,0.017489289864897728,0.0004567104042507708,0.0034695954527705908,0.030265361070632935,0.021849745884537697,0.000685462262481451,0.0016625955468043685,9.233040327671915e-05,0.0006323535926640034,0.00032466798438690603,0.00034515513107180595,0.14235639572143555,0.21275553107261658,0.0009698014473542571,0.0010483074001967907,0.18452922999858856,0.04568926990032196,0.10046883672475815,0.007474490441381931,0.0019249574979767203,0.0033122519962489605,0.0003788003814406693,0.025000376626849174,3.191615178366192e-05,3.508984809741378e-05,4.673860303228139e-07,7.284979801625013e-07,2.0,207.0
1.063874037754431e-06,0.00010909220145549625,0.0001371498074149713,0.700610876083374,0.8627229928970337,0.8446168899536133,0.0018041777657344937,8.288121534860693e-06,8.136743417708203e-06,0.024211175739765167,0.008143498562276363,0.4623079001903534,0.45345765352249146,0.03155028447508812,0.1235802173614502,0.1394164115190506,0.04375626891851425,0.01802065409719944,0.016419535502791405,0.09142239391803741,0.037198103964328766,0.06515013426542282,0.12617744505405426,0.005828348454087973,0.004568285774439573,0.21122869849205017,0.0022643154952675104,0.00022969279962126166,0.0209178626537323,0.014024466276168823,0.06527359783649445,0.07389926165342331,0.04570956528186798,0.0008249893435277045,0.8157713413238525,0.83404541015625,0.009769312106072903,0.010124370455741882,0.022199735045433044,8.568287739763036e-05,0.004488970153033733,0.0019482456846162677,0.0017237457213923335,0.057736046612262726,0.27283602952957153,0.2581747770309448,0.16816173493862152,0.15608566999435425,0.38539183139801025,0.4574005901813507,1.508494733570842e-05,1.1602705853874795e-05,1.0,208.0
5.66721746508847e-06,0.01102696917951107,0.02092118375003338,0.14525200426578522,0.08770733326673508,0.07742685824632645,9.170959674520418e-05,1.0536949730521883e-06,9.700154350866796e-07,0.02582600712776184,0.05057431757450104,0.026686711236834526,0.0463210865855217,0.02373540960252285,0.10980420559644699,0.12817704677581787,0.049710728228092194,0.3171868324279785,0.25970667600631714,0.46019089221954346,0.11717607080936432,0.04524611309170723,0.009820898063480854,0.00014360039494931698,0.0005133544909767807,0.0012422564905136824,1.901645737234503e-05,0.00011807638657046482,0.008577764965593815,0.01319983322173357,0.043148722499608994,0.03738822415471077,0.0001386062358506024,0.00265295896679163,0.00040435694972984493,0.0004587160947266966,0.09086098521947861,0.14968760311603546,0.0012370304903015494,0.00011730876576621085,0.06311572343111038,0.005477778147906065,0.17521657049655914,0.017288407310843468,0.695512056350708,0.6870589852333069,0.05865742266178131,0.05342693254351616,0.0002667834050953388,0.00044144410640001297,1.7334731410301174e-06,3.1653360110794893e-06,0.0,209.0
4.682935355049267e-07,0.0004940045764669776,0.0006325479480437934,0.5177944898605347,0.4888567328453064,0.33272239565849304,0.00012554564455058426,1.3364599453780102e-06,1.999224195969873e-06,0.019448157399892807,0.008967485278844833,0.040986016392707825,0.11196094006299973,0.02839248813688755,0.6660287976264954,0.2606501579284668,0.0007712873630225658,0.17483727633953094,0.07561035454273224,0.16161128878593445,0.07812049239873886,0.03526634722948074,0.0743173211812973,0.0012000700226053596,0.0009856766555458307,0.013436879962682724,0.00011909863678738475,0.0005103099974803627,0.0017652560491114855,0.011129142716526985,0.004826846066862345,0.002874196507036686,0.0114554138854146,0.0033503419253975153,0.0951133444905281,0.08525595813989639,0.013819323852658272,0.035905733704566956,0.010944855399429798,6.704600673401728e-05,0.002946646185591817,0.0039154281839728355,0.0013698490802198648,0.0169286597520113,0.4548185467720032,0.4677196443080902,0.3314133286476135,0.07908662408590317,0.018309788778424263,0.025829274207353592,4.879811513092136e-06,6.297480581451964e-07,0.0,210.0
3.3300075301667675e-06,0.015095212496817112,0.07976216077804565,0.06279636174440384,0.1319575309753418,0.009727396070957184,0.0005695543368346989,2.1185480818530777e-06,1.5709616718595498e-06,0.28789225220680237,0.2944832444190979,0.29235485196113586,0.28079360723495483,0.004111957736313343,0.744550883769989,0.708759069442749,0.000917270197533071,0.05257868766784668,0.04772394895553589,0.7150886058807373,0.4421125650405884,0.005368972197175026,0.001313774730078876,0.004135198425501585,0.0011913962662220001,0.009264715947210789,5.358935595722869e-05,0.0004940747749060392,0.0028416328132152557,0.007697264663875103,0.01581154763698578,0.014909339137375355,0.0014150526840239763,1.4420877960219514e-05,0.11164917796850204,0.1910572350025177,0.033177509903907776,0.03799964860081673,0.000792807259131223,0.0067573185078799725,0.010843291878700256,0.016956733539700508,0.00897974893450737,0.006930645555257797,0.7893072962760925,0.7870742082595825,0.10056236386299133,0.3621067702770233,0.5622780323028564,0.6083132028579712,4.86581939185271e-06,4.8812594286573585e-06,0.0,211.0
1.6725061868783087e-06,0.06474141776561737,0.02427002601325512,0.045687783509492874,0.09054800868034363,0.1847960650920868,1.9245146177127026e-05,2.67177824753162e-06,1.1106122883575154e-06,0.07020598649978638,0.014880737289786339,0.03302464634180069,0.021700752899050713,0.0002264279028167948,0.9048564434051514,0.9024234414100647,0.001132806297391653,0.2837713956832886,0.31321558356285095,0.3120270073413849,0.2268664836883545,0.0073669590055942535,0.04198126494884491,0.0001885662932181731,0.00025168663705699146,0.00705982930958271,0.0034864742774516344,0.00025756843388080597,0.0004959310172125697,0.0006107259541749954,0.015132788568735123,0.011145149357616901,0.013643987476825714,0.0005183550529181957,0.0026876800693571568,0.0055515700951218605,0.0061854287050664425,0.0016905880765989423,0.437564879655838,0.0010869140969589353,0.007257598917931318,0.0036113415844738483,0.005737526807934046,0.03809578716754913,4.862416972173378e-05,1.6369585864595138e-05,0.004679598845541477,0.0024748591240495443,0.00013639911776408553,0.00014101761917117983,1.183738095278386e-05,2.4304936232510954e-06,2.0,212.0
4.857686803916295e-07,0.0003356687375344336,0.0005363221280276775,0.6239790916442871,0.7743601202964783,0.2644992172718048,1.1841163541248534e-05,5.362057322599867e-07,5.402668534770783e-07,0.01091028843075037,0.010923387482762337,0.2003410905599594,0.17395558953285217,0.0004823471826966852,0.921892523765564,0.9124773144721985,0.00019090161367785186,0.039383355528116226,0.03654872998595238,0.039167050272226334,0.0467250682413578,0.06914915144443512,0.050438642501831055,9.540982864564285e-05,0.001997255487367511,0.006889765150845051,8.461580000584945e-05,0.00015633332077413797,0.0005265753716230392,0.001483416766859591,0.007325326092541218,0.009093488566577435,0.0022823696490377188,0.0001650786871323362,0.005629808641970158,0.0054506161250174046,0.0056317150592803955,0.015312349423766136,0.05719573795795441,0.007589546497911215,0.011041440069675446,0.0035962210968136787,0.03950018808245659,0.06242633983492851,3.4672750189201906e-05,4.140389137319289e-05,0.0007905919337645173,0.004060820210725069,0.005248206667602062,0.010532133281230927,1.3811886674375273e-05,4.6544843712581496e-07,1.0,213.0
3.104960114796995e-06,0.003593452274799347,0.0038850908167660236,0.625779390335083,0.30256572365760803,0.2087486833333969,7.415404979838058e-05,2.27735040425614e-06,4.9983586905000266e-06,0.006108017638325691,0.0009718539658933878,0.04873555153608322,0.04373027756810188,0.0022262276615947485,0.3950246274471283,0.3776320517063141,0.007033638656139374,0.13139767944812775,0.15419238805770874,0.013712532818317413,0.011266913264989853,0.0792255625128746,0.288048654794693,0.00021443498553708196,0.0006692475290037692,0.07019663602113724,0.004789088387042284,0.00041682214941829443,0.008538180962204933,0.0007101142546162009,0.001476840814575553,0.0037704487331211567,0.01629391685128212,0.00030081733711995184,0.11506687849760056,0.29921603202819824,0.007877437397837639,0.002850576536729932,0.2839081585407257,0.005157236009836197,0.05014146491885185,0.029122276231646538,0.021052440628409386,0.24742935597896576,1.028258975566132e-05,6.813538675487507e-06,6.801159906899557e-05,0.003117891028523445,0.02519315294921398,0.016505086794495583,2.063294596155174e-05,3.666159500426147e-06,2.0,214.0
4.939334985465393e-07,0.0008426433778367937,0.08105578273534775,0.056015416979789734,0.5087043642997742,0.018807783722877502,1.7066835425794125e-05,5.488648753271264e-07,9.21452425473035e-08,0.10068726539611816,0.07887240499258041,0.04181700944900513,0.03508545830845833,0.7034854292869568,0.0018699567299336195,0.005113404709845781,0.6393784284591675,0.22949331998825073,0.22045673429965973,0.33104127645492554,0.3476225435733795,0.009926427155733109,0.004192806314677,0.00015706666454207152,0.001658741501159966,0.0009422949515283108,5.322300694388105e-06,0.00022320279094856232,0.0004270570061635226,0.029209213331341743,0.01772279478609562,0.010658272542059422,0.0005381974042393267,7.155856292229146e-05,0.0006037395796738565,0.00018096617714036256,0.011309770867228508,0.18167689442634583,0.0022892358247190714,0.007920161820948124,0.004048241302371025,0.0006533307023346424,0.036744825541973114,0.026075592264533043,0.03119637630879879,0.09958674758672714,0.04255411773920059,0.04145672917366028,0.0006774092908017337,0.0021392367780208588,7.609166345901031e-07,7.268033641594229e-07,1.0,215.0
4.4774250085310996e-08,0.11809591948986053,0.002460501389577985,0.25153157114982605,0.01625773496925831,0.04894169047474861,9.68340173130855e-05,3.554840688479999e-08,3.841603657406267e-08,0.12613828480243683,0.388850599527359,0.14576981961727142,0.3212329149246216,0.34016260504722595,0.03534838557243347,0.07119454443454742,0.4224216938018799,0.08498857915401459,0.038643281906843185,0.8199354410171509,0.2331617772579193,0.017866458743810654,0.0007004353683441877,0.0013607221189886332,0.01486760750412941,0.008630910888314247,4.69467013317626e-05,0.00014997362450230867,0.0014415517216548324,0.0042244442738592625,0.0007714938838034868,0.0002556034887675196,0.04207751154899597,0.0027876095846295357,0.49374252557754517,0.34131231904029846,0.005201713647693396,0.013408401049673557,0.1067427471280098,3.434209793340415e-05,0.00692698685452342,0.02472180314362049,9.055621922016144e-05,0.0006327963783405721,3.6784724215976894e-05,3.879861469613388e-05,0.05405278131365776,0.0006140232435427606,0.0002694519062060863,0.0008523408323526382,8.566219662498042e-07,4.501443839899366e-08,1.0,216.0
3.9319209577115544e-07,0.06637322157621384,0.10006517916917801,0.011816772632300854,0.03403841331601143,0.09968888014554977,3.680858571897261e-05,1.1612007710937178e-06,4.879588232142851e-06,0.7336690425872803,0.5177122354507446,0.6965527534484863,0.681869626045227,0.03777517378330231,0.27562838792800903,0.2543661594390869,0.022980187088251114,0.00535175297409296,0.011408333666622639,0.5342552661895752,0.5041422247886658,0.0002849769953172654,0.0014541182899847627,0.0019153320463374257,9.109285747399554e-05,0.0002943435974884778,0.0004717530100606382,3.6645760701503605e-06,0.018041392788290977,0.0011738853063434362,0.009522490203380585,0.013128490187227726,0.006190349347889423,0.26647651195526123,0.031835831701755524,0.03342730924487114,0.013070758432149887,0.009376618079841137,0.03463347628712654,1.8639980225998443e-07,0.0014793503796681762,0.00044502830132842064,0.0010903048096224666,0.013909930363297462,0.2524072229862213,0.12662507593631744,0.3630588948726654,0.683092474937439,0.007812902331352234,0.006788124796003103,2.072597089863848e-05,1.145667852142651e-06,2.0,217.0
5.028135205975559e-07,0.00027823433629237115,0.0006533994455821812,0.6311930418014526,0.7391644716262817,0.498880535364151,1.8111120880348608e-05,7.547252494077838e-07,2.8956053483852884e-06,0.0014455575728788972,0.0013384829508140683,0.03018156625330448,0.03513199836015701,0.04411669820547104,0.38398393988609314,0.2237842082977295,0.005172756966203451,0.28317537903785706,0.2522948682308197,0.014605456031858921,0.019613737240433693,0.24521362781524658,0.39342838525772095,0.00010440310143167153,0.0005796028417535126,0.017127279192209244,0.003031063824892044,0.0014675237471237779,0.0013905904488638043,0.0001489114511059597,0.014054862782359123,0.011173214763402939,0.0016976154875010252,0.005059679038822651,0.0037477060686796904,0.028265241533517838,0.012097238563001156,0.0008912426419556141,0.7400203943252563,0.00026939771487377584,0.09887365251779556,0.028982970863580704,0.0069979275576770306,0.0015520480228587985,1.9271606106485706e-06,3.1887344675851637e-07,0.0010774460388347507,0.0008238031878136098,6.446195584430825e-06,1.960999270522734e-06,1.2396732927300036e-05,2.776826875106053e-07,1.0,218.0
2.0754234810738126e-06,4.236571112414822e-05,1.8872613509302028e-05,0.941999614238739,0.8070492744445801,0.7147954106330872,5.935739682172425e-05,3.621471933001885e-06,9.242649525731395e-07,0.12460093200206757,0.06603287905454636,0.13066792488098145,0.12756435573101044,0.10940315574407578,0.07877212017774582,0.05334138870239258,0.08957783877849579,0.1058502197265625,0.10515795648097992,0.19271095097064972,0.16064174473285675,0.0091464938595891,0.018228286877274513,0.0002740360505413264,0.0004740228469017893,0.0017613506643101573,1.7955841030925512e-05,0.0004999079974368215,0.0026616444811224937,0.003137787338346243,0.011997274123132229,0.011942599900066853,0.0006941910251043737,0.004821504931896925,0.00030827810405753553,0.00026764761423692107,0.03144979476928711,0.044944364577531815,0.005147519987076521,0.00026961485855281353,0.005181173328310251,0.004470263607800007,0.05674981325864792,0.02162301540374756,0.8914028406143188,0.8663387298583984,0.27975907921791077,0.20842976868152618,0.010738318786025047,0.009627776220440865,2.6983032057614764e-06,9.697083669379936e-07,0.0,219.0
1.2605099755091942e-06,0.01886828988790512,0.012585434131324291,0.09406854957342148,0.15320073068141937,0.1829405277967453,0.00016968624549917877,3.2527225357625866e-06,5.256936788100575e-07,0.21037228405475616,0.22171650826931,0.10931914299726486,0.1381310522556305,0.01852562464773655,0.19443869590759277,0.22274582087993622,0.036590687930583954,0.12879732251167297,0.12090857326984406,0.6185958385467529,0.5063662528991699,0.0049849278293550014,0.004646908957511187,0.002273575169965625,0.00023604216403327882,0.004111733287572861,0.00021611810370814055,7.469071715604514e-05,0.0006102854385972023,0.0013714417582377791,0.00219177664257586,0.0016894876025617123,0.042290206998586655,0.0027226614765822887,0.05182412639260292,0.06275252997875214,0.006456119939684868,0.015286337584257126,0.021838601678609848,0.00010837832087418064,0.00017728933016769588,0.0006589910481125116,0.0010685744928196073,0.024816593155264854,0.8989202380180359,0.9263637661933899,0.15508881211280823,0.19262677431106567,0.20418795943260193,0.25256049633026123,6.6327852437098045e-06,3.798517127506784e-06,0.0,220.0
1.0963425438603736e-06,0.0051588378846645355,0.004769759718328714,0.053471148014068604,0.3981400430202484,0.06010422110557556,0.0017225374467670918,9.716837894302444e-07,3.4872886089942767e-07,0.16849257051944733,0.3342212438583374,0.05520401895046234,0.09417624771595001,0.006366106681525707,0.4203263223171234,0.4260370433330536,0.009471096098423004,0.24417948722839355,0.16617190837860107,0.5475263595581055,0.27546069025993347,0.013073557987809181,0.0012214030139148235,0.008900713175535202,0.014237569645047188,0.04833327978849411,9.703866817289963e-05,0.00024011550704017282,0.0015841879649087787,0.005560470279306173,0.016732584685087204,0.012624002993106842,0.01627684384584427,0.00030897455872036517,0.6384831666946411,0.7817968130111694,0.005669626872986555,0.01418265700340271,0.0057927342131733894,8.524303848389536e-05,0.0035404283553361893,0.006842082366347313,0.002028677612543106,0.015591118484735489,0.5489992499351501,0.664344072341919,0.02931804396212101,0.10800234973430634,0.3904092609882355,0.5727002620697021,6.786535323044518e-06,5.39293205292779e-06,0.0,221.0
1.2481568774092011e-06,0.02977687492966652,0.013294212520122528,0.011067666113376617,0.12486875802278519,0.3596057593822479,3.0309000067063607e-05,7.16960926183674e-07,1.2791274457413238e-06,0.3857259452342987,0.36507847905158997,0.6441144347190857,0.662531852722168,0.017915548756718636,0.32678329944610596,0.3721112012863159,0.016440749168395996,0.007557258941233158,0.005980494432151318,0.3277589976787567,0.2151590883731842,0.002042253501713276,0.002053094794973731,0.0002563161251600832,5.01815156894736e-06,3.697372449096292e-05,0.0009297082433477044,1.0889795021284954e-06,0.012322849594056606,0.0019814472179859877,0.02976745367050171,0.030216971412301064,0.002707770327106118,0.005604346748441458,0.0019241138361394405,0.0033355162013322115,0.07388930767774582,0.03634358197450638,0.008877175860106945,5.4904972785152495e-05,0.0021435951348394156,0.000357192475348711,0.13254167139530182,0.21977247297763824,0.7198262810707092,0.7165944576263428,0.06812901049852371,0.13477538526058197,0.30388396978378296,0.2524886429309845,1.6634769053780474e-05,1.2587740911840228e-06,0.0,222.0
2.224634044978302e-06,0.1836954951286316,0.10439162701368332,0.03446574509143829,0.007471693214029074,0.01575562171638012,2.965056773973629e-05,1.522432455658418e-07,7.31695308786584e-08,0.2042013257741928,0.1820252537727356,0.13526058197021484,0.16011406481266022,0.01352591160684824,0.19074946641921997,0.2097882181406021,0.031468961387872696,0.07364323735237122,0.06228765845298767,0.4425295889377594,0.37358999252319336,0.0039362357929348946,0.0021087653003633022,5.4527776228496805e-05,0.0002531638601794839,0.0006286759162321687,1.92621646419866e-05,0.00010716311226133257,0.01252491120249033,0.005005561280995607,0.00010419315367471427,0.00011392754095140845,0.00101827725302428,0.0073646195232868195,0.0001386728836223483,0.00012201043136883527,0.016285769641399384,0.012088894844055176,0.03250617906451225,0.00024153980484697968,0.0025483467616140842,0.0018699230859056115,0.035156458616256714,0.03974228724837303,0.6572544574737549,0.598233699798584,0.001118550426326692,0.0016129774739965796,0.006658678874373436,0.00851395819336176,9.74875888459792e-07,7.194176987468381e-07,0.0,223.0
8.224143357438152e-07,0.4402768015861511,0.4609073996543884,0.00011570256174309179,0.0052403551526367664,0.0044233123771846294,0.0008800727082416415,4.129398121222039e-07,8.376366622542264e-07,0.2810837924480438,0.46154534816741943,0.31393173336982727,0.3328554034233093,0.009201341308653355,0.3299662470817566,0.3135949671268463,0.013519358821213245,0.04258736968040466,0.032320328056812286,0.35620734095573425,0.42606109380722046,0.0031049351673573256,0.0005622681346721947,0.0028970178682357073,0.01015856210142374,0.15237094461917877,0.00019998333300463855,0.001161287073045969,0.0007905053207650781,0.009599708952009678,0.012925544753670692,0.0070334384217858315,0.004788583610206842,0.00018824185826815665,0.3495835065841675,0.3836173117160797,0.0036150256637483835,0.015833457931876183,0.003769200760871172,0.00018545053899288177,0.004145392682403326,0.016058707609772682,0.0005937268142588437,0.018320947885513306,0.11528224498033524,0.18211762607097626,0.43301403522491455,0.20709821581840515,0.13411295413970947,0.34390687942504883,1.3818349771099747e-06,1.5444247765117325e-06,1.0,224.0
5.424253686214797e-07,0.0006361339474096894,0.00013356587442103773,0.5402394533157349,0.507486879825592,0.6330738067626953,0.0005949299084022641,3.246871074225055e-06,1.065094238583697e-06,0.15636582672595978,0.1054374948143959,0.25588780641555786,0.25708523392677307,0.03173338249325752,0.5076159238815308,0.2840901017189026,0.0024635964073240757,0.04091085493564606,0.03592812269926071,0.38026541471481323,0.26933687925338745,0.005531981121748686,0.007906154729425907,0.007271432783454657,0.009854108095169067,0.09913377463817596,0.00032561307307332754,0.0002709540422074497,0.005387528333812952,0.03033619001507759,0.03217282146215439,0.03138818219304085,0.09429365396499634,0.0013613805640488863,0.8283027410507202,0.8641805648803711,0.0032515653874725103,0.014705872163176537,0.04765443131327629,3.02847311104415e-05,0.0021034087985754013,0.00183966220356524,0.0008375849574804306,0.019356967881321907,0.1231173425912857,0.18345952033996582,0.11249273270368576,0.1926831603050232,0.19535253942012787,0.2892713248729706,1.2908454664284363e-05,2.4867620140867075e-06,0.0,225.0
3.834374638245208e-06,0.17040744423866272,0.26342931389808655,0.026668084785342216,0.026166124269366264,0.01112651452422142,5.9633817727444693e-05,3.75108527350676e-07,2.3160944238043157e-06,0.01902782917022705,0.013597624376416206,0.19307594001293182,0.1891421377658844,9.690661681815982e-05,0.9451878666877747,0.939254641532898,0.00028388036298565567,0.03876468539237976,0.03716251254081726,0.08734216541051865,0.05989738181233406,0.059255391359329224,0.035925935953855515,0.000422909390181303,5.565909668803215e-05,0.0008878801600076258,0.00013858656166121364,3.599059709813446e-05,0.017410721629858017,0.0032315426506102085,0.008622135035693645,0.009775209240615368,0.0005708527169190347,0.00030125014018267393,0.0019640529062598944,0.005809413269162178,0.10515228658914566,0.028337901458144188,0.003390599973499775,0.00169426912907511,0.004630247596651316,0.0011336725438013673,0.02097233757376671,0.09136194735765457,0.06280206143856049,0.05309076979756355,0.01488447654992342,0.04612182825803757,0.05808280408382416,0.07019124925136566,1.1785048627643846e-05,3.179943860232015e-06,1.0,226.0
5.283560540192411e-07,0.001044820761308074,0.00018083075701724738,0.6086133122444153,0.6035894751548767,0.6314599514007568,9.746413707034662e-05,2.1689102140953764e-06,5.666886693234119e-08,0.012317759916186333,0.001279582385905087,0.015377392992377281,0.015110235661268234,0.1586076319217682,0.05261088162660599,0.03305358812212944,0.16500556468963623,0.32938438653945923,0.32842379808425903,0.12857232987880707,0.010646583512425423,0.05719182267785072,0.2424439936876297,0.00028088525868952274,0.02401157282292843,0.07204816490411758,0.0004183716664556414,0.0009977815207093954,4.6605684474343434e-05,0.0062421164475381374,0.6945430040359497,0.5716425776481628,0.009220766834914684,0.0005450944881886244,0.275043249130249,0.03207120671868324,0.00019422665354795754,0.0689869225025177,0.09203709661960602,0.00011125644959975034,0.015236834064126015,0.006320650223642588,0.010584382340312004,0.044213708490133286,4.95434596814448e-06,2.0932471670676023e-05,0.005762017332017422,0.006350350566208363,0.0013025407679378986,0.0057739014737308025,5.396137112256838e-06,1.0582477898424258e-06,1.0,227.0
5.31939633674483e-07,0.07743129879236221,0.05647703632712364,0.015504935756325722,0.05066167563199997,0.03637178987264633,8.43523503135657e-06,1.7494804183115775e-07,8.776728321890914e-08,0.22182297706604004,0.11205463111400604,0.44994187355041504,0.45052263140678406,0.016234179958701134,0.1483941376209259,0.16843049228191376,0.03419205918908119,0.01807062141597271,0.015345645137131214,0.29107463359832764,0.23932503163814545,0.0050177136436104774,0.005868968553841114,5.757550388807431e-05,0.000718225259333849,0.0010116768535226583,1.6436724763480015e-05,8.713603892829269e-05,0.0013794517144560814,0.001221057609654963,0.004178225994110107,0.006808646488934755,0.0010199876269325614,0.0015769191086292267,0.0007684009033255279,0.0006407834007404745,0.0037600924260914326,0.007990376092493534,0.07285983860492706,0.0003191166033502668,0.004459124058485031,0.00039257603930309415,0.051947321742773056,0.10022252798080444,0.00025153474416583776,0.000278384773992002,0.0006092637195251882,0.004471872933208942,0.006657341495156288,0.008613943122327328,3.344042170283501e-06,9.121033031078696e-07,1.0,228.0
6.143467885522114e-07,0.01761521026492119,0.027343926951289177,0.2464182823896408,0.0721176341176033,0.03631257638335228,5.871039775229292e-06,3.437485531776474e-07,9.558534941334074e-08,0.3053317964076996,0.31257572770118713,0.12340321391820908,0.17926500737667084,0.589479923248291,0.003081555711105466,0.00958157330751419,0.6017311811447144,0.08786967396736145,0.04790288954973221,0.5004833936691284,0.19996653497219086,0.004557028412818909,0.0008643738110549748,1.8471899238647893e-05,0.010897434316575527,0.008685743436217308,2.390870577073656e-05,0.0007165666902437806,0.0002474850043654442,0.001925466931425035,0.0879356861114502,0.0907030701637268,0.00014625239418819547,7.442914647981524e-05,0.0007538764039054513,0.00022255105432122946,0.007560718338936567,0.11217242479324341,0.012872360646724701,0.005055461078882217,0.20439930260181427,0.06545469164848328,0.15237361192703247,0.006156885530799627,8.00974066805793e-06,1.4178485798765905e-05,0.0014725058572366834,0.007341053802520037,4.899004125036299e-06,1.2638689440791495e-05,7.522102691837063e-07,5.751390972363879e-07,2.0,229.0
6.1154019022069406e-06,0.04759484902024269,0.02884768135845661,0.08729084581136703,0.07379263639450073,0.09666222333908081,8.317864558193833e-05,1.1845293101941934e-06,6.026498340361286e-07,0.058604903519153595,0.02813931740820408,0.010573427192866802,0.007881768979132175,7.009513501543552e-05,0.9661032557487488,0.9619061946868896,0.0001268180349143222,0.4539712369441986,0.4558210074901581,0.30397099256515503,0.18004253506660461,0.014553061686456203,0.010662260465323925,0.00032631229260005057,0.17151030898094177,0.13537178933620453,9.35783282329794e-06,0.014088926836848259,0.0009140835609287024,0.04975370317697525,0.0006861632573418319,0.00042962777661159635,0.027601420879364014,0.07077499479055405,0.016603123396635056,0.0047010998241603374,0.0023348659742623568,0.08622421324253082,0.13218066096305847,2.9767492378596216e-05,0.031666237860918045,0.01382108312100172,0.013849788345396519,0.06984110921621323,0.0002550764475017786,0.0004732207744382322,0.00033385722781531513,0.0007182132685557008,0.0009946010541170835,0.0022663837298750877,1.5169119933489128e-06,2.057799974863883e-06,1.0,230.0
3.1401211231241177e-07,0.0019914773292839527,0.007333208806812763,0.10587318986654282,0.5141303539276123,0.15979759395122528,1.3826475878886413e-05,1.6214696074712265e-07,6.176941980129413e-08,0.7439195513725281,0.7595126032829285,0.8688211441040039,0.8564415574073792,0.2535282075405121,0.013545100577175617,0.02213909849524498,0.2452756017446518,0.00202841404825449,0.0009520452586002648,0.4511544108390808,0.20706553757190704,0.0010357876308262348,6.411861249944195e-05,0.00010779814328998327,0.003577765543013811,0.0013980616349726915,1.0690676390368026e-05,8.25528841232881e-05,0.0007020048215053976,0.0032995103392750025,0.008100704289972782,0.00866940151900053,0.0008743142825551331,0.013093211688101292,0.0017672274261713028,0.0011021605459973216,0.01069345511496067,0.1268095225095749,0.017867695540189743,4.552589598461054e-05,0.007149541284888983,0.0011770708952099085,0.04874137416481972,0.05430510640144348,0.0003052010724786669,0.0004949027206748724,0.0011313003487884998,0.00562896765768528,0.0010925125097855926,0.001958521781489253,6.563011538673891e-06,7.651502755834372e-07,1.0,231.0
2.909173645093688e-06,0.6315686702728271,0.6409739255905151,0.00010686105815693736,0.0011584421154111624,0.000917780795134604,0.0006455013644881546,1.587911469869141e-06,6.649555075455282e-07,0.2821171283721924,0.253714919090271,0.1879681497812271,0.1849859207868576,0.09245754778385162,0.056231122463941574,0.06497170776128769,0.11431164294481277,0.08751916140317917,0.09914527088403702,0.6550546288490295,0.6035351753234863,0.002953938441351056,0.0025842709001153708,0.003220836166292429,0.0011385508114472032,0.02080436423420906,0.0001720295549603179,0.0008099033148027956,0.002137142000719905,0.016467640176415443,0.0012850259663537145,0.000925299827940762,0.011174606159329414,7.973055471666157e-05,0.18889406323432922,0.28050270676612854,0.01817302033305168,0.050509512424468994,0.0035407147370278835,0.0029392207507044077,0.003455378348007798,0.01757953315973282,0.0024371605832129717,0.014895683154463768,0.8592502474784851,0.9052537083625793,0.028415760025382042,0.042140521109104156,0.5297121405601501,0.7260437607765198,7.617487085553876e-07,3.943810042983387e-06,0.0,232.0
5.143442194821546e-06,0.04320802167057991,0.03349415585398674,0.014152400195598602,0.13732023537158966,0.15221799910068512,4.356370845925994e-05,5.514315262189484e-07,7.026016533018264e-07,0.0037520830519497395,0.005255505442619324,0.016954611986875534,0.018101995810866356,0.1781970113515854,0.02006511762738228,0.019537800922989845,0.18793955445289612,0.34772077202796936,0.34612056612968445,0.16496723890304565,0.0716378316283226,0.11926180869340897,0.03336845710873604,6.180412310641259e-05,0.000711751461494714,0.05903659015893936,0.00038057559868320823,0.024626227095723152,0.0005049306782893836,0.002476163674145937,0.004398169927299023,0.0059616705402731895,0.0011930417967960238,0.0010862769559025764,0.0018638578476384282,0.0016879835166037083,0.01140379998832941,0.05317912995815277,0.03596412017941475,0.0004533058381639421,0.07032454758882523,0.00784975290298462,0.009647142142057419,0.003693892154842615,0.0001754609402269125,0.0003909570223186165,0.0008442367543466389,0.01752621680498123,1.0628270501911175e-05,1.7806311007007025e-05,5.763844228567905e-07,1.169340976048261e-06,1.0,233.0
6.104426120145945e-07,0.0035850927233695984,0.0014123989967629313,0.16779084503650665,0.43845489621162415,0.5802356004714966,0.0005259784520603716,4.2174741565759177e-07,2.7693877200363204e-06,0.004711729474365711,0.0006022659945301712,0.062131814658641815,0.08213884383440018,0.03858121111989021,0.12585954368114471,0.12308532744646072,0.02540384978055954,0.1719214767217636,0.15962587296962738,0.08882632106542587,0.004292624071240425,0.20489688217639923,0.32380837202072144,0.0007738007116131485,0.007771029602736235,0.6229661703109741,0.006137260235846043,0.0016805408522486687,0.03816797956824303,0.0402347669005394,0.0008055091602727771,0.0016239592805504799,0.018956433981657028,0.0006225016550160944,0.5415212512016296,0.6463892459869385,0.0030689965933561325,0.004874559585005045,0.07090799510478973,0.0004454828449524939,0.0022072468418627977,0.004223443567752838,0.0005117498803883791,0.0050401464104652405,0.001206865650601685,0.0017066921573132277,0.00020720588508993387,0.00668807839974761,0.0019722746219486,0.0009825326269492507,1.3365272025112063e-05,2.9092457225488033e-06,0.0,234.0
1.2666649240600236e-07,0.06933300942182541,0.009535690769553185,0.10637476295232773,0.058359295129776,0.12342655658721924,3.3266048831137596e-06,9.577331638865871e-08,4.7379327128282966e-08,0.16354727745056152,0.039236512035131454,0.01755709759891033,0.027989482507109642,0.4745323657989502,0.006972413044422865,0.03244953230023384,0.6263867616653442,0.32543760538101196,0.309647798538208,0.3348519802093506,0.07499214261770248,0.007593401707708836,0.007348052226006985,1.2138981219322886e-05,0.2780996859073639,0.001441692584194243,7.872418450460827e-07,9.624254744267091e-05,0.000750633655115962,0.009436173364520073,0.0010209014872089028,0.00030089649953879416,0.0032780994661152363,0.041695475578308105,0.0005974759696982801,0.00018202856881543994,0.002280246699228883,0.020216861739754677,0.9329700469970703,7.730333163635805e-05,0.06172237545251846,0.006613750010728836,0.2735384404659271,0.018434029072523117,2.7692688036040636e-06,2.2581202756555285e-06,0.002080954611301422,2.7530701117939316e-05,3.0243603760027327e-05,5.9619429521262646e-05,9.160417562270595e-07,2.583798064392795e-08,2.0,235.0
1.0028554697782965e-06,0.014350445941090584,0.0006197107722982764,0.10831399261951447,0.32826223969459534,0.5741459131240845,7.17143775545992e-05,6.569635502273741e-07,2.93698917630536e-07,0.30725163221359253,0.1277201920747757,0.42502671480178833,0.425721675157547,0.415462464094162,0.004846297204494476,0.012114022858440876,0.4477066993713379,0.016351597383618355,0.010802657343447208,0.4982224106788635,0.18513694405555725,0.006500569172203541,0.0017892051255330443,0.0010795831913128495,0.005191254895180464,0.00038911838782951236,2.958583991130581e-06,1.3402427612163592e-05,0.0015253884484991431,0.04606000334024429,0.019806690514087677,0.01126189436763525,0.002700923476368189,4.7585170250386e-05,0.011295586824417114,0.00969508197158575,0.03080412745475769,0.12539295852184296,0.0030727582052350044,0.001938583212904632,0.0024719741195440292,0.0012468470958992839,0.005690713878720999,0.025419000536203384,0.29733312129974365,0.5146880149841309,0.3159041106700897,0.32316821813583374,0.007392468396574259,0.02508227527141571,5.695271738659358e-06,1.8434661797073204e-06,0.0,236.0
2.524526053093723e-06,0.14032518863677979,0.14600063860416412,0.0024640827905386686,0.07932428270578384,0.0115919578820467,0.002252338919788599,4.471442025533179e-07,3.342695436003851e-07,0.134280726313591,0.32876914739608765,0.027456775307655334,0.06173345819115639,0.005906954407691956,0.43287983536720276,0.4339432716369629,0.01169508881866932,0.3524288535118103,0.22161763906478882,0.624342679977417,0.366233229637146,0.017997998744249344,0.0009005517931655049,0.0073571293614804745,0.08163384348154068,0.19102567434310913,9.607538231648505e-05,0.0009697561617940664,0.0025557095650583506,0.02487984672188759,0.0006170510314404964,0.00037991406861692667,0.022433195263147354,0.0008620879962109029,0.7011224031448364,0.7222005128860474,0.013687320984899998,0.10306388884782791,0.0028070430271327496,0.00012497305579017848,0.001284756581299007,0.012158293277025223,0.0012618966866284609,0.011526314541697502,0.7442930936813354,0.9111626148223877,0.010607907548546791,0.07382778078317642,0.18487457931041718,0.4173387587070465,3.3012302083079703e-06,6.0512611526064575e-06,0.0,237.0
3.899688636010978e-06,0.2534882426261902,0.14786872267723083,0.09131624549627304,0.0011353341396898031,0.00212801992893219,3.7485540815396234e-05,5.897633172935457e-07,3.7629521898452367e-07,0.11237423121929169,0.09877552837133408,0.051370929926633835,0.05833803117275238,0.016078542917966843,0.2566416561603546,0.2757425606250763,0.01309170201420784,0.1752225160598755,0.2052111178636551,0.5307410955429077,0.5809873342514038,0.00412400159984827,0.004674078430980444,9.764741116669029e-05,0.0001169172246591188,0.07705612480640411,0.0016008056700229645,0.0093720443546772,0.00660009915009141,0.006046275608241558,0.001646520453505218,0.002674790332093835,0.00030881291604600847,0.0002885761787183583,0.002937407698482275,0.003736811922863126,0.0471222847700119,0.06459751725196838,0.0009090854437090456,0.000836963823530823,0.09257954359054565,0.06467322260141373,0.019409604370594025,0.007841956801712513,0.00047210906632244587,0.0007245599990710616,0.0005047536687925458,0.008414405398070812,0.00037746192538179457,0.0005895348731428385,3.163002304518159e-07,1.3255070143713965e-06,1.0,238.0
2.777698455247446e-06,0.3117751181125641,0.4121118187904358,0.0007143078255467117,0.004508803132921457,0.00250576832331717,2.0677958673331887e-05,6.895622561842174e-08,9.618502616604019e-08,0.23060342669487,0.2231266051530838,0.0866437703371048,0.09170190989971161,0.3732927143573761,0.007197977975010872,0.012163964100182056,0.33757734298706055,0.11156733334064484,0.1003665030002594,0.4974660277366638,0.4245288372039795,0.00340310693718493,0.0007305514300242066,4.218264075461775e-05,0.002573334611952305,0.002345794579014182,3.2552422908338485e-06,0.0014469011221081018,0.01146303117275238,0.02181721292436123,0.0002115048555424437,0.0001798664015950635,0.0003131912962999195,0.006891947705298662,6.751867476850748e-05,4.1015933675225824e-05,0.07607828825712204,0.22507108747959137,0.0032683671452105045,0.0001285190664930269,0.011392828077077866,0.00528359692543745,0.07770568132400513,0.013549083843827248,0.2251223474740982,0.3380812704563141,0.0054976679384708405,0.014027520082890987,0.0002767409023363143,0.0006029658252373338,1.4264099945648923e-07,4.3060697407781845e-07,1.0,239.0
1.9800672816927545e-06,0.0003279317752458155,3.598833063733764e-05,0.8537125587463379,0.5874831676483154,0.661880373954773,2.498745197954122e-05,7.656006459910714e-07,8.484672093800327e-07,0.008247197605669498,0.0022213871125131845,0.009826612658798695,0.015259603038430214,0.31487980484962463,0.00971794780343771,0.010591085068881512,0.322376012802124,0.4359186291694641,0.41799989342689514,0.1943969875574112,0.015429824590682983,0.0676618441939354,0.09426126629114151,5.7263121561845765e-05,0.019625702872872353,0.03616327792406082,3.338943497510627e-05,0.003993719816207886,0.01846371404826641,0.00032992809428833425,0.0007367703947238624,0.0018784792628139257,0.007661283481866121,0.002800852758809924,0.0019352308008819818,0.0037766206078231335,0.010110911913216114,0.007832986302673817,0.27137458324432373,0.00042170428787358105,0.06793498992919922,0.016025274991989136,0.038531698286533356,0.03453071415424347,1.4118026228970848e-05,9.704192052595317e-06,7.480697240680456e-05,0.002251904923468828,0.00035090092569589615,0.00011844333494082093,2.125917262674193e-06,4.921477056996082e-07,1.0,240.0
2.6384864213468973e-06,0.7522730827331543,0.8150037527084351,2.217404471593909e-05,0.00043331290362402797,0.00019397810683585703,1.563458499731496e-05,2.680061754745111e-07,2.8349859348963946e-07,0.2703131139278412,0.21546047925949097,0.4276185929775238,0.3548923134803772,0.044950712472200394,0.08077534288167953,0.08746455609798431,0.05701575428247452,0.03102177195250988,0.02795666828751564,0.7104464769363403,0.6290663480758667,0.0026176152750849724,0.00197978550568223,6.745367136318237e-05,0.000768336234614253,0.002484328579157591,4.090289075975306e-05,0.00039295043097808957,0.007830755785107613,0.0027797219809144735,0.0071955351158976555,0.014540034346282482,0.0005383997922763228,0.00022831675596535206,0.0003268453001510352,0.00051306834211573,0.017802486196160316,0.016093946993350983,0.020946191623806953,0.0026631031651049852,0.019393278285861015,0.0024386958684772253,0.10277541726827621,0.06808359920978546,0.0009306423598900437,0.0011145872995257378,0.0009801479754969478,0.018076429143548012,0.0006484140758402646,0.0007713865488767624,1.026610789267579e-06,1.0592484613880515e-06,1.0,241.0
9.027261285154964e-07,0.051252271980047226,0.003888116916641593,0.0470893569290638,0.026638437062501907,0.47478389739990234,3.241506055928767e-05,2.6189200070803054e-06,6.563942633874831e-07,0.2975865602493286,0.1295589953660965,0.16139106452465057,0.11281082779169083,0.09304378926753998,0.13226161897182465,0.09263910353183746,0.05447745695710182,0.08644784986972809,0.11605890840291977,0.43953970074653625,0.5897879004478455,0.0014962430577725172,0.009426462464034557,0.00019860832253471017,0.005493813194334507,0.01389304082840681,0.0006820064736530185,0.00023472750035580248,0.0022997402120381594,9.54361239564605e-05,0.14643286168575287,0.14613115787506104,0.0028135841712355614,0.004808726254850626,0.007491865660995245,0.034650739282369614,0.014519660733640194,0.0006475757691077888,0.1603672206401825,1.1357814400980715e-05,0.02420857921242714,0.00407894141972065,0.003286300227046013,0.015816600993275642,5.98841616010759e-05,9.63968977885088e-06,0.01772427372634411,0.005248166620731354,9.509464143775403e-05,2.099955418088939e-05,9.529801900498569e-06,1.926708364408114e-06,2.0,242.0
9.138428822552669e-07,0.061492662876844406,0.03282273933291435,0.04000253975391388,0.12025073170661926,0.11194736510515213,0.0012948107905685902,5.079938091512304e-06,3.97128673057523e-07,0.7382023334503174,0.6383840441703796,0.8533361554145813,0.8515089750289917,0.008511857129633427,0.277876615524292,0.30786797404289246,0.021566713228821754,0.004134268034249544,0.002552105812355876,0.39523667097091675,0.31178247928619385,0.0008542604628019035,0.0006710850284434855,0.004444754682481289,1.1190763871127274e-05,0.023670194670557976,0.10349519550800323,6.305686110863462e-05,0.010562767274677753,0.030261479318141937,0.005654034670442343,0.004469249397516251,0.033834755420684814,1.8946349882753566e-05,0.7278987169265747,0.9357446432113647,0.01504487730562687,0.013500439934432507,0.025300730019807816,0.013008025474846363,0.006415156647562981,0.0009588096290826797,0.004970564041286707,0.12084528803825378,0.545319139957428,0.5486310720443726,0.010131699033081532,0.006251974496990442,0.8441497683525085,0.8674566149711609,1.0924310117843561e-05,9.113859050557949e-06,2.0,243.0
3.88394073524978e-06,0.01569533161818981,0.014813579618930817,0.21099849045276642,0.052352067083120346,0.06330163776874542,8.494815847370774e-05,2.478316901033395e-06,5.100906150801165e-07,0.09550898522138596,0.10830091685056686,0.055669527500867844,0.06629499793052673,0.005947950296103954,0.44600796699523926,0.44289711117744446,0.00427094055339694,0.1551322340965271,0.13678422570228577,0.498752623796463,0.37675073742866516,0.007822632789611816,0.004911995492875576,0.0003153221041429788,7.487500261049718e-05,0.005659334361553192,0.00032066128915175796,0.00039043245487846434,0.002095092087984085,0.002662948565557599,0.002536654006689787,0.002513815648853779,0.003923308104276657,0.00023300385510083288,0.004223850555717945,0.00489944638684392,0.022114606574177742,0.020147474482655525,0.017935922369360924,0.002220208989456296,0.005400106776505709,0.0021434491500258446,0.006877804175019264,0.03213140740990639,0.6334892511367798,0.6673775911331177,0.01702144369482994,0.0697077065706253,0.012422421015799046,0.018849002197384834,3.548061386027257e-06,2.326035200894694e-06,1.0,244.0
2.0618276153072657e-07,0.002714776434004307,0.0019069304689764977,0.191338449716568,0.4715346395969391,0.1487143337726593,2.3531403712695464e-05,2.412889728020673e-07,4.2878177453076205e-08,0.3609654903411865,0.5799232721328735,0.7157672643661499,0.8721135258674622,0.0052917576394975185,0.5082076191902161,0.5887145400047302,0.01591438241302967,0.00997932069003582,0.0005831316811963916,0.5847318172454834,0.08659610152244568,0.0068323686718940735,0.00021711504086852074,0.00013887866225559264,0.00955753494054079,0.0008389780414290726,5.555341704166494e-05,4.016288585262373e-05,0.0003585781960282475,0.000988803687505424,0.020688412711024284,0.007220150902867317,0.013845021836459637,0.0033668712712824345,0.0007460468332283199,0.0006415842799469829,0.007070544175803661,0.009144723415374756,0.437198281288147,0.00012843366130255163,0.009483513422310352,0.00120965123642236,0.05541692674160004,0.093381367623806,0.00018271332373842597,0.00011514761717990041,0.03967402130365372,0.0010181487305089831,0.0003520222380757332,0.0005390627775341272,6.34052230452653e-06,1.8301359716588195e-07,2.0,245.0
2.8266276785871014e-06,0.052354611456394196,0.08303195983171463,0.013563980348408222,0.12466445565223694,0.03244607895612717,1.1672815162455663e-05,7.525647447437223e-07,9.953073458746076e-07,0.01021844707429409,0.015090294182300568,0.0968547984957695,0.09386426955461502,0.00012401433195918798,0.9530158638954163,0.9507494568824768,0.0001493205054430291,0.09706024825572968,0.10641331970691681,0.15607155859470367,0.16547277569770813,0.09832829982042313,0.03531069681048393,0.00011137672117911279,0.0009800894185900688,0.0025578606873750687,6.42845916445367e-05,0.0002230443205917254,0.0017877629725262523,0.00012726165005005896,0.055366553366184235,0.09041702002286911,0.00761969992890954,0.019266389310359955,0.0003991554258391261,0.0006379581172950566,0.0019653739873319864,0.0013159092050045729,0.6169693470001221,3.358842877787538e-05,0.007840014062821865,0.0010231540072709322,0.03429760783910751,0.12806707620620728,7.310076034627855e-05,3.34710166498553e-05,0.003927147015929222,0.013632121495902538,0.0010786718921735883,0.0008177737472578883,1.0488182851986494e-05,1.5768621324241394e-06,2.0,246.0
3.7508743844227865e-07,0.005876421462744474,0.026213986799120903,0.06651279330253601,0.33543330430984497,0.015942512080073357,7.775520498398691e-05,1.2297010698603117e-07,5.229350463764604e-08,0.13682441413402557,0.4532002806663513,0.07684789597988129,0.15057040750980377,0.18503904342651367,0.016683168709278107,0.03830031305551529,0.2557307481765747,0.13684439659118652,0.059917986392974854,0.6213078498840332,0.18114610016345978,0.010117772966623306,0.0004065310349687934,0.0005031832843087614,0.020205937325954437,0.002550361678004265,1.113463076762855e-05,3.1688450690126047e-05,0.0006102964980527759,0.020638471469283104,0.04904603585600853,0.032653212547302246,0.0006686255801469088,0.0003701097157318145,0.16642476618289948,0.06607239693403244,0.00807181280106306,0.25400030612945557,0.0012708792928606272,0.0001803026971174404,0.014368223026394844,0.0022763218730688095,0.060532812029123306,0.09715010225772858,0.0006955406279303133,0.002576392376795411,0.002161847660318017,0.00516911968588829,0.006626394111663103,0.060273732990026474,4.743457793665584e-06,8.197277452381968e-07,1.0,247.0
1.1519510962898494e-06,8.985628664959222e-05,3.324575664009899e-05,0.9256198406219482,0.6785635948181152,0.7922645807266235,5.5739459639880806e-05,3.0494352358800825e-06,2.8135598313383525e-06,0.48270630836486816,0.3205178380012512,0.6468720436096191,0.6711076498031616,0.008901874534785748,0.3547735810279846,0.37467965483665466,0.02288982644677162,0.00498016644269228,0.00677254656329751,0.14726637303829193,0.3111160099506378,0.000823238049633801,0.003142864443361759,0.00093534478219226,4.4106509449193254e-05,0.00038081713137216866,0.0001755878038238734,2.4434462829958647e-05,0.024715594947338104,0.002915938850492239,0.017700204625725746,0.02159999869763851,0.0009939688025042415,0.016711408272385597,0.0014913213672116399,0.0055782850831747055,0.05496835336089134,0.018369575962424278,0.015182758681476116,2.5164004910038784e-05,0.006709211505949497,0.0007049664272926748,0.018424980342388153,0.030775370076298714,0.39934566617012024,0.22210274636745453,0.13848330080509186,0.388702392578125,0.035189755260944366,0.022603118792176247,1.5433177395607345e-05,6.693953196190705e-07,1.0,248.0
1.192539457406383e-06,0.034463800489902496,0.14834466576576233,0.005975182168185711,0.08193302154541016,0.01965046115219593,0.0007069754065014422,9.950501862476813e-07,4.724198561234516e-07,0.07130603492259979,0.04762374609708786,0.08562853187322617,0.09377133101224899,0.2615906000137329,0.011521502397954464,0.020121200010180473,0.26149648427963257,0.12432468682527542,0.1056283712387085,0.2540278136730194,0.07537756860256195,0.019187629222869873,0.011093717999756336,0.0018968525109812617,0.007932149805128574,0.06645003706216812,5.11438338435255e-05,0.0014416243648156524,0.0013884506188333035,0.007800771854817867,0.00046481346362270415,0.00032624724553897977,0.03841610997915268,0.0011813275050371885,0.24368414282798767,0.2602508068084717,0.010871877893805504,0.026053205132484436,0.025860721245408058,0.0003195409954059869,0.0028620946686714888,0.008646036498248577,0.0005587636842392385,0.020659711211919785,0.6598507165908813,0.7156071662902832,0.01418259646743536,0.01043491531163454,0.06558168679475784,0.09411320090293884,1.5956717334120185e-06,4.1305384002043866e-06,1.0,249.0
2.375411668253946e-06,0.13979941606521606,0.08476779609918594,0.0035846056416630745,0.02218092419207096,0.03521237149834633,1.2268958016647957e-05,3.315034859951993e-07,3.286803860191867e-07,0.34830066561698914,0.13249371945858002,0.018601203337311745,0.014312940649688244,0.0037456394638866186,0.4290601909160614,0.42494678497314453,0.005533112678676844,0.4265947937965393,0.40444058179855347,0.5295405983924866,0.3498038649559021,0.0014065010473132133,0.002794909756630659,4.5266795495990664e-05,0.004103770013898611,0.01111582200974226,2.9726787033723667e-05,0.0075225080363452435,0.015229115262627602,0.003861495992168784,0.000405253580538556,0.0003689985314849764,0.0011380562791600823,0.001472794683650136,0.00021863257279619575,0.00022043875651434064,0.07771483063697815,0.02470393106341362,0.06970527768135071,0.001922203809954226,0.06660816818475723,0.011534950695931911,0.06760231405496597,0.018923915922641754,0.00046209015999920666,0.0002005324640776962,0.0011979538248851895,0.0002544335147831589,8.850084668665659e-06,7.5860552897211164e-06,5.082754341856344e-07,3.490096958103095e-07,1.0,250.0
1.344213501397462e-06,0.00034321489511057734,0.0006313099875114858,0.4308895170688629,0.7020658254623413,0.4741578996181488,4.1161500121233985e-05,5.000418923373218e-07,1.746893985909992e-06,0.08214011043310165,0.09023014456033707,0.3491858243942261,0.3476621210575104,0.06405160576105118,0.15813054144382477,0.10687342286109924,0.02031770348548889,0.040016889572143555,0.028768140822649002,0.3265775740146637,0.2127191424369812,0.026993488892912865,0.015813099220395088,0.00017673065303824842,0.0025207626167684793,0.005883099045604467,8.583224371250253e-06,0.00027740764198824763,0.004983362276107073,0.004382581450045109,0.4628446400165558,0.5316827297210693,3.0994404369266704e-05,0.004732322413474321,0.0014455995988100767,0.0006765990983694792,0.1970176100730896,0.3658285140991211,3.1456162105314434e-05,1.104918192140758e-05,0.09748144447803497,0.11924950033426285,0.045467402786016464,0.0023326773662120104,0.0016865795478224754,0.001200758502818644,0.14336413145065308,0.28795889019966125,0.0005449336604215205,0.0005643008043989539,2.4692035367479548e-06,2.1743401248386363e-06,1.0,251.0
2.2832373360870406e-06,0.01120029017329216,0.052793435752391815,0.0039715892635285854,0.19244839251041412,0.056803084909915924,0.0010697493562474847,7.525291493948316e-06,3.627856585808331e-06,0.1593354195356369,0.2039949744939804,0.05121685191988945,0.06338923424482346,0.04216058552265167,0.23845785856246948,0.18180572986602783,0.017375150695443153,0.2875345051288605,0.25506463646888733,0.5304660797119141,0.46524208784103394,0.00865212082862854,0.0065881856717169285,0.012119598686695099,0.0015099742449820042,0.02547147125005722,0.0006147754029370844,0.00024463364388793707,0.0025298355612903833,0.01792784407734871,0.008550467900931835,0.005711337551474571,0.07426236569881439,0.0001503163657616824,0.691150426864624,0.814504086971283,0.03488210216164589,0.07466288655996323,0.005376364104449749,0.001022782176733017,0.0008406765409745276,0.006745867431163788,0.0012705662520602345,0.021683301776647568,0.9492202997207642,0.9693526029586792,0.3421151041984558,0.3540809452533722,0.5519591569900513,0.6864150762557983,1.0871161066461354e-05,9.327539373771288e-06,0.0,252.0
1.8499364387025707e-06,0.06027185544371605,0.06984765082597733,0.014174298383295536,0.10290949791669846,0.049312423914670944,2.074141229968518e-05,3.488439688226208e-07,2.5614480136937345e-07,0.013267056085169315,0.011965082958340645,0.008611926808953285,0.029116490855813026,0.023557843640446663,0.06880991905927658,0.12524878978729248,0.06680410355329514,0.4661092460155487,0.31209424138069153,0.2769647538661957,0.03717750310897827,0.04437771439552307,0.020975220948457718,5.873974077985622e-05,0.0010651664342731237,0.003948079887777567,2.034317367360927e-05,0.0012528816005215049,0.0005075395456515253,0.0005972431390546262,0.018317466601729393,0.014476104639470577,0.0031675442587584257,0.0014794588787481189,0.00034218153450638056,0.00033571640960872173,0.01183230709284544,0.009041919372975826,0.09588544070720673,0.0005543442675843835,0.005648164544254541,0.0006298033404164016,0.0230866726487875,0.050441134721040726,0.0010537082562223077,0.0007569391163997352,0.01252426765859127,0.0034059283789247274,0.00016900643822737038,0.0002558051492087543,2.0928600861225277e-06,8.939176154854067e-07,2.0,253.0
3.746255742953508e-06,0.000279416999546811,0.04552949592471123,0.3923827111721039,0.4800155460834503,0.014160359278321266,4.877407991443761e-05,6.265915430958557e-07,1.269556946681405e-06,0.04792727157473564,0.07037407159805298,0.019742250442504883,0.026615623384714127,0.039561234414577484,0.10792385041713715,0.10355642437934875,0.031264279037714005,0.3165024518966675,0.3098081052303314,0.8089765310287476,0.36367934942245483,0.013771180994808674,0.004465731326490641,0.00012828006583731622,0.00037394839455373585,0.0317666195333004,0.0002497677633073181,0.007952832616865635,0.03671715408563614,0.002964483108371496,0.0005968601326458156,0.0012350502656772733,0.0003014486574102193,0.0012298146029934287,0.0008413140894845128,0.0018344101263210177,0.13993801176548004,0.028745971620082855,0.003693611128255725,0.0008469194872304797,0.10215461999177933,0.014029405079782009,0.030577853322029114,0.005481829401105642,0.0009417057153768837,0.0006350923213176429,0.0004610787727870047,0.0058824410662055016,9.592406422598287e-05,4.28020503022708e-05,1.5105212014532299e-06,9.773370948096272e-07,2.0,254.0
3.966309122915845e-06,0.008609065786004066,0.12301521748304367,0.02092074044048786,0.30211010575294495,0.012193948961794376,1.1291695045656525e-05,7.414535616590001e-07,3.3143649602607184e-07,0.048392511904239655,0.06230129301548004,0.010088020004332066,0.016969559714198112,0.6974546909332275,0.0019476402085274458,0.004447051323950291,0.7533837556838989,0.5089969635009766,0.4491356313228607,0.5507304668426514,0.29132047295570374,0.031109770759940147,0.0070975846610963345,2.0683535694843158e-05,0.03090113028883934,0.15547294914722443,0.0002203011536039412,0.09838663041591644,0.002136213006451726,6.643799861194566e-05,0.010748996399343014,0.022956538945436478,0.0025385308545082808,0.02051265351474285,0.0005723826470784843,0.00040548271499574184,0.0005113171646371484,0.0014730977127328515,0.8902765512466431,7.920961797935888e-05,0.4095669388771057,0.08216270804405212,0.23805680871009827,0.01459532231092453,1.7018315645600524e-07,1.3753884786638082e-07,2.8195570848765783e-05,0.0005705660441890359,6.179668162076268e-06,1.0986569577653427e-05,4.24669082121909e-07,6.476307135017123e-07,1.0,255.0
9.950377943823696e-07,0.3325002193450928,0.2541976571083069,0.005516455043107271,0.0015243972884491086,0.0025496522430330515,0.00017849226424004883,4.198576561975642e-07,3.3404836585759767e-07,0.1676042079925537,0.19003960490226746,0.1666639894247055,0.20575523376464844,0.055403973907232285,0.06920352578163147,0.06777209788560867,0.05941106379032135,0.07582917809486389,0.059748776257038116,0.6254534721374512,0.30063703656196594,0.008587884716689587,0.0028434856794774532,0.0022134294267743826,0.0002926643646787852,0.0009018135606311262,6.273538019740954e-05,1.843740392359905e-05,0.006446931976824999,0.005791218485683203,0.0011159020941704512,0.0009868559427559376,0.004134013317525387,0.0003744456626009196,0.0921642929315567,0.16312454640865326,0.03195275738835335,0.040011923760175705,0.006525942124426365,0.00044402742059901357,0.0018601453630253673,0.0036049147602170706,0.0028451886028051376,0.01815040595829487,0.7363751530647278,0.6993085145950317,0.014493265189230442,0.02660650946199894,0.12532074749469757,0.15861333906650543,4.438986707100412e-06,2.5722683858475648e-06,0.0,256.0
1.8208287428933545e-06,0.0020229474175721407,0.0025233656633645296,0.03350089117884636,0.5957111120223999,0.35015803575515747,0.0006698968354612589,3.0724290809303056e-06,1.8563428056950215e-06,0.07815012335777283,0.09913967549800873,0.389922171831131,0.3816872835159302,0.16355016827583313,0.03552563861012459,0.03188837319612503,0.17199622094631195,0.03493562340736389,0.023158270865678787,0.2718924582004547,0.231088787317276,0.022373603656888008,0.011379371397197247,0.003980293869972229,0.0011351677821949124,0.01994727924466133,0.00011034695489797741,0.0009852659422904253,0.0052288300357759,0.014139533042907715,0.00021136818395461887,0.00018356041982769966,0.04495788738131523,0.0005397460772655904,0.25317156314849854,0.2769646644592285,0.03603203967213631,0.11167988181114197,0.02001502551138401,0.0027114152908325195,0.0013091816799715161,0.0066507733426988125,0.002003392670303583,0.015241477638483047,0.8828353881835938,0.9236202239990234,0.04781103506684303,0.07483766973018646,0.863310694694519,0.9119807481765747,4.77628191219992e-06,4.687059572461294e-06,0.0,257.0
5.372744453779887e-07,0.01758476346731186,0.017290368676185608,0.09222784638404846,0.14483942091464996,0.05908051133155823,2.36909108934924e-05,8.375791367143393e-07,4.2715166159723594e-07,0.1303136944770813,0.05980200320482254,0.4777669608592987,0.4746631979942322,0.030095988884568214,0.14987967908382416,0.13591577112674713,0.025189973413944244,0.011947891674935818,0.014524047262966633,0.09656496345996857,0.17459754645824432,0.006227471865713596,0.017098156735301018,0.0007957962225191295,0.00026644914760254323,0.00137465784791857,5.5543932830914855e-05,4.747176717501134e-05,0.0018649279372766614,0.000412248307839036,0.0048252884298563,0.007471028715372086,0.03374900668859482,0.0010660325642675161,0.01095668226480484,0.014233962632715702,0.005194207653403282,0.0041696601547300816,0.1441098302602768,0.00025893026031553745,0.0002737714967224747,0.0001677010441198945,0.0015511400997638702,0.10576874762773514,0.050234775990247726,0.05637562274932861,0.03372102603316307,0.17871157824993134,0.15789885818958282,0.1986418217420578,1.5038969650049694e-05,1.6716674053895986e-06,1.0,258.0
4.946448370901635e-07,0.00010041164932772517,4.56067209597677e-05,0.8005075454711914,0.7242751121520996,0.667748212814331,4.4433905713958666e-05,2.7277212666376727e-07,4.2201617134196567e-07,0.11448778212070465,0.17746604979038239,0.3035643398761749,0.30231165885925293,0.14107662439346313,0.06813035160303116,0.03985434025526047,0.10414041578769684,0.05308348312973976,0.032765068113803864,0.3444719612598419,0.3602808713912964,0.016263075172901154,0.0052305785939097404,9.025182953337207e-05,0.0073273382149636745,0.08098667114973068,6.348615715978667e-05,0.017014870420098305,0.0005668967496603727,0.002142170676961541,0.06730036437511444,0.09453386813402176,2.7184627469978295e-05,0.0003779595426749438,0.0027979544829577208,0.0012279365910217166,0.014466590248048306,0.07403778284788132,0.0012689033756032586,0.0002423224796075374,0.35429367423057556,0.6171711683273315,0.01725216768682003,7.460288179572672e-05,6.716700227116235e-06,5.900429187022382e-06,0.004415072966367006,0.017605362460017204,3.0264118322520517e-06,3.885463229380548e-06,4.958586714565172e-07,4.409804148508556e-07,1.0,259.0
1.7444084505768842e-06,0.05038231983780861,0.0034315434750169516,0.025515658780932426,0.04773172736167908,0.44469884037971497,0.0010272939689457417,5.045773377787555e-06,4.710144821729045e-06,0.0686076283454895,0.024115918204188347,0.010405585169792175,0.007187109440565109,0.003992600366473198,0.5574743747711182,0.5437759160995483,0.007545655593276024,0.5928484797477722,0.5833828449249268,0.3533141314983368,0.10891292244195938,0.008605558425188065,0.027118021622300148,0.002298437524586916,0.018253596499562263,0.39411675930023193,0.0037879901938140392,0.001696022809483111,0.003786409040912986,0.008848048746585846,0.046409714967012405,0.04102678596973419,0.008948448114097118,0.006370559800416231,0.560293436050415,0.2880666255950928,0.005087859462946653,0.02353200875222683,0.004528218414634466,3.4090151075361064e-06,0.007105013821274042,0.004097532946616411,0.0008590561337769032,0.02190656214952469,0.10103055834770203,0.10667696595191956,0.6362327933311462,0.38262346386909485,0.001299981027841568,0.0014048055745661259,6.404209216270829e-06,4.435157279658597e-06,1.0,260.0
3.6181475024932297e-06,0.8134416937828064,0.7536282539367676,1.9397361029405147e-05,0.0017354697920382023,0.0009675578912720084,0.0022805235348641872,1.8914201973529998e-06,4.3718702613659843e-07,0.370288223028183,0.2101665884256363,0.2887081503868103,0.299048513174057,0.030381400138139725,0.13430184125900269,0.15783904492855072,0.06014354154467583,0.05407813936471939,0.059600140899419785,0.6825717687606812,0.6336381435394287,0.0017220939043909311,0.00330758816562593,0.0018570900429040194,0.001989114098250866,0.7163032293319702,0.014083038084208965,0.001822198391892016,0.040527425706386566,0.3571847975254059,0.001092255930416286,0.0007244391599670053,0.020224429666996002,9.875255636870861e-05,0.36972668766975403,0.38303643465042114,0.013805072754621506,0.044034842401742935,0.004926880821585655,0.003753198543563485,0.0010389917297288775,0.007264802698045969,0.002716550836339593,0.02684439718723297,0.7727558016777039,0.8667560815811157,0.011396883986890316,0.007315509952604771,0.30241265892982483,0.5822343826293945,1.0372639280831208e-06,5.578009677265072e-06,1.0,261.0
9.203762942888716e-07,0.08152712136507034,0.05177120491862297,0.0013096339534968138,0.037999749183654785,0.03421764448285103,5.957305256742984e-05,2.657613151768601e-07,2.9926289357717906e-07,0.022482920438051224,0.009576475247740746,0.03141983225941658,0.03357245773077011,0.05846555158495903,0.11681997776031494,0.09729921817779541,0.03580714389681816,0.2397618591785431,0.2683156430721283,0.166826531291008,0.15313348174095154,0.03140030801296234,0.03520772606134415,4.92145300086122e-05,0.30094653367996216,0.19644539058208466,2.6395724489702843e-05,0.0021578765008598566,0.00146371906157583,0.0009535580757074058,0.002218065783381462,0.002286261413246393,0.0026006523985415697,0.014291496016085148,0.02772323228418827,0.01609785109758377,0.006411841604858637,0.04249177128076553,0.03835264593362808,1.006251659418922e-05,0.3067539632320404,0.3203597962856293,0.06856903433799744,0.039627544581890106,3.114135324722156e-06,1.8394111975794658e-06,0.0003126170486211777,0.0001998493098653853,0.0005694268038496375,0.0006218218477442861,4.7155876359283866e-07,4.673454441217473e-07,2.0,262.0
3.2744969757914077e-06,0.11620520055294037,0.036088112741708755,0.0037785228341817856,0.03079330548644066,0.15853941440582275,7.714207640674431e-06,3.96474706576555e-06,3.0333359291034867e-07,0.5824302434921265,0.15040889382362366,0.2517951726913452,0.03765323758125305,0.1110699251294136,0.02935114875435829,0.0465395525097847,0.21097540855407715,0.048721492290496826,0.2786824703216553,0.36369094252586365,0.617936372756958,0.00033720521605573595,0.0037001604214310646,3.69340086763259e-05,9.813018550630659e-05,0.004412651062011719,0.006400690414011478,0.0008032962796278298,0.000700043048709631,0.0007114086765795946,0.01051806379109621,0.010941114276647568,0.0021161220502108335,9.68792664934881e-05,0.00045365403639152646,0.0011423765681684017,0.036017876118421555,0.010454175062477589,0.3665737211704254,0.00965029001235962,0.057139910757541656,0.004804590251296759,0.05416068062186241,0.04079912602901459,3.841619400191121e-05,2.1336607460398227e-05,0.0011778033804148436,0.002842457266524434,9.435984793526586e-06,6.778501301596407e-06,3.145358505207696e-06,9.108376275435148e-07,2.0,263.0
1.4157028545014327e-06,0.0055859931744635105,0.005223430693149567,0.04655451700091362,0.37272408604621887,0.19946108758449554,6.314177153399214e-05,1.623631362690503e-07,2.4573091650381684e-07,0.54256272315979,0.7667050957679749,0.7614806890487671,0.7477545738220215,0.024879256263375282,0.14011861383914948,0.1510051190853119,0.03945029154419899,0.008389607071876526,0.0016705704620108008,0.6783009767532349,0.19156581163406372,0.0010806579375639558,9.704292460810393e-05,0.00019227186567150056,0.0010169375455006957,0.0037536548916250467,2.2687410819344223e-05,0.001160919782705605,0.0022754233796149492,0.006586294621229172,0.006810339633375406,0.004860555753111839,0.00018788251327350736,0.00019826772040687501,0.00043259435915388167,0.0005390881560742855,0.13734108209609985,0.08387894183397293,0.0007293070666491985,0.00296957534737885,0.009093665517866611,0.005343026015907526,0.01378049049526453,0.0050843628123402596,0.03769605979323387,0.03724380210042,0.035013582557439804,0.028542663902044296,0.0003202158841304481,0.0006322984700091183,3.4106278690160252e-06,1.2508916142905946e-06,1.0,264.0
8.548241225980746e-07,0.0004194891080260277,2.694868089747615e-05,0.797048807144165,0.3369915187358856,0.9062784910202026,2.3562346541439183e-05,9.554827556712553e-06,5.00627834298939e-07,0.3315131664276123,0.04652464762330055,0.15809033811092377,0.05900311470031738,0.026233652606606483,0.2842544615268707,0.32768911123275757,0.028815120458602905,0.09983617812395096,0.19381068646907806,0.2640814185142517,0.31636324524879456,0.0021252825390547514,0.029004506766796112,0.00022984854876995087,0.00019286181486677378,0.008392734453082085,0.020478535443544388,5.751075514126569e-05,0.000806225638370961,0.024105725809931755,0.0008806057157926261,0.0019865212962031364,0.011043419130146503,2.4517790734535083e-05,0.11788899451494217,0.06238215044140816,0.0026694657281041145,0.011334532871842384,0.4917452335357666,0.0551447756588459,0.06014642491936684,0.015601652674376965,0.012420626357197762,0.06032250449061394,5.471201802720316e-06,8.187689672922716e-06,1.8138100131182e-05,0.006587326992303133,0.0005669951206073165,0.0004397862940095365,3.293291956651956e-05,1.6140373872985947e-06,1.0,265.0
9.363384378957562e-06,0.04173555225133896,0.09807431697845459,0.004311816301196814,0.11190946400165558,0.06187809631228447,0.0006624587695114315,3.88838816434145e-06,1.6202263850573217e-06,0.014904745854437351,0.030923759564757347,0.017165152356028557,0.0671912282705307,0.31986913084983826,0.005581758916378021,0.018676981329917908,0.42572081089019775,0.4134941101074219,0.19569170475006104,0.5512877702713013,0.1766013503074646,0.06385974586009979,0.02433067001402378,0.0011808649869635701,0.004935800097882748,0.027990693226456642,2.765540557447821e-05,0.0023094851057976484,0.0028947845567017794,0.009353521279990673,0.0021668029949069023,0.0016359282890334725,0.0047261095605790615,0.0019796055275946856,0.020144285634160042,0.027168970555067062,0.12460044771432877,0.24010883271694183,0.0011134862434118986,0.00030910864006727934,0.00709754042327404,0.018379945307970047,0.012194505892693996,0.019988875836133957,0.9289906024932861,0.9333347678184509,0.09338003396987915,0.133172869682312,0.08162853121757507,0.1179986223578453,9.64084392762743e-07,1.1704774806275964e-05,0.0,266.0
1.0902274425461655e-06,0.0645824670791626,0.08887945860624313,0.00421574991196394,0.05444268509745598,0.025344988331198692,1.2668544513871893e-05,1.6103756195207097e-07,2.8551184527714213e-07,0.048106856644153595,0.01259568426758051,0.09030167013406754,0.07528146356344223,0.039917390793561935,0.07974059134721756,0.08584495633840561,0.04916740953922272,0.09999421238899231,0.11161115765571594,0.2190149873495102,0.09429208189249039,0.014227541163563728,0.024281376972794533,0.00012687475827988237,0.0005246750661171973,0.0013460975605994463,1.4480260688287672e-05,0.0003117815649602562,0.002796696498990059,0.0007836728473193944,0.0016385423950850964,0.002719649113714695,0.0024696318432688713,0.005290972534567118,0.0004707557673100382,0.0004883284564130008,0.021441761404275894,0.02449536696076393,0.017905566841363907,0.00011323589569656178,0.0012297783978283405,0.0005378779023885727,0.005057221744209528,0.039474207907915115,0.006874300539493561,0.008210144005715847,0.00568613363429904,0.02667851187288761,0.0005774815799668431,0.0007109905709512532,2.5035137696249876e-06,8.051171676015656e-07,1.0,267.0
1.0711827371778782e-06,0.0038532819598913193,0.004485837183892727,0.1536840796470642,0.3503553867340088,0.16741353273391724,4.484147211769596e-06,1.8428775661050167e-07,6.494212243524089e-07,0.03902950882911682,0.016148971393704414,0.25432729721069336,0.2531069219112396,0.00951163936406374,0.20473460853099823,0.21023963391780853,0.021646780893206596,0.029484948143363,0.029935769736766815,0.08879509568214417,0.03962220996618271,0.021372558549046516,0.03629170358181,9.627709005144425e-06,0.0013980023795738816,0.009806635789573193,0.00013382289034780115,0.0016924707451835275,0.002261194633319974,0.00029221546719782054,0.0004670675261877477,0.001369043835438788,0.0010521188378334045,0.00733540253713727,0.00012075334961991757,9.260728256776929e-05,0.00652099447324872,0.007565847132354975,0.32541483640670776,0.0006214494351297617,0.08234469592571259,0.03709591180086136,0.10842595994472504,0.02680421806871891,2.539986553529161e-06,2.1575224309344776e-06,5.014190173824318e-05,0.001564808189868927,3.8379206671379507e-05,3.245546031394042e-05,2.4690975806151982e-06,5.129937790115946e-07,1.0,268.0
7.212987043203611e-07,0.00014361683861352503,7.836799341021106e-05,0.8289402723312378,0.8716539144515991,0.8490544557571411,2.4837281671352684e-05,7.169205673562828e-07,1.66244967658713e-06,0.0016535475151613355,0.0007506422698497772,0.2801189422607422,0.28038549423217773,0.034041550010442734,0.16474246978759766,0.13656428456306458,0.02253013104200363,0.03714888170361519,0.019077656790614128,0.010808548890054226,0.004402139224112034,0.3403521776199341,0.3813396394252777,3.947803998016752e-05,0.0055746943689882755,0.409341424703598,0.009798743762075901,0.009181908331811428,0.003447372931987047,0.0048416792415082455,9.615421004127711e-05,0.00024168794334400445,0.027584802359342575,0.001516602118499577,0.008941743522882462,0.011981125921010971,0.00045501042040996253,0.0024298112839460373,0.9678937196731567,0.005542897619307041,0.11412391066551208,0.09761731326580048,0.021845733746886253,0.009551433846354485,7.314455530149644e-08,9.471965256580006e-08,1.8028242720902199e-06,0.0002903249114751816,5.520970807992853e-05,5.2187129767844453e-05,5.29100088897394e-06,3.491225299967482e-07,1.0,269.0
3.1261700428331096e-07,0.03167383000254631,0.06649230420589447,0.019061556085944176,0.14066438376903534,0.03311534598469734,1.670185156399384e-05,2.897426156778238e-07,1.1614717720931367e-07,0.0839528739452362,0.09732767939567566,0.08936331421136856,0.09067714214324951,0.005853578448295593,0.49663659930229187,0.4859636425971985,0.005937274545431137,0.14872615039348602,0.11993200331926346,0.37779948115348816,0.39566028118133545,0.021632622927427292,0.006545568350702524,3.874946924042888e-05,0.08209525048732758,0.11481352150440216,0.00016959129425231367,0.004323733039200306,8.710754627827555e-05,0.0017748845275491476,0.0019190018065273762,0.0010661366395652294,0.006265542004257441,0.0004909421550109982,0.01806103251874447,0.0049675763584673405,0.00010103661770699546,0.003910189028829336,0.9224526286125183,0.0032015363685786724,0.2904718220233917,0.4371139109134674,0.018935997039079666,0.003604719415307045,1.2933826454286645e-08,1.5508460293744974e-08,0.00011610685760388151,3.041306081286166e-05,1.2517586583271623e-05,7.341267337324098e-05,9.85495830718719e-07,1.754633416339857e-07,2.0,270.0
2.88932710645895e-06,0.04428864270448685,0.020596029236912727,0.13901422917842865,0.0416429303586483,0.15197277069091797,9.503073670202866e-05,4.484643341129413e-06,1.686406903900206e-06,0.8170645236968994,0.7410116195678711,0.8315774202346802,0.8464065194129944,0.08094362169504166,0.16627271473407745,0.09067248553037643,0.028931545093655586,0.0026982605922967196,0.0035996518563479185,0.7777525186538696,0.5962927341461182,0.0002705980441533029,0.0004736606206279248,0.00032733738771639764,0.0008885657298378646,0.0025899375323206186,3.9193470001919195e-05,0.0005009490996599197,0.0028578806668519974,0.00552405184134841,0.01449491921812296,0.010970767587423325,0.0010501535143703222,0.03142262622714043,0.0012509749503806233,0.0012065126793459058,0.025645092129707336,0.05974220111966133,0.0028528396505862474,1.7780126654542983e-05,0.011587855406105518,0.00380059820599854,0.021575674414634705,0.015488989651203156,0.8582817316055298,0.8437252640724182,0.36674031615257263,0.1985948383808136,0.004622375592589378,0.003671770915389061,2.4584958282503067e-06,3.1464956009585876e-06,2.0,271.0
3.4631186736078234e-06,0.037565384060144424,0.02503977343440056,0.008871878497302532,0.16656696796417236,0.15536396205425262,0.0013795896666124463,1.296712343901163e-05,1.395585854879755e-06,0.1357976496219635,0.20773959159851074,0.016636831685900688,0.029960226267576218,0.019442599266767502,0.08014070242643356,0.21799194812774658,0.09811319410800934,0.5262080430984497,0.44934332370758057,0.6020692586898804,0.4153116047382355,0.009436944499611855,0.005888177081942558,0.00535539397969842,0.001746534020639956,0.17525984346866608,0.0008368626004084945,0.002716006711125374,0.0010929388226941228,0.00306272367015481,0.0406622476875782,0.03200826793909073,0.04117759317159653,0.00011819478095276281,0.19643962383270264,0.30294373631477356,0.012675602920353413,0.01007335539907217,0.0072328015230596066,0.0007199061801657081,0.0008758243639022112,0.005841121077537537,0.0005468899034895003,0.008051050826907158,0.9195017218589783,0.8844605684280396,0.6014065742492676,0.4782347083091736,0.03787149488925934,0.03772468492388725,4.237048869981663e-06,2.242329173895996e-05,0.0,272.0
4.459774572751485e-06,0.02142738364636898,0.014441573061048985,0.1513071358203888,0.0812600627541542,0.07146313041448593,0.00020013765606563538,1.6120192185553606e-06,9.210717735186336e-07,0.03202357888221741,0.01776873506605625,0.00935216061770916,0.007942985743284225,0.008387486450374126,0.16729241609573364,0.2223544716835022,0.03928597271442413,0.5313853025436401,0.5154188871383667,0.45117488503456116,0.2856038212776184,0.01354252640157938,0.025951892137527466,0.0008885242277756333,0.0004597027727868408,0.03289174288511276,0.00010782928438857198,0.008150753565132618,0.006678362842649221,0.014535997062921524,0.004313753917813301,0.0038202968426048756,0.001583387260325253,0.0011520549887791276,0.014281395822763443,0.017033137381076813,0.06236513704061508,0.1387590616941452,0.002467523096129298,0.00015312140749301761,0.017544042319059372,0.004084295593202114,0.0017781874630600214,0.004076112527400255,0.11594726890325546,0.1757514774799347,0.01976665109395981,0.0535283163189888,0.00011214209371246397,0.0002157002018066123,6.936601835150213e-07,4.032216565974522e-06,1.0,273.0
1.2053994851157768e-06,0.1066867783665657,0.09039770811796188,0.02728043496608734,0.019753456115722656,0.011119484901428223,6.062960164854303e-05,4.859188038608409e-07,1.6614114883850561e-06,0.0029629359487444162,0.001127753872424364,0.04833356663584709,0.04291004687547684,0.1256507784128189,0.07821110635995865,0.023897694423794746,0.03831375017762184,0.17700918018817902,0.18498912453651428,0.031080815941095352,0.01098319049924612,0.19119036197662354,0.2140330970287323,0.0008724897052161396,0.0006667061825282872,0.002897159894928336,7.897663454059511e-05,3.62787141057197e-05,0.002443866804242134,0.005304581951349974,0.005950747989118099,0.005525775719434023,0.00480425450950861,0.00029641680885106325,0.20407359302043915,0.264788419008255,0.025523681193590164,0.050077151507139206,0.007539173122495413,0.002183722099289298,0.005734446458518505,0.0032455329783260822,0.009950811974704266,0.18369975686073303,0.0021898720879107714,0.002865917282178998,0.0029938407242298126,0.005826372653245926,0.12730209529399872,0.17033520340919495,1.4797966287005693e-05,1.8334059177504969e-06,2.0,274.0
9.718061164676328e-07,4.508366691879928e-05,0.0003772515046875924,0.5135000348091125,0.8673484325408936,0.40311992168426514,2.94757464871509e-05,3.2224579626927152e-06,5.658202439917659e-07,0.08751767873764038,0.02160056307911873,0.32735830545425415,0.2966093420982361,0.1845300793647766,0.023800015449523926,0.026155002415180206,0.16998350620269775,0.018643055111169815,0.025126663967967033,0.09266386181116104,0.05786486342549324,0.010654622688889503,0.02444656565785408,0.00015143175551202148,0.001229774788953364,0.016449756920337677,9.812756616156548e-05,0.0005702890339307487,0.0003475248231552541,0.0015587080270051956,0.07387638092041016,0.11073342710733414,0.002571322023868561,0.00018147104128729552,0.005556218326091766,0.004232435487210751,0.007303738966584206,0.04155092313885689,0.012914307415485382,0.003339589573442936,0.014229580760002136,0.0020616059191524982,0.04171628877520561,0.13669894635677338,0.0002402180980425328,0.00041868266998790205,0.004227092955261469,0.05495729669928551,0.013903521932661533,0.02030871994793415,7.243652817123802e-06,1.9731285192392534e-06,1.0,275.0
2.7265716653346317e-06,0.011448915116488934,0.0068782116286456585,0.03323189914226532,0.22536760568618774,0.4903259575366974,6.074262273614295e-05,3.5458117508824216e-06,2.4097514597087866e-06,0.03463388606905937,0.0028122090734541416,0.09795486181974411,0.0074522485956549644,0.0002799722133204341,0.8259670734405518,0.9185130000114441,0.00192958302795887,0.1586911827325821,0.5202516317367554,0.06096485257148743,0.1578998565673828,0.01746935024857521,0.19489902257919312,0.00022629840532317758,0.00033182831248268485,0.004932269919663668,0.0002309636474819854,0.0005317822797223926,0.0023034827318042517,0.0006972549017518759,0.004713818430900574,0.005409311503171921,0.0034943637438118458,0.033736106008291245,0.0014385711401700974,0.0012456995900720358,0.007711272686719894,0.00650916388258338,0.018811652436852455,8.316538696817588e-06,0.004557817708700895,0.0022719313856214285,0.004260475281625986,0.030515126883983612,0.7158017754554749,0.5730621814727783,0.24113519489765167,0.11885685473680496,0.005980486050248146,0.005653975531458855,1.9275134945928585e-06,1.8317508647669456e-06,0.0,276.0
1.0666046819096664e-06,0.015637142583727837,0.00977504812180996,0.3716255724430084,0.14928069710731506,0.16579152643680573,5.078029516880633e-06,7.052970545373682e-07,3.382804436569131e-07,0.008900861255824566,0.006371954455971718,0.03144003823399544,0.029452497139573097,0.011213419958949089,0.17826376855373383,0.18281015753746033,0.021910417824983597,0.21514785289764404,0.18700197339057922,0.10242460668087006,0.11086636781692505,0.04581053927540779,0.10730589926242828,1.090453406504821e-05,0.01747826300561428,0.022881995886564255,9.21068640309386e-05,0.0017984305741265416,0.0008455644128844142,0.021785734221339226,1.1622806596278679e-05,1.2670561773120426e-05,0.01968437246978283,0.011247679591178894,0.0008204909390769899,0.0004707465413957834,0.0001813077979022637,0.004488409962505102,0.9942334294319153,0.003976086154580116,0.2652342617511749,0.10568959265947342,0.12602108716964722,0.05451337620615959,4.1208888745813965e-08,6.324280121816628e-08,1.9840954337269068e-06,2.417629730189219e-05,2.5823654141277075e-05,9.40367899602279e-05,1.3999087968841195e-06,1.4610847642870795e-07,1.0,277.0
5.640562790176773e-07,8.322355279233307e-05,0.0004647106979973614,0.4531492590904236,0.8328403234481812,0.16845755279064178,2.8338035917840898e-05,1.338848818477345e-07,2.1055734578112606e-07,0.21223104000091553,0.23578819632530212,0.4432257413864136,0.5756044387817383,0.05921642482280731,0.3111949861049652,0.1413639485836029,0.007768174167722464,0.029679585248231888,0.005441911518573761,0.3667773902416229,0.057688139379024506,0.01158630009740591,0.0017018584767356515,0.00012220349162817,0.0011181216686964035,0.0003996755403932184,1.5362924386863597e-05,2.3545588192064315e-05,0.018744422122836113,0.08716438710689545,0.0049195243045687675,0.0035711959935724735,8.968730253400281e-05,0.0004968479624949396,0.0003098610322922468,0.00016501464415341616,0.2700475752353668,0.5076719522476196,0.00018555666611064225,0.001786898821592331,0.009376251138746738,0.0028334108646959066,0.35816898941993713,0.05520325154066086,0.2288457751274109,0.2524557113647461,0.03626983240246773,0.013415884226560593,0.0017297023441642523,0.00349827972240746,5.322767719917465e-06,4.3361563939470216e-07,1.0,278.0
1.2153471971032559e-06,0.002628931077197194,0.0024789918679744005,0.07990489155054092,0.5684356093406677,0.505286693572998,2.4461694920319133e-05,7.189074722191435e-07,3.7827305732207606e-07,0.009199611842632294,0.008279683068394661,0.019451504573225975,0.017515799030661583,0.046987853944301605,0.053910572081804276,0.06527632474899292,0.06417171657085419,0.39235955476760864,0.41603022813796997,0.2133437991142273,0.15010422468185425,0.06214432045817375,0.0594235435128212,7.536864723078907e-05,0.001034978311508894,0.013618952594697475,0.0001290928921662271,0.0012543686898425221,0.00030038427212275565,0.002525150775909424,0.050217121839523315,0.062466658651828766,0.0005796559271402657,0.0015097405994310975,0.005136791616678238,0.0048161838203668594,0.0033309191931039095,0.026922056451439857,0.18008582293987274,0.00017729135288391262,0.11211862415075302,0.011816076934337616,0.02461487427353859,0.0026921522803604603,5.9829021665791515e-06,7.489221843570704e-06,0.0004722558078356087,0.00822991132736206,8.251700819528196e-06,1.422026070940774e-05,1.8768407699099043e-06,9.604623301129322e-07,1.0,279.0
8.738797987462021e-07,0.1747879534959793,0.15388472378253937,0.009332005865871906,0.013085966929793358,0.008684027008712292,9.3587868832401e-06,2.50501557275129e-07,1.8755027042516303e-07,0.15378639101982117,0.12645475566387177,0.16938361525535583,0.1509774625301361,0.0014770820271223783,0.8016074895858765,0.7944641709327698,0.0005597893614321947,0.059147290885448456,0.06244123354554176,0.32842645049095154,0.4316861033439636,0.0054797520861029625,0.0031302988063544035,7.818526501068845e-05,0.0035591437481343746,0.010814821347594261,4.147454819758423e-05,0.0020891090389341116,0.00018831367196980864,0.001036980887874961,0.029581407085061073,0.024625733494758606,0.0009329866152256727,0.0014278331073001027,0.0008630158845335245,0.0005359442438930273,0.005676972214132547,0.022594686597585678,0.041676588356494904,0.00023686076747253537,0.011278785765171051,0.012378105893731117,0.009885781444609165,0.006274856626987457,4.3254596675978974e-05,4.342915053712204e-05,0.006591975223273039,0.005033650901168585,2.5688221285236068e-05,6.647113332292065e-05,1.7123319366874057e-06,7.511442845498095e-07,1.0,280.0
3.5503392155078473e-06,0.07940252125263214,0.0721331238746643,0.024498621001839638,0.03213395178318024,0.024993985891342163,0.00010558993380982429,1.3094223731968668e-06,1.0622741228871746e-06,0.17487560212612152,0.10107126832008362,0.3973339796066284,0.395156592130661,0.009336530230939388,0.2689116895198822,0.2240510731935501,0.02046196162700653,0.019642453640699387,0.022671937942504883,0.23776009678840637,0.35513150691986084,0.00478336913511157,0.010349089279770851,0.0006670804577879608,0.0014735227450728416,0.005024255253374577,1.9771710867644288e-05,0.0002697459713090211,0.02051408402621746,0.002918474143370986,0.006519036833196878,0.017917990684509277,0.006636583711951971,0.0028949168045073748,0.016633685678243637,0.024212710559368134,0.010285773314535618,0.020396770909428596,0.014724407345056534,5.362196679925546e-05,0.007953706197440624,0.000494232343044132,0.019207198172807693,0.1756814420223236,0.032377999275922775,0.04674675688147545,0.0016631836770102382,0.11682309955358505,0.4880758821964264,0.4059273600578308,3.6996984817960765e-06,5.816607426822884e-06,1.0,281.0
3.2749405818321975e-06,0.004034749697893858,2.929298352682963e-05,0.0022884311620146036,0.6661434173583984,0.9849616885185242,0.013008170761168003,3.208853343039664e-07,2.201489195385875e-07,0.41382795572280884,0.7957485914230347,0.005836266092956066,0.025512738153338432,0.017990248277783394,0.17738686501979828,0.4414801001548767,0.106074258685112,0.684638261795044,0.4747171998023987,0.8808194994926453,0.20486648380756378,0.0036787311546504498,0.00017772277351468801,0.0007682351279072464,0.4728226065635681,0.8537877798080444,2.921712803072296e-05,0.3848339319229126,0.0055418857373297215,0.9399924874305725,0.05753585323691368,0.006587851792573929,0.0001001048440230079,0.7199100255966187,0.03219713270664215,0.010389021597802639,0.016114966943860054,0.10699130594730377,0.00018546628416515887,5.7057796709614195e-08,0.6155825853347778,0.15551069378852844,0.008839425630867481,0.000727740756701678,0.00274441740475595,0.00216277246363461,0.267777681350708,0.0005966824246570468,2.810167097777594e-05,1.9675160729093477e-05,2.89710271772492e-07,6.578011380042881e-07,0.0,282.0
1.8317158492209273e-06,0.17603787779808044,0.22747553884983063,0.0020377228502184153,0.016184251755475998,0.010500694625079632,1.1408497812226415e-05,1.191464207295212e-06,3.2812542372084863e-07,0.30535081028938293,0.22644579410552979,0.2248312532901764,0.22032715380191803,0.013929971493780613,0.24488598108291626,0.21922847628593445,0.018897248432040215,0.0512608177959919,0.05319327116012573,0.48683488368988037,0.34350621700286865,0.0023520630784332752,0.002868172014132142,0.0001721647713566199,0.0004651113413274288,0.0014181399019435048,3.920225572073832e-05,0.00012194855662528425,0.00026649769279174507,0.00018500037549529225,0.3305570185184479,0.39889073371887207,0.010871564038097858,0.000562487926799804,0.0005515339435078204,0.0004730061045847833,0.001779363490641117,0.001381486188620329,0.26042357087135315,0.000493775587528944,0.0008599507855251431,0.0002745046513155103,0.013923011720180511,0.2069651186466217,0.0008013726910576224,0.0007108110003173351,0.10105820000171661,0.13599111139774323,0.01001893449574709,0.0194581039249897,9.873718227026984e-06,1.8780079926727922e-06,1.0,283.0
1.1588443840082618e-06,0.0866248682141304,0.05520658567547798,0.19375653564929962,0.017300086095929146,0.03352174162864685,0.0005132840014994144,7.109329544618959e-06,3.967496922996361e-06,0.13873949646949768,0.10225868970155716,0.06838606297969818,0.061247993260622025,0.0012383939465507865,0.8233027458190918,0.8289287090301514,0.0011492533376440406,0.18597370386123657,0.20227526128292084,0.5019680857658386,0.37017396092414856,0.007063901983201504,0.010111299343407154,0.0065914541482925415,0.00015021850413177162,0.03149013593792915,0.0035104206763207912,0.0002455344656482339,0.0036973468959331512,0.00038656446849927306,0.05067117139697075,0.05234955996274948,0.014372759498655796,0.002156435512006283,0.3750532865524292,0.6372768878936768,0.006077686790376902,0.0031021302565932274,0.01183313224464655,1.2503030120569747e-05,0.0014111733762547374,0.0036266136448830366,0.0008538612746633589,0.011415703222155571,0.6667397618293762,0.4187212586402893,0.6302909851074219,0.43350884318351746,0.3655114471912384,0.18969205021858215,7.596313935209764e-06,5.1295010052854195e-06,0.0,284.0
6.853761988168117e-06,0.04574687406420708,0.312915176153183,0.0007031819550320506,0.046171873807907104,0.003521495033055544,4.473859735298902e-05,2.028079819638151e-07,2.3198316512207384e-07,0.019050177186727524,0.034100279211997986,0.09309536963701248,0.10866247117519379,0.013174725696444511,0.2934107780456543,0.3052537739276886,0.010386114940047264,0.14895135164260864,0.12349510192871094,0.36834031343460083,0.21265356242656708,0.04665588587522507,0.02298731729388237,3.935223139706068e-05,5.979975685477257e-05,0.0008881285320967436,0.00014378142077475786,0.00023813426378183067,0.01647195965051651,0.027683673426508904,0.00036753667518496513,0.0005807906272821128,0.0007206931477412581,0.0012692417949438095,0.0001306351914536208,7.077458576532081e-05,0.01034668181091547,0.0316070131957531,0.012562871910631657,0.001166662317700684,0.005800027400255203,0.002841087058186531,0.27492672204971313,0.2426319569349289,0.31565943360328674,0.6334046721458435,0.00042722924263216555,0.01554009411484003,0.05076484754681587,0.10371863096952438,9.307983077633253e-07,7.449875738529954e-07,0.0,285.0
1.7920473283083993e-06,0.11909173429012299,0.11138884723186493,0.0007255590753629804,0.03608057275414467,0.040147118270397186,4.6875753469066694e-05,2.3490021305860864e-07,1.5696724631197867e-07,0.06694788485765457,0.03463321551680565,0.2175249457359314,0.1862240582704544,0.03635108098387718,0.11368008702993393,0.10778377205133438,0.04864787310361862,0.041557129472494125,0.047543831169605255,0.22570769488811493,0.31743794679641724,0.012994361110031605,0.018249042332172394,0.00010315561667084694,0.00021486004698090255,0.00019421167962718755,1.0739028766693082e-05,5.416448038886301e-05,0.002861094893887639,0.00684252567589283,0.00018696697952691466,0.0001744609762681648,0.0024408255703747272,0.013557370752096176,0.0006626501563005149,0.00039845684659667313,0.010736414231359959,0.030299728736281395,0.0418858639895916,0.0001346307690255344,0.001101858215406537,0.0013691650237888098,0.05820281803607941,0.0870923399925232,0.7395419478416443,0.7630602717399597,0.004337105434387922,0.003166421316564083,0.2695326507091522,0.3212047219276428,1.1971715139225125e-06,6.711359219480073e-07,0.0,286.0
3.02509960192765e-07,0.00011705823999363929,4.920218634651974e-05,0.804775059223175,0.5078537464141846,0.4116290211677551,4.575539787765592e-05,1.476924012422387e-06,1.4922328546163044e-06,0.0047469246201217175,0.0047437408939003944,0.4077511131763458,0.5201225280761719,0.01161288470029831,0.7369905114173889,0.5490365028381348,0.00047151115722954273,0.018867218866944313,0.007668131496757269,0.020841022953391075,0.014627981930971146,0.17068950831890106,0.17298808693885803,0.0001633653009776026,0.005960959009826183,0.48266828060150146,0.01495805662125349,0.0017152103828266263,0.002819417743012309,0.015898577868938446,0.0012761064572259784,0.0013903023209422827,0.01804523915052414,0.0003155061276629567,0.09281805902719498,0.07539158314466476,0.0024782619439065456,0.0077461483888328075,0.14176079630851746,0.002951321890577674,0.02806607075035572,0.04770464822649956,0.004820624832063913,0.028629938140511513,1.698704181762878e-05,1.677407999522984e-05,0.00017175912216771394,0.00046519466559402645,0.0007862100610509515,0.0013139296788722277,8.92774187377654e-06,6.157299026199325e-07,1.0,287.0
3.3156103995679587e-07,0.009890020824968815,0.09462162107229233,0.006437997799366713,0.30301955342292786,0.02872915007174015,5.6835087889339775e-06,1.2423691941876314e-07,4.005966403042294e-08,0.3407433331012726,0.4972875416278839,0.05620509013533592,0.1132325753569603,0.26705244183540344,0.007415702100843191,0.020322181284427643,0.3034343421459198,0.2527512013912201,0.11528273671865463,0.5302751660346985,0.31014660000801086,0.004540497437119484,0.0002976699615828693,2.843969559762627e-05,0.004930020775645971,0.015575711615383625,7.640206604264677e-05,0.003789203241467476,0.0005058175884187222,0.011890391819179058,8.374706521863118e-05,9.74008726188913e-05,0.009622694924473763,0.0005396693595685065,0.0011446330463513732,0.0007069323328323662,0.00040739032556302845,0.031927552074193954,0.8100559115409851,0.008073599077761173,0.02624083310365677,0.010477755218744278,0.02472563087940216,0.023855483159422874,3.0281642011686927e-06,1.5474262909265235e-05,7.566915883217007e-06,0.0007263885345309973,1.1293655006738845e-05,7.083523087203503e-05,7.734014388915966e-07,1.3908010032537277e-07,1.0,288.0
1.2811943861379405e-06,0.0018524904735386372,0.0016348377102985978,0.1288900077342987,0.5776551365852356,0.3703308403491974,1.686707037151791e-05,2.843922288775502e-07,3.3960154155465716e-07,0.07662400603294373,0.045181237161159515,0.42745935916900635,0.4088737666606903,0.02927338518202305,0.06092881038784981,0.12333463132381439,0.0805426761507988,0.015716569498181343,0.013733726926147938,0.17158646881580353,0.12270484864711761,0.013912213034927845,0.01662439852952957,4.7645105951232836e-05,0.00023998413234949112,0.0004050452262163162,1.1864368389069568e-05,2.7813834094558842e-05,0.009442098438739777,0.008673066273331642,0.022059138864278793,0.029531124979257584,4.561820242088288e-05,0.0007296212716028094,0.00017858929641079158,0.000139252602821216,0.15447868406772614,0.17696473002433777,0.000452508800663054,0.0007514255703426898,0.006546126212924719,0.000922748411539942,0.32881268858909607,0.07609017193317413,0.02127516269683838,0.02175518311560154,0.011137595400214195,0.02333797514438629,0.00359071115963161,0.005596287548542023,4.801450813829433e-06,1.9831647932733176e-06,1.0,289.0
1.818718686763532e-07,0.0012132769916206598,0.00799014512449503,0.504858136177063,0.26408180594444275,0.149680495262146,1.699473796179518e-05,6.931529696885264e-07,5.045331477049331e-07,0.21441613137722015,0.14187341928482056,0.1355583667755127,0.11241777241230011,0.03655337542295456,0.3802592158317566,0.3998979926109314,0.04862881079316139,0.05549381673336029,0.0750618502497673,0.22943022847175598,0.5386918783187866,0.0062911598943173885,0.004189245868474245,0.0022441563196480274,2.4221786588896066e-05,0.00043126443051733077,0.009160022251307964,1.4134512866803561e-06,0.001397775369696319,0.0046599069610238075,0.004802566021680832,0.008002680726349354,0.0206181388348341,0.0013767441269010305,0.5057100057601929,0.47329649329185486,0.00941030029207468,0.040062323212623596,0.10438952594995499,0.00016030155529733747,0.011209576390683651,0.008351832628250122,0.0017473123734816909,0.00787163246423006,0.00018145705689676106,0.00025768118211999536,0.0014168439665809274,0.0670919418334961,0.0005983800510875881,0.0011359372874721885,4.402771810418926e-05,7.044359904284647e-07,1.0,290.0
1.002907993097324e-06,0.2647264003753662,0.2357858568429947,0.001583011937327683,0.010814320296049118,0.00975040253251791,7.4559984568622895e-06,1.1288612000726062e-07,2.9655822686436295e-07,0.14010833203792572,0.08388927578926086,0.2315007895231247,0.20870482921600342,0.015956629067659378,0.14933933317661285,0.1653057038784027,0.03167914226651192,0.03486562892794609,0.039481040090322495,0.16966675221920013,0.1584329903125763,0.005563932470977306,0.006903569679707289,4.558515502139926e-05,0.0014723228523507714,0.0015086793573573232,2.0764251530636102e-05,0.0001367719960398972,0.00296557554975152,0.00041688926285132766,0.003663419745862484,0.005738286301493645,0.0006407031323760748,0.0043110959231853485,0.00027276037144474685,0.00030041407444514334,0.025600973516702652,0.010464321821928024,0.024495400488376617,0.0001884239463834092,0.006821770220994949,0.002102278172969818,0.035552456974983215,0.05527200549840927,0.0003716452338267118,0.00019669454195536673,0.001977630192413926,0.00325080961920321,0.0004582676920108497,0.0004186274018138647,3.2322948300134158e-06,9.161614116237615e-07,1.0,291.0
4.938572146784281e-06,0.020519493147730827,0.015035077929496765,0.05939646065235138,0.08215397596359253,0.0880160853266716,0.0001745065674185753,2.1660514448740287e-06,2.531143536543823e-06,0.018372757360339165,0.0037552891299128532,0.2560133635997772,0.26324784755706787,0.13862036168575287,0.02283194102346897,0.03279685601592064,0.14282137155532837,0.031892627477645874,0.029781470075249672,0.10064303874969482,0.015942834317684174,0.03941379114985466,0.10060306638479233,0.00039737633778713644,0.001652274513617158,0.047157932072877884,0.00010448945249663666,0.0012473494280129671,0.013652254827320576,0.002266982104629278,0.01379930879920721,0.03148829564452171,0.005453747697174549,0.0006994288414716721,0.023989692330360413,0.03549672290682793,0.035843342542648315,0.034089311957359314,0.003111491911113262,0.0002551112265791744,0.017430098727345467,0.0019303758163005114,0.009954825043678284,0.21325311064720154,0.014768615365028381,0.021418288350105286,0.002875261241570115,0.08194725960493088,0.08302435278892517,0.07804210484027863,3.3465432807133766e-06,8.375436664209701e-06,1.0,292.0
3.9808801943763683e-07,0.012174642644822598,0.27105551958084106,0.005999511573463678,0.04991723597049713,0.021216584369540215,1.2135300494264811e-05,2.268127303750589e-07,8.752468261263857e-07,0.13314726948738098,0.05886593461036682,0.0774674192070961,0.12021539360284805,0.37578803300857544,0.028309423476457596,0.051436055451631546,0.40171343088150024,0.09997454285621643,0.08557669818401337,0.30398502945899963,0.2540217936038971,0.007572509348392487,0.01440981775522232,0.00036189734237268567,0.00020598854462150484,0.000396316492697224,0.0005858436343260109,8.92992193257669e-06,0.042868517339229584,0.004786532372236252,0.000392234098399058,0.0007534982287324965,0.0014521590201184154,0.011896174401044846,0.0024274601601064205,0.00550700630992651,0.08152464032173157,0.012523124925792217,0.03306067734956741,7.911163265816867e-05,0.005841215141117573,0.0008835550397634506,0.0036015489604324102,0.010008822195231915,0.0027174786664545536,0.001415929989889264,0.0009286745917052031,0.052103158086538315,8.070609328569844e-05,2.5892431949614547e-05,1.340865401289193e-05,4.0509073073735635e-07,1.0,293.0
1.2787591003871057e-06,0.003184368833899498,0.0018461637664586306,0.23868635296821594,0.35316726565361023,0.235274076461792,6.208814011188224e-05,7.403605195577256e-07,6.40481289337913e-07,0.028742145746946335,0.011837520636618137,0.1691184639930725,0.17024199664592743,0.1378840208053589,0.02789205126464367,0.03278687968850136,0.12362882494926453,0.044860951602458954,0.05160883069038391,0.1930387318134308,0.07774683833122253,0.02295420691370964,0.03416568040847778,0.0001224002189701423,0.0021194717846810818,0.10512365400791168,0.00018133131379727274,0.005194380879402161,0.0009514640551060438,0.0022664160933345556,0.009098147042095661,0.015801461413502693,0.0004974137409590185,3.1932228012010455e-05,0.021376827731728554,0.02917356975376606,0.02026255801320076,0.04519161581993103,0.005382330622524023,0.01079286728054285,0.08407959342002869,0.06034261733293533,0.010427339002490044,0.0059116496704518795,2.6715826606960036e-05,3.707725045387633e-05,0.0005077761597931385,0.017223604023456573,0.0002506141026969999,0.0004165899590589106,1.7641716567595722e-06,2.169721028622007e-06,1.0,294.0
1.3662443052453455e-06,0.000775110675022006,0.031135039404034615,0.04227964207530022,0.5106234550476074,0.02319124899804592,0.0003055775596294552,1.7376805772073567e-06,3.009417355315236e-07,0.15336886048316956,0.4214102029800415,0.20570780336856842,0.3984999656677246,0.03635265305638313,0.05416443198919296,0.11172553151845932,0.07536009699106216,0.07372758537530899,0.017948802560567856,0.38805562257766724,0.15498431026935577,0.009708710946142673,0.00047948415158316493,0.0004853325372096151,0.0036165837664157152,0.33796748518943787,0.0007628290913999081,0.005481600295752287,0.00028372477390803397,0.06269587576389313,0.07600416243076324,0.06851711124181747,0.001376323401927948,5.23761400472722e-06,0.1381848156452179,0.08144541829824448,0.004022390116006136,0.1570158451795578,0.004131508991122246,0.07043036073446274,0.024801025167107582,0.004986141342669725,0.016621001064777374,0.045757219195365906,0.0006658835336565971,0.004075050354003906,0.0022111034486442804,0.04983276501297951,0.008349128067493439,0.061407893896102905,7.268551144079538e-06,5.291510206006933e-06,2.0,295.0
9.531560181130772e-07,0.0012227403931319714,0.00038969062734395266,0.349254846572876,0.40882590413093567,0.3882082998752594,1.999595588131342e-05,1.0747078249551123e-06,3.827513523901871e-07,0.12314854562282562,0.07753732055425644,0.2813330888748169,0.28619247674942017,0.14242182672023773,0.05999492481350899,0.02537001296877861,0.08268175274133682,0.02834107168018818,0.025908589363098145,0.5175544023513794,0.34050628542900085,0.00620043370872736,0.008436203934252262,4.360240200185217e-05,0.0017711492255330086,0.11592462658882141,0.0007399727473966777,0.015460845082998276,0.0026563762221485376,0.0009682748932391405,0.00021174013090785593,0.0002512330247554928,0.005629485938698053,0.0001808938686735928,0.0011596344411373138,0.0024208424147218466,0.005624667275696993,0.0014052685583010316,0.48541826009750366,0.015454553999006748,0.04790881276130676,0.022351939231157303,0.014587773010134697,0.010473869740962982,5.748853709519608e-06,2.5605572773201857e-06,0.00017855541955213994,0.000298555038170889,0.00028241259860806167,0.00018303276738151908,1.4292073728938703e-06,4.306932055442303e-07,0.0,296.0
5.083287533125258e-07,0.018175309523940086,0.026469187811017036,0.10298307240009308,0.4618107080459595,0.13589675724506378,1.239682751474902e-05,4.5891891886640224e-07,1.666801381361438e-07,0.017401548102498055,0.022103603929281235,0.004279213957488537,0.0070887417532503605,0.7134387493133545,0.0005597591516561806,0.0031770195346325636,0.8034622669219971,0.6367322206497192,0.5811982154846191,0.37050652503967285,0.07432074844837189,0.03857249766588211,0.02601230889558792,2.4976134227472357e-05,0.001661642105318606,0.011555721051990986,0.0003286848950665444,0.0008326881215907633,0.0005481250700540841,0.005770732183009386,0.0015109401429072022,0.002290671691298485,0.0005665901699103415,6.848624616395682e-05,0.010566416196525097,0.0036143127363175154,0.0014074142090976238,0.07808641344308853,0.3646572232246399,0.02129216305911541,0.15502826869487762,0.04398929700255394,0.043505486100912094,0.0029285349883139133,5.257408588477119e-07,1.6694274336259696e-06,1.4725831533723976e-05,0.0012990254908800125,5.002154466637876e-06,1.1431815437390469e-05,2.0355159904283937e-06,7.051887678244384e-07,1.0,297.0
1.5878630392762716e-06,0.01037768367677927,0.004031621851027012,0.01005481742322445,0.28056490421295166,0.3225080072879791,0.0019503309158608317,9.274123840441462e-06,4.527971213974524e-06,0.01225834060460329,0.004516911692917347,0.20240779221057892,0.20503650605678558,0.040234215557575226,0.09311144053936005,0.10071473568677902,0.06066989153623581,0.07307726889848709,0.0711914673447609,0.11785281449556351,0.025828126817941666,0.08412149548530579,0.2007499784231186,0.007914603687822819,0.007170548662543297,0.13063743710517883,0.0014295182190835476,8.50845972308889e-05,0.009677649475634098,0.02194521389901638,0.2807982265949249,0.3141864836215973,0.058312684297561646,0.00048365979455411434,0.8242450952529907,0.8747977614402771,0.004013502039015293,0.010902327485382557,0.0478292815387249,0.00011047002772102132,0.0015011481009423733,0.0006241067894734442,0.003325071884319186,0.19197340309619904,0.08749101310968399,0.14752574265003204,0.09429961442947388,0.3310876786708832,0.6451592445373535,0.6371172666549683,2.999772368639242e-05,1.9612440155469812e-05,1.0,298.0
3.5445134471956408e-06,0.5473620891571045,0.47881245613098145,0.010918190702795982,0.0003470609663054347,0.001190141774713993,0.0005702797789126635,1.1104864825028926e-05,2.185210178140551e-06,0.1483054906129837,0.15347567200660706,0.052693381905555725,0.06248805671930313,0.07346975058317184,0.05941858887672424,0.0745607316493988,0.10609642416238785,0.24796922504901886,0.24633003771305084,0.5475552678108215,0.3851005434989929,0.005537096876651049,0.005778846796602011,0.00689469650387764,0.0003510866954457015,0.03147687762975693,0.0014531479682773352,0.0004791875835508108,0.0005949288024567068,0.0012704144464805722,0.11644906550645828,0.09219673275947571,0.01898656040430069,3.8898419006727636e-05,0.40713420510292053,0.5042695999145508,0.006016972940415144,0.0061858417466282845,0.007005280815064907,0.00139576883520931,0.004374553449451923,0.010770251974463463,0.0025606725830584764,0.026445521041750908,0.50764000415802,0.4986056387424469,0.40200963616371155,0.5649564266204834,0.4110780656337738,0.49681755900382996,2.3464992864319356e-06,9.13420990400482e-06,0.0,299.0
2.2538538360095117e-06,0.007954984903335571,0.005517556797713041,0.21511119604110718,0.1832769364118576,0.1334204524755478,0.0019181919051334262,2.711048182391096e-06,1.1414734899517498e-06,0.025937769562005997,0.041252393275499344,0.03369159251451492,0.045733094215393066,0.03889036551117897,0.09485221654176712,0.09446755796670914,0.049188368022441864,0.2944733500480652,0.24637871980667114,0.340408593416214,0.15512867271900177,0.044508643448352814,0.016914263367652893,0.003141781548038125,0.002108994172886014,0.3648546636104584,0.006159194279462099,0.0016657145461067557,0.006422023288905621,0.00597267085686326,0.006552830804139376,0.006941118743270636,0.013416162692010403,0.0002997746632900089,0.7099088430404663,0.7525858283042908,0.005639111157506704,0.010633230209350586,0.0129671860486269,0.0001864164078142494,0.0032314120326191187,0.007522743660956621,0.0006679113139398396,0.007980388589203358,0.5582190752029419,0.7109847068786621,0.01347137987613678,0.09619785100221634,0.03137775510549545,0.04480355605483055,4.430418357515009e-06,1.0707276487664785e-05,1.0,300.0
2.5681406441435684e-06,0.11237441003322601,0.03765001520514488,0.0030569168739020824,0.002335641300305724,0.23303788900375366,3.505807035253383e-05,1.5998330127331428e-06,6.837602768428042e-07,0.42104747891426086,0.0973518043756485,0.35788121819496155,0.20619343221187592,0.09420713782310486,0.10944948345422745,0.11693272739648819,0.11815512180328369,0.02734031155705452,0.06501419097185135,0.42113593220710754,0.6688257455825806,0.0015674364985898137,0.007970047183334827,0.0003883338358718902,2.1168165403651074e-05,0.00037965792580507696,0.0033091981895267963,5.442521796794608e-06,0.010621409863233566,0.0059225489385426044,0.005393158178776503,0.008094973862171173,0.005568589083850384,0.0008225304773077369,0.0072115324437618256,0.009021829813718796,0.08134397864341736,0.02670060656964779,0.003269289620220661,0.00040019102743826807,0.000992530956864357,0.0012700919760391116,0.030044306069612503,0.2648915648460388,0.053429391235113144,0.04120457172393799,0.012399920262396336,0.052586629986763,0.16633190214633942,0.15707238018512726,8.070459443842992e-06,1.565251977808657e-06,1.0,301.0
1.5184288031377946e-06,0.6504523754119873,0.5777387022972107,0.0002554015663918108,0.0004595043428707868,0.00030348857399076223,0.0008236594730988145,1.089135253096174e-06,3.779910571211076e-07,0.21320071816444397,0.19026170670986176,0.10178787261247635,0.1017998605966568,0.007922924123704433,0.3846531808376312,0.3656282424926758,0.008806662634015083,0.12074431031942368,0.13646109402179718,0.49158012866973877,0.4521222710609436,0.0026551864575594664,0.003014055546373129,0.003482439322397113,0.001127079944126308,0.13706983625888824,0.0016019233735278249,0.0007927780970931053,0.003112561535090208,0.018958071246743202,0.024053635075688362,0.01874462328851223,0.0052819931879639626,0.0004227125318720937,0.5345170497894287,0.5667339563369751,0.005241404287517071,0.03468015417456627,0.0025135527830570936,8.880520181264728e-05,0.006033104844391346,0.0049059693701565266,0.0021536825224757195,0.055911317467689514,0.09021297842264175,0.18202827870845795,0.047019295394420624,0.06149236857891083,0.2103985846042633,0.4600462317466736,1.4431805084313964e-06,2.599325171104283e-06,1.0,302.0
6.906402632012032e-06,0.3595348298549652,0.2807706892490387,0.0004690679197665304,0.014227860607206821,0.015077486634254456,0.0009613897418603301,1.105762567021884e-05,3.1491583740717033e-06,0.07176169008016586,0.057442281395196915,0.08637582510709763,0.08650890737771988,0.5553553104400635,0.004517760593444109,0.005909561645239592,0.5597749352455139,0.1532265543937683,0.14215144515037537,0.453382283449173,0.3118838667869568,0.012147193774580956,0.01689046062529087,0.0038320759776979685,0.0004609638708643615,0.10148192942142487,0.001669442281126976,0.002213976113125682,0.004710361827164888,0.012624847702682018,0.0021305810660123825,0.0018542532343417406,0.04689287021756172,0.0001762949104886502,0.301887184381485,0.48632746934890747,0.02990618720650673,0.07647033035755157,0.009002547711133957,0.001935684005729854,0.001935562351718545,0.005144861526787281,0.003095965599641204,0.02212507836520672,0.9135432839393616,0.9436565041542053,0.08814908564090729,0.17395704984664917,0.7668527960777283,0.8193226456642151,1.7447878235543612e-06,1.2417747711879201e-05,0.0,303.0
2.536202430292178e-07,0.09768125414848328,0.8277207016944885,0.0001397209125570953,0.04853108525276184,0.000840491964481771,0.0012647894909605384,6.341021219213872e-08,4.122406096485065e-07,0.35972049832344055,0.7856345772743225,0.04678184911608696,0.6551337838172913,0.048906173557043076,0.026564205065369606,0.11552450060844421,0.21879610419273376,0.3000892102718353,0.0073016793467104435,0.7209517955780029,0.22119368612766266,0.003295783419162035,6.690019654342905e-05,0.002032645046710968,0.14138826727867126,0.6985064744949341,0.0003524354542605579,0.00081618846161291,0.01622116193175316,0.3200293779373169,0.0003278692893218249,0.0003329342289362103,0.01598767749965191,1.761914973030798e-05,0.4888254702091217,0.5310986042022705,0.0037179712671786547,0.04282255470752716,0.0036582613829523325,0.023715244606137276,0.000375861709471792,0.007265659514814615,0.00026344743673689663,0.011493334546685219,0.031472012400627136,0.15712952613830566,0.0011915074428543448,0.03873230144381523,0.022404847666621208,0.08029288053512573,9.956520443665795e-06,4.452957909961697e-06,1.0,304.0
2.7081953248853097e-06,0.2705024480819702,0.27480950951576233,0.001052923034876585,0.021306250244379044,0.009485633112490177,7.0934211180428974e-06,8.206467896343383e-07,3.3829141443675326e-07,0.030638443306088448,0.014875601045787334,0.022482525557279587,0.014981519430875778,0.02344226837158203,0.1156357005238533,0.11570874601602554,0.033754851669073105,0.35149773955345154,0.38144612312316895,0.24030129611492157,0.2535693347454071,0.017519721761345863,0.02927614189684391,3.2427396945422515e-05,0.001852277317084372,0.012707759626209736,0.00015632393478881568,0.0013615373754873872,0.0004950612201355398,0.00032857272890396416,0.020539509132504463,0.034532614052295685,0.0068817432038486,0.0020218666177242994,0.0011282713385298848,0.0009467261261306703,0.0010093714809045196,0.003291979432106018,0.8702963590621948,0.0003648508572950959,0.0969734862446785,0.012038168497383595,0.07893781363964081,0.03687753528356552,9.586768783265143e-07,8.77315983416338e-07,0.00018697803898248821,0.0020753073040395975,2.3052522010402754e-05,4.094277755939402e-05,1.3054997225481202e-06,7.406973736578948e-07,1.0,305.0
8.022682322916808e-07,0.009886953979730606,0.009868276305496693,0.07386178523302078,0.17138664424419403,0.08273789286613464,4.103423998458311e-05,7.758650895084429e-07,7.230424898807541e-07,0.008205915801227093,0.004963285755366087,0.2758254408836365,0.2662334740161896,0.22520792484283447,0.01710117794573307,0.011733969673514366,0.21887564659118652,0.030093036592006683,0.02785722352564335,0.05013950914144516,0.01857108250260353,0.07919954508543015,0.06981195509433746,0.0002019341045524925,0.005197558086365461,0.07270772755146027,0.0002589216164778918,0.0003315958892926574,0.0011391004081815481,0.002229117089882493,0.0012545480858534575,0.0018739285878837109,0.0124186547473073,0.00038494603359140456,0.08669531345367432,0.0907084047794342,0.0028286040760576725,0.014694801531732082,0.04061082378029823,0.001589312101714313,0.017413396388292313,0.015641337260603905,0.011393590830266476,0.17330919206142426,3.2430460123578086e-05,4.545059346128255e-05,0.00017428939463570714,0.0021405727602541447,0.04832581430673599,0.08175936341285706,5.474421868711943e-06,1.9482972675177734e-06,1.0,306.0
1.257079748029355e-05,0.4379052221775055,0.08049022406339645,0.01982051506638527,0.0009095445857383311,0.015127722173929214,5.449684613267891e-05,3.7291812304829364e-07,9.98777977656573e-07,0.30960604548454285,0.31654784083366394,0.4614883363246918,0.4675673246383667,0.13330121338367462,0.032746706157922745,0.053775664418935776,0.1798602193593979,0.020452212542295456,0.012549002654850483,0.37622788548469543,0.30183735489845276,0.002271032426506281,0.0008882579859346151,3.816067328443751e-05,0.026806749403476715,0.0054441289976239204,1.7553949760440446e-07,0.0008775568567216396,0.032456230372190475,0.006340894848108292,0.0489640049636364,0.0802362933754921,2.3769507606630214e-05,0.0009006732143461704,7.226516027003527e-05,9.993918502004817e-05,0.46054214239120483,0.20883189141750336,4.630276089301333e-05,0.00036330288276076317,0.10132627189159393,0.029760651290416718,0.7262847423553467,0.06638883054256439,0.12747447192668915,0.05332968384027481,0.07478489726781845,0.18447840213775635,0.020486366003751755,0.02160714939236641,4.399017541345529e-07,3.4307788610021817e-06,1.0,307.0
9.373823104397161e-07,0.002444307552650571,0.33111703395843506,0.02333362214267254,0.34557852149009705,0.010143986903131008,2.6050222004414536e-05,9.999397434512503e-07,2.4638027298351517e-06,0.03611476719379425,0.06664583086967468,0.03805972635746002,0.03692912310361862,0.0006206899415701628,0.8703581094741821,0.8816585540771484,0.0008118295227177441,0.2144654244184494,0.23841601610183716,0.22616440057754517,0.31631308794021606,0.021913999691605568,0.014820964075624943,0.00038960110396146774,5.1308757974766195e-05,0.001791234826669097,0.004098831210285425,2.715638402150944e-05,0.0022244458086788654,0.0010156729258596897,0.10609333962202072,0.12725189328193665,0.0007861954509280622,0.007903398014605045,0.007665751036256552,0.013080845586955547,0.010321960784494877,0.006522968411445618,0.07928985357284546,3.111927071586251e-05,0.025803932920098305,0.006089438684284687,0.011150206439197063,0.016082873567938805,6.330225733108819e-05,3.3450498449383304e-05,0.005520074162632227,0.03183608129620552,0.0001682666188571602,0.00015092460671439767,3.349978942424059e-05,1.913912910822546e-06,2.0,308.0
1.3327701253729174e-06,0.004469582810997963,0.008114684373140335,0.2869691848754883,0.35934051871299744,0.1252531111240387,0.0024148833472281694,2.729730340433889e-06,6.71314523970068e-07,0.40688782930374146,0.4675094485282898,0.44632479548454285,0.4759288728237152,0.1098916158080101,0.023848112672567368,0.062129925936460495,0.2388325035572052,0.0332549512386322,0.02151566371321678,0.4990048110485077,0.3075844347476959,0.0035905700642615557,0.0012620859779417515,0.005564259830862284,0.01689886301755905,0.20880946516990662,0.0006470805965363979,0.00016217937809415162,0.017682621255517006,0.04447624087333679,0.009965366683900356,0.013728315941989422,0.028624117374420166,0.0006463234894908965,0.8824260234832764,0.9342515468597412,0.00950335431843996,0.04978137090802193,0.006543116178363562,6.0845475672977045e-05,0.007303130347281694,0.006078652106225491,0.0026110282633453608,0.02326365001499653,0.5048196315765381,0.7079405188560486,0.0058423844166100025,0.10560853779315948,0.30740925669670105,0.5795509219169617,5.350173523765989e-06,1.1550761882972438e-05,0.0,309.0
1.913409448661696e-07,0.0014784751692786813,0.06974107772111893,0.03483222424983978,0.7175623178482056,0.021696045994758606,9.097523616219405e-06,8.755643676749969e-08,6.624730275461843e-08,0.369943231344223,0.7755632996559143,0.06437108665704727,0.9329489469528198,0.01309685967862606,0.12950065732002258,0.16906006634235382,0.032973386347293854,0.4154445230960846,0.0006092730327509344,0.7514115571975708,0.2378886640071869,0.0036890865303575993,6.675056647509336e-05,3.129190008621663e-05,0.002082681516185403,0.01207349356263876,0.00034449633676558733,0.006872523110359907,0.000532199046574533,0.020786581560969353,0.0003780667611863464,0.0003719997184816748,0.0032641987781971693,0.00042334216414019465,0.0006563744391314685,0.0003262416576035321,0.004113061353564262,0.14509543776512146,0.3985402286052704,0.009582266211509705,0.08119124174118042,0.01026833150535822,0.10295195877552032,0.01940567046403885,2.283947469550185e-05,7.919919880805537e-05,5.175723345018923e-05,0.0009921034798026085,4.879914285993436e-06,1.4406597074412275e-05,9.368434348289156e-07,3.177351004524098e-07,1.0,310.0
1.4727270354342181e-06,0.29217275977134705,0.37309834361076355,0.00010131032468052581,0.0026845133397728205,0.001937912660650909,0.00015733513282611966,1.557365152393686e-07,2.2441112434989918e-07,0.24892517924308777,0.24367065727710724,0.05158291012048721,0.047505587339401245,0.02982078306376934,0.10955146700143814,0.11431299149990082,0.039708398282527924,0.2252020239830017,0.2393406629562378,0.6633666753768921,0.6713447570800781,0.0021598602179437876,0.0014425631379708648,0.0016203306149691343,0.0024240021593868732,0.014382423833012581,0.00011386661208234727,0.00071750144707039,0.139837846159935,0.36146947741508484,2.2994338451098884e-06,1.7831534933065996e-06,0.016007766127586365,0.00027083911118097603,0.06868527829647064,0.08641915023326874,0.07651568949222565,0.136261984705925,0.008219058625400066,0.010568604804575443,0.001359595567919314,0.012733889743685722,0.000515767082106322,0.028560824692249298,0.05487389862537384,0.09160515666007996,0.00032143841963261366,0.000713546178303659,0.006261229980736971,0.01784420758485794,1.2805249980374356e-06,6.609004685742548e-07,0.0,311.0
6.034135822119424e-07,0.0008640271844342351,0.0013451685663312674,0.17996738851070404,0.7409791350364685,0.5164547562599182,0.0007710139616392553,6.386997483787127e-06,1.777006332304154e-06,0.025842569768428802,0.02678569033741951,0.12834039330482483,0.12016201764345169,0.024709146469831467,0.3674706220626831,0.32117024064064026,0.006021338049322367,0.09340845048427582,0.11116381734609604,0.15087097883224487,0.15953075885772705,0.04316083341836929,0.05501287057995796,0.0020396430045366287,0.00422262167558074,0.3552844822406769,0.0014987727627158165,0.000302850385196507,0.0018073638202622533,0.013920891098678112,0.07515855878591537,0.05703919380903244,0.25777024030685425,0.0014996407553553581,0.5422030687332153,0.5810694098472595,0.0009571859263814986,0.004140341188758612,0.16552293300628662,6.323125126073137e-05,0.0003881658485624939,0.0004676189855672419,0.0006193987792357802,0.029462598264217377,0.7365290522575378,0.8721940517425537,0.2517451047897339,0.229226216673851,0.17506663501262665,0.3982698917388916,7.406207259919029e-06,3.746273705473868e-06,1.0,312.0
5.019357558921911e-06,0.715605616569519,0.7805579304695129,4.8552257794654e-05,0.0021570574026554823,0.000743854558095336,0.0008433125913143158,1.5120359648790327e-06,1.2199841421534074e-06,0.28143152594566345,0.16196627914905548,0.3333849608898163,0.2911667823791504,0.18902836740016937,0.026180386543273926,0.03684769943356514,0.22170087695121765,0.045505572110414505,0.05086291581392288,0.4670512080192566,0.4780454933643341,0.005267849192023277,0.0033720771316438913,0.005015233997255564,0.003326114732772112,0.011117236688733101,2.639748709043488e-05,0.000632218609098345,0.0034883057232946157,0.03311312571167946,0.007894978858530521,0.005962727591395378,0.0043618762865662575,6.84056431055069e-05,0.24275243282318115,0.3081377148628235,0.08923594653606415,0.19411098957061768,0.0011328699765726924,0.0026552246417850256,0.016297264024615288,0.020170381292700768,0.009718778543174267,0.007793616037815809,0.8525609970092773,0.8812691569328308,0.08370520174503326,0.1099185198545456,0.6905950307846069,0.8173736929893494,9.290707225773076e-07,5.937423793511698e-06,0.0,313.0
9.523510016151704e-07,0.00017723134078551084,0.00011851587623823434,0.5761882066726685,0.7034850716590881,0.3696953058242798,0.0019270438933745027,7.706236829108093e-06,2.179848479499924e-06,0.18918344378471375,0.18607576191425323,0.4335840344429016,0.4368418753147125,0.20517675578594208,0.03091239184141159,0.026072492823004723,0.20691286027431488,0.040495749562978745,0.026554947718977928,0.382731169462204,0.27105143666267395,0.011248479597270489,0.00647755665704608,0.012424610555171967,0.0023663456086069345,0.0677839145064354,0.0010352327954024076,0.00033746074768714607,0.004647548776119947,0.01717313379049301,0.09166093915700912,0.08333346247673035,0.0016382680041715503,2.6341154807596467e-05,0.8242421746253967,0.8430567383766174,0.019528303295373917,0.05842667818069458,0.00061808928148821,0.0012345362920314074,0.02152847684919834,0.022517576813697815,0.006836057640612125,0.008438648656010628,0.3181983530521393,0.4429354965686798,0.21867135167121887,0.58226478099823,0.3780939280986786,0.5655274391174316,7.430827736243373e-06,7.2439565883541945e-06,1.0,314.0
3.009970669154427e-06,0.010281302966177464,0.01059266459196806,0.11082641780376434,0.23507003486156464,0.3639196455478668,4.748440915136598e-06,1.4018956790096126e-05,5.544430337067752e-07,0.7631789445877075,0.4882946312427521,0.8277503848075867,0.4830532670021057,0.020945385098457336,0.10864885151386261,0.2581010162830353,0.08316272497177124,0.0018137521110475063,0.028778329491615295,0.2763786315917969,0.7051880359649658,0.00018878864648286253,0.001128551783040166,1.964980947377626e-05,3.1102004868444055e-05,0.00142792914994061,0.01296977512538433,7.963390089571476e-05,0.0009972549742087722,0.0003003966121468693,0.06847423315048218,0.06324277073144913,0.005073038395494223,0.00014252164692152292,0.0002716941526159644,0.0008257125737145543,0.017959654331207275,0.0021849158219993114,0.7695814967155457,0.016518328338861465,0.04031048342585564,0.0017707226797938347,0.2240130454301834,0.19903379678726196,1.279541538679041e-05,5.312376742949709e-06,0.0023277525324374437,0.003092863131314516,0.0001621087285457179,0.0001471933937864378,2.2388247089111246e-05,1.4746102579010767e-06,2.0,315.0
2.4729529286560137e-06,0.24347274005413055,0.1730053722858429,0.007273381110280752,0.007015624083578587,0.004994513466954231,0.0011780372587963939,1.1835300028906204e-06,1.6524976444998174e-06,0.09590210020542145,0.0626436322927475,0.3339727818965912,0.3197157382965088,0.07032393664121628,0.10192522406578064,0.07387536019086838,0.03623759374022484,0.03456445038318634,0.025788402184844017,0.2554088234901428,0.13086384534835815,0.01720266416668892,0.013138340786099434,0.006861515808850527,0.0013422712218016386,0.03736480697989464,0.0015466449549421668,0.0003064773336518556,0.05693913623690605,0.02383306249976158,0.000544562644790858,0.000761069473810494,0.007830667309463024,8.091083873296157e-05,0.7404505014419556,0.8671525716781616,0.06715866923332214,0.0718984454870224,0.0023783838842064142,0.00182824837975204,0.016278062015771866,0.05894321948289871,0.002269967459142208,0.01258903183043003,0.6336555480957031,0.6395721435546875,0.0026702226605266333,0.024448176845908165,0.4021720290184021,0.3512789011001587,4.857353360421257e-06,1.1510778676893096e-05,0.0,316.0
7.402503570119734e-07,0.006603679619729519,0.3064735531806946,0.010842815972864628,0.1272495836019516,0.0033660924527794123,0.0006570920231752098,6.869970547995763e-07,9.83433096735098e-07,0.650259256362915,0.7025091648101807,0.7435988783836365,0.7376338243484497,0.04003666713833809,0.1450539082288742,0.12787719070911407,0.026206251233816147,0.007646981161087751,0.00520469481125474,0.6441558599472046,0.4932735860347748,0.0016268199542537332,0.00014236097922548652,0.008491812273859978,0.0036769574508070946,0.011937414295971394,8.556611282983795e-05,0.00018424745940137655,0.005689628887921572,0.008325323462486267,0.0026950789615511894,0.0025488620158284903,0.009761339984834194,0.0005516158998943865,0.5159549713134766,0.6516872644424438,0.023930367082357407,0.03649601340293884,0.006273515988141298,0.00020796197350136936,0.005604221951216459,0.006238160189241171,0.0012761125108227134,0.01604045368731022,0.4178793728351593,0.41202306747436523,0.044384993612766266,0.09400318562984467,0.3055758774280548,0.3412037491798401,7.74589989305241e-06,3.6430244563234737e-06,1.0,317.0
3.915004072041484e-06,0.06888839602470398,0.029526237398386,0.14298658072948456,0.026095760986208916,0.03608693554997444,3.075600034208037e-05,6.506951990559173e-07,4.0578788684797473e-07,0.14332729578018188,0.1307385265827179,0.11758632212877274,0.11843705922365189,0.01986216939985752,0.1703004240989685,0.15172640979290009,0.024288360029459,0.08506882190704346,0.09305725991725922,0.5049484968185425,0.483037531375885,0.004291480407118797,0.0029625992756336927,5.465657159220427e-05,0.001974390586838126,0.03300272300839424,1.9777820853050798e-05,0.007628068793565035,0.0009192921570502222,0.0031734127551317215,0.11663787811994553,0.15423665940761566,7.377930160146207e-05,0.0004210693878121674,0.0009161749621853232,0.0008095922530628741,0.04772742837667465,0.09657225757837296,0.0018122999463230371,0.0002603196771815419,0.2852366268634796,0.029857555404305458,0.09168698638677597,0.0026648908387869596,0.00013428983220364898,0.00011916951916646212,0.005361292045563459,0.03905012831091881,4.720195647678338e-05,7.203735003713518e-05,4.3233765723016404e-07,1.9216438431612914e-06,1.0,318.0
2.7100065835838905e-07,0.0119423633441329,0.013867245987057686,0.04307759925723076,0.4283798933029175,0.25089529156684875,2.3987797248992138e-05,8.290198394433901e-08,3.638906207470427e-07,0.012100551277399063,0.014204427599906921,0.01820099912583828,0.016158072277903557,0.020701667293906212,0.1836220622062683,0.1885368376970291,0.018101880326867104,0.2864931523799896,0.3218579590320587,0.06719892472028732,0.05800480395555496,0.054855190217494965,0.023961426690220833,0.00023492160835303366,2.0018682334921323e-05,0.0034889967646449804,0.003708966774865985,6.185506208566949e-05,0.0019249280449002981,0.0025550422724336386,0.0012209853157401085,0.000871329044457525,0.0007688712212257087,0.0004066430265083909,0.019261930137872696,0.03117135353386402,0.04336879774928093,0.017605673521757126,0.014547386206686497,0.0009586721425876021,0.004090833477675915,0.00664679566398263,0.0007629268802702427,0.0028920238837599754,0.0003911976527888328,0.0003158124745823443,0.004896496422588825,0.0022951823193579912,7.29504827177152e-05,0.0001104755065171048,8.801604053587653e-06,3.2986613973662315e-07,2.0,319.0
1.2932603112858487e-06,0.0002827515418175608,6.371608469635248e-05,0.7051533460617065,0.6308388710021973,0.5719549059867859,0.000384022161597386,4.531543709163088e-06,8.538448241779406e-07,0.09076523035764694,0.0652526244521141,0.37649697065353394,0.3811587393283844,0.09313658624887466,0.051287949085235596,0.06404228508472443,0.10681749135255814,0.03338227421045303,0.020106300711631775,0.309114933013916,0.14332859218120575,0.01969352550804615,0.011991719715297222,0.003846561536192894,0.0019817680586129427,0.01707671768963337,5.6483659136574715e-05,0.0006716573843732476,0.0010881677735596895,0.002861819928511977,0.013171174563467503,0.012951006181538105,0.012929243966937065,0.0007236614474095404,0.09670208394527435,0.08019054681062698,0.013198858126997948,0.03654157742857933,0.00850872416049242,0.00011992976942565292,0.005822976119816303,0.003930645529180765,0.004149266984313726,0.014137059450149536,0.2607139050960541,0.3627975881099701,0.11399660259485245,0.4520438313484192,0.3174777626991272,0.3434285819530487,3.1234596917784074e-06,2.5002880192914745e-06,0.0,320.0
3.1244517231243663e-06,5.05229108966887e-05,0.00012478834833018482,0.8143477439880371,0.8431574106216431,0.619940996170044,0.0013792967656627297,7.246409495564876e-06,3.363164296388277e-06,0.016458315774798393,0.008294311352074146,0.01735142059624195,0.016715286299586296,0.14048588275909424,0.03262259066104889,0.029526744037866592,0.1410764455795288,0.48124057054519653,0.4459362030029297,0.11065061390399933,0.03327159211039543,0.09399808198213577,0.05184558033943176,0.002732302062213421,0.0024185057263821363,0.27132779359817505,0.001760738668963313,0.003124527633190155,0.007513642311096191,0.013450994156301022,0.0024910434149205685,0.0025162152014672756,0.037157949060201645,0.000517022330313921,0.3599332571029663,0.4888089895248413,0.010868918150663376,0.01930226758122444,0.021999457851052284,0.000654274714179337,0.0013555900659412146,0.003365548327565193,0.0016202118713408709,0.027759043499827385,0.7521915435791016,0.848322868347168,0.03178201615810394,0.09356484562158585,0.21228545904159546,0.3299289345741272,7.768715477141086e-06,5.119770321471151e-06,0.0,321.0
1.8292666936758906e-06,0.7526838183403015,0.7580941915512085,4.627985254046507e-05,0.0003060563176404685,0.00014649523654952645,3.495038254186511e-05,9.333763983931931e-08,2.2490132778330008e-07,0.26872938871383667,0.19867058098316193,0.040676359087228775,0.029631953686475754,0.008591043762862682,0.40197938680648804,0.3811575770378113,0.012323817238211632,0.3245287835597992,0.3566041886806488,0.5979312658309937,0.6601735353469849,0.0024098712019622326,0.0014859220245853066,0.0003936956636607647,0.003747340990230441,0.0027993866242468357,1.324397453572601e-05,0.0006477751303464174,0.0024449657648801804,0.03228689357638359,0.0034221119713038206,0.0021286557894200087,0.000463545584352687,0.0009193044388666749,0.0008166602347046137,0.0004556276253424585,0.059641703963279724,0.2562659680843353,0.0005378976347856224,0.00022868016094435006,0.006624243687838316,0.028668228536844254,0.008523700758814812,0.0024941368028521538,0.2042420208454132,0.269481360912323,0.20107795298099518,0.11211782693862915,5.126620453665964e-05,0.00015609589172527194,2.891276267291687e-07,5.761932015957427e-07,1.0,322.0
5.031598675486748e-07,0.023722423240542412,0.24647459387779236,0.042945634573698044,0.0926046222448349,0.005303019657731056,6.06268667979748e-06,1.186171374456535e-07,4.68859688851353e-08,0.5380861759185791,0.7898368835449219,0.12562738358974457,0.7679059505462646,0.05336272716522217,0.04653963819146156,0.0683896467089653,0.09113723784685135,0.20597483217716217,0.003153097815811634,0.7231965661048889,0.29445910453796387,0.002658654935657978,5.5452055676141754e-05,5.0237485993420705e-05,0.0019000563770532608,0.0013279756531119347,4.659493060898967e-05,0.00027044047601521015,0.00014916241343598813,0.012358790263533592,0.013365977443754673,0.011546351946890354,0.0011997803812846541,0.0002588809293229133,0.000494898937176913,0.0002242458867840469,0.006277545355260372,0.2628597915172577,0.055313415825366974,0.0032321233302354813,0.013893209397792816,0.0011777601903304458,0.17416676878929138,0.08211688697338104,0.0003272394242230803,0.0017388758715242147,0.0005582635058090091,0.017344728112220764,1.1425625416450202e-05,8.136702672345564e-05,1.6432585425718571e-06,6.310616527116508e-07,1.0,323.0
2.4401612108704285e-07,0.060074612498283386,0.35929733514785767,0.0015025852480903268,0.10376352816820145,0.011214404366910458,2.33858354476979e-05,7.105739285862e-08,2.0793744681668613e-07,0.08162518590688705,0.474453866481781,0.015498416498303413,0.696040153503418,0.04209401085972786,0.03252464905381203,0.1327883005142212,0.17569273710250854,0.605600118637085,0.008287074975669384,0.8326618075370789,0.24468325078487396,0.01389396097511053,0.0005480206455104053,7.311812078114599e-05,0.014538154937326908,0.010807410813868046,1.0395692697784398e-05,0.0019541671499609947,0.00016274341032840312,0.004286644048988819,0.1479308009147644,0.1140141561627388,0.00019516174506861717,3.331780317239463e-05,0.002503755036741495,0.001033492968417704,0.01581103540956974,0.14189423620700836,0.012522057630121708,0.0060068778693675995,0.13157659769058228,0.06675837188959122,0.045654334127902985,0.0009203995577991009,2.6576497475616634e-05,3.493678741506301e-05,0.009753700345754623,0.015186524949967861,1.910227638290962e-06,7.759541404084302e-06,5.779487537438399e-07,1.142924361374753e-06,2.0,324.0
2.0854863578279037e-06,0.01412283256649971,0.001108381082303822,0.28958702087402344,0.15555381774902344,0.6496220231056213,7.533551251981407e-05,9.7516349342186e-06,1.8414226587992744e-06,0.7346471548080444,0.3119348883628845,0.6710101366043091,0.22691920399665833,0.006921491585671902,0.20344838500022888,0.3468550145626068,0.03083561360836029,0.003862502984702587,0.0795254185795784,0.41065481305122375,0.47188684344291687,0.0001662823196966201,0.0025880092289298773,0.000295298988930881,0.000956688541918993,0.046747561544179916,0.0013839962193742394,0.0023282207548618317,0.0020600587595254183,0.001046211225911975,0.0005367959383875132,0.00042608758667483926,0.013699349947273731,0.03721596300601959,0.011217518709599972,0.006877768784761429,0.01653357222676277,0.012133199721574783,0.026750069111585617,2.1539761291933246e-05,0.0046995291486382484,0.002961478428915143,0.0012350250035524368,0.030726715922355652,0.2647295892238617,0.12600913643836975,0.4206061065196991,0.06673916429281235,0.0017286340007558465,0.0011111636413261294,4.032001015730202e-06,1.5916548363748007e-06,0.0,325.0
1.0803915984070045e-06,0.1486232429742813,0.08534763753414154,0.008866813965141773,0.021297158673405647,0.03119833953678608,1.1269566130067687e-05,2.576446433977253e-07,3.518617575082317e-07,0.005549069494009018,0.0043826233595609665,0.015396082773804665,0.014759077690541744,0.20869773626327515,0.014607678167521954,0.015201878733932972,0.20586374402046204,0.4213983416557312,0.42796921730041504,0.1474265307188034,0.04886165261268616,0.084949791431427,0.058735113590955734,5.015582064515911e-05,0.004400609992444515,0.006424975115805864,2.5454819478909485e-05,0.0005530136404559016,0.001737631275318563,0.0015040813013911247,0.002249770797789097,0.0028139371424913406,0.0018649980193004012,0.00037648287252523005,0.001835860894061625,0.001863153767772019,0.007555488962680101,0.014710301533341408,0.11823290586471558,0.002581406617537141,0.02552390657365322,0.0064318254590034485,0.02683785744011402,0.019670354202389717,3.179530176566914e-05,3.120238761766814e-05,0.00027245498495176435,0.0011481302790343761,6.125555955804884e-05,6.416118412744254e-05,1.517263513051148e-06,6.628521873608406e-07,1.0,326.0
3.80709082037356e-07,0.00023641651205252856,0.00046738862874917686,0.6071945428848267,0.42965301871299744,0.4784892797470093,7.818212907295674e-05,2.515271262382157e-06,4.979959157935809e-06,0.09673900902271271,0.04503350332379341,0.062332261353731155,0.06464171409606934,0.0017499243840575218,0.8775944709777832,0.872116208076477,0.0004988208529539406,0.12863567471504211,0.15210725367069244,0.4430454969406128,0.17891256511211395,0.007634622976183891,0.02054757811129093,0.0016777184791862965,0.001082204282283783,0.013375859707593918,0.0013258904218673706,0.00028600366204045713,0.009963522665202618,0.0016330904327332973,0.0014063201379030943,0.0011330038541927934,0.015424270182847977,0.06945622712373734,0.03447895124554634,0.0603671595454216,0.019215743988752365,0.00863583292812109,0.030058089643716812,2.1862585981580196e-06,0.0030581988394260406,0.0016663228161633015,0.0002473512722644955,0.008309764787554741,0.06070990115404129,0.01796969212591648,0.44766196608543396,0.10336839407682419,0.00033741170773282647,0.0001899900526041165,1.6653340935590677e-05,4.885837370238733e-07,0.0,327.0
1.1796014121046028e-07,0.007193948142230511,0.020297683775424957,0.0362391397356987,0.40944063663482666,0.05774584412574768,3.419174026930705e-05,1.1188901538616847e-07,4.614428306126683e-08,0.11528675258159637,0.12509728968143463,0.11386100202798843,0.19402043521404266,0.5534411072731018,0.0017222112510353327,0.015132974833250046,0.6626888513565063,0.08635459840297699,0.04038941487669945,0.3755698502063751,0.08084109425544739,0.0189779344946146,0.0023078310769051313,0.0005330723361112177,0.002298549050465226,0.0010559768415987492,8.658655133331195e-06,3.468396243988536e-05,0.0002696331066545099,0.024271799251437187,0.014106840826570988,0.007862057536840439,0.0006374235963448882,5.704282011720352e-05,0.006732346955686808,0.003568927990272641,0.01064110454171896,0.14201843738555908,0.002160358475521207,0.0025158405769616365,0.0019443535711616278,0.001749407034367323,0.001273087807931006,0.006637067534029484,0.010096762329339981,0.033473264425992966,0.031430065631866455,0.06074731424450874,0.00011531056952662766,0.0004765483899973333,2.427329263809952e-06,7.380876354545762e-07,0.0,328.0
2.2539547899214085e-06,0.013672213070094585,0.011913911439478397,0.04770174250006676,0.27259019017219543,0.17150740325450897,0.0018633779836818576,8.191243068722542e-06,8.922491474550043e-07,0.46152108907699585,0.4057701826095581,0.35873720049858093,0.3511239290237427,0.0753927156329155,0.053883105516433716,0.07117557525634766,0.10325144231319427,0.03470410034060478,0.03027048148214817,0.3898897171020508,0.38425979018211365,0.0016811464447528124,0.00140807731077075,0.0037608856800943613,0.006982665508985519,0.23008793592453003,0.0018159429309889674,0.0002564864989835769,0.006751823239028454,0.015987062826752663,0.08426233381032944,0.08252942562103271,0.07944227755069733,0.0022636023350059986,0.7999060153961182,0.8775115609169006,0.005473163910210133,0.01685497537255287,0.04905787482857704,2.1217601897660643e-05,0.005480420310050249,0.0010245548328384757,0.00399691890925169,0.07539673149585724,0.6324888467788696,0.7240307331085205,0.0506167933344841,0.09206942468881607,0.49324536323547363,0.5883098840713501,5.324569883669028e-06,1.3782622772851028e-05,0.0,329.0
4.1354161339768325e-07,0.0002961253048852086,0.0003142701752949506,0.7489006519317627,0.3908998668193817,0.211359903216362,6.848561042716028e-06,3.0351154123309243e-07,4.3494884494066355e-07,0.01306325662881136,0.017485259100794792,0.10154248774051666,0.10860978811979294,0.009845657274127007,0.6239801645278931,0.5594606995582581,0.0009605478844605386,0.09890694171190262,0.06835860759019852,0.044658463448286057,0.016947824507951736,0.08457522839307785,0.026683621108531952,4.881307904724963e-05,0.05531179532408714,0.06416866928339005,7.708749762969092e-05,0.001896316185593605,0.00046310987090691924,0.0007349601364694536,0.0009805373847484589,0.0018753428012132645,0.008610808290541172,0.005420345813035965,0.011755947023630142,0.006315798033028841,0.0009503904148004949,0.014829217456281185,0.4889669418334961,0.0003154426522087306,0.064792200922966,0.0744764506816864,0.036984626203775406,0.03613470122218132,3.9679969177086605e-07,6.583421168215864e-07,1.9977465854026377e-05,0.0007500151987187564,0.0002399450313532725,0.000644585641566664,4.87041552332812e-06,1.6770042066127644e-07,1.0,330.0
1.0110352377523668e-06,0.03625825047492981,0.003325229976326227,0.14569507539272308,0.07735759019851685,0.19316551089286804,3.765838482649997e-05,9.760955208548694e-07,3.92963784179301e-07,0.3826943337917328,0.26143038272857666,0.78702712059021,0.7888598442077637,0.07241547107696533,0.07733114808797836,0.06322737038135529,0.05576420947909355,0.002538168802857399,0.00153423345182091,0.09276075661182404,0.03414057567715645,0.0032516857609152794,0.0028729410842061043,3.361745984875597e-05,0.02294878102838993,0.1554778814315796,0.0009750578319653869,0.0037206353154033422,0.0015937944408506155,0.0017729203682392836,0.0004864285874646157,0.0003757538797799498,0.028078829869627953,0.020549245178699493,0.0077957394532859325,0.003190642688423395,0.005451192148029804,0.007315631024539471,0.3280111849308014,0.00019015496945939958,0.2495444118976593,0.2114003449678421,0.06417915970087051,0.15482592582702637,4.010207703686319e-06,1.9313774828333408e-06,0.0002691356057766825,2.52480404014932e-05,0.001060672220773995,0.0009165277006104589,2.34178469327162e-06,8.057985496634501e-07,1.0,331.0
2.8950421437912155e-06,0.10547127574682236,0.03918899595737457,0.0038425989914685488,0.014957500621676445,0.207497701048851,0.00012152310955571011,9.239687983608746e-07,1.3297345731189125e-06,0.27200573682785034,0.1490168273448944,0.2731420397758484,0.18479718267917633,0.10352911055088043,0.11338165402412415,0.0835014060139656,0.11072411388158798,0.07333387434482574,0.12644949555397034,0.6271348595619202,0.6156854629516602,0.0015366157749667764,0.014415000565350056,0.00028280573314987123,5.540036363527179e-05,0.10410182178020477,0.048455290496349335,0.027679286897182465,0.006235577631741762,0.000912882445845753,0.04578450322151184,0.07171542197465897,0.000594691839069128,0.3311540186405182,0.007990284822881222,0.023818446323275566,0.016815878450870514,0.003165178233757615,0.04959230124950409,6.247620376598206e-08,0.11781923472881317,0.0909721627831459,0.0050597176887094975,0.00028190124430693686,2.8622047466342337e-05,5.9618905652314425e-06,0.002574535319581628,0.008674001321196556,2.173494613089133e-05,1.1797586921602488e-05,5.590405294242373e-07,1.6663290125507046e-06,1.0,332.0
2.2702226942783454e-06,0.04752058535814285,0.06106745824217796,0.008870553225278854,0.07845693081617355,0.036244843155145645,7.521811312471982e-06,3.4204089160994045e-07,3.0538311079908453e-07,0.04579053446650505,0.061294615268707275,0.0043587153777480125,0.004145300481468439,0.0679132416844368,0.045369017869234085,0.04492701217532158,0.08085481077432632,0.6500460505485535,0.6616846323013306,0.3055683970451355,0.19145339727401733,0.013134114444255829,0.0067886291071772575,1.6034566215239465e-05,0.0029569300822913647,0.011836857534945011,8.510675252182409e-05,0.002657369477674365,0.002506040269508958,0.0022949278354644775,0.00024358119117096066,0.00032890617148950696,0.003895645961165428,0.004042711574584246,0.0004939337959513068,0.00039470917545259,0.006238470319658518,0.017684990540146828,0.772394061088562,0.0013058591866865754,0.19669899344444275,0.055752724409103394,0.10080654174089432,0.016623690724372864,1.2701782452495536e-06,1.019116211864457e-06,4.163007906754501e-05,0.00020428551943041384,6.738783667969983e-06,9.413794032298028e-06,1.438736262571183e-06,2.4741413540141366e-07,1.0,333.0
2.127765981185803e-07,0.0016149699222296476,0.003178962506353855,0.05766495689749718,0.5447299480438232,0.10341770946979523,0.00019230121688451618,4.97233372698247e-07,2.400507241873129e-07,0.09542940557003021,0.04662008956074715,0.18012353777885437,0.18085220456123352,0.02786160260438919,0.5309682488441467,0.4426603317260742,0.003992170095443726,0.059396348893642426,0.04418577626347542,0.28402724862098694,0.05748853459954262,0.02475428394973278,0.007278510369360447,0.004823732189834118,0.005584483966231346,0.008118405006825924,0.0003885456535499543,2.7356114514986984e-05,0.0027410511393100023,0.005631223786622286,0.0009571785922162235,0.000720482028555125,0.10005126893520355,0.002620584797114134,0.5818474888801575,0.5062196254730225,0.014149918220937252,0.07987119257450104,0.012182576581835747,5.256918666418642e-05,0.001761317835189402,0.0014661492314189672,0.0007278083940036595,0.09150884300470352,0.07651101052761078,0.13465949892997742,0.04333650320768356,0.024487465620040894,0.038107771426439285,0.07937786728143692,1.1827158232335933e-05,5.666750553245947e-07,0.0,334.0
3.6436081245483365e-06,0.43955081701278687,0.38510772585868835,0.004349302034825087,0.002710202243179083,0.0038433580193668604,4.3381875002523884e-05,7.895304747762566e-07,1.0600133464322425e-06,0.06921190023422241,0.04594206437468529,0.40222811698913574,0.3972000777721405,0.004553596954792738,0.3260544538497925,0.29907146096229553,0.014243192039430141,0.015419699251651764,0.011210925877094269,0.19396938383579254,0.07479404658079147,0.012777374126017094,0.009587190113961697,8.34551319712773e-05,0.0026074505876749754,0.17790372669696808,0.0013333146926015615,0.002508508739992976,0.003441714681684971,0.0006690616719424725,0.0010265967575833201,0.0018138473387807608,0.010741859674453735,0.0015330922324210405,0.008751082234084606,0.014644335024058819,0.009175031445920467,0.004438861273229122,0.1108032688498497,0.0007039597840048373,0.11462640017271042,0.04315033555030823,0.03595665097236633,0.14605924487113953,9.029920875036623e-06,5.800686267320998e-06,8.819605136523023e-05,0.0010300520807504654,0.004399863537400961,0.003719303058460355,1.6293856788252015e-06,2.6951349809678504e-06,1.0,335.0
3.1385477541334694e-06,0.00018686504336073995,0.0002148852654499933,0.6332919001579285,0.6493526697158813,0.3804434537887573,0.0011332461144775152,6.3210391090251505e-06,3.2051138987299055e-06,0.059688813984394073,0.03343144804239273,0.4075661897659302,0.3624785542488098,0.16314658522605896,0.038457226008176804,0.021100373938679695,0.14347463846206665,0.027105845510959625,0.02086128666996956,0.19635212421417236,0.08439026027917862,0.02390013076364994,0.025793438777327538,0.003579854965209961,0.004504373297095299,0.05611715465784073,8.774448360782117e-05,0.002213825471699238,0.002671125577762723,0.007986475713551044,0.009325978346168995,0.007627538871020079,0.004569970536977053,0.00014315813314169645,0.1365852952003479,0.20614227652549744,0.031310223042964935,0.0481685996055603,0.0016934191808104515,0.0018526245839893818,0.02307903952896595,0.09179726243019104,0.003925382625311613,0.01842435821890831,0.6785427331924438,0.6713158488273621,0.0489487424492836,0.07782579213380814,0.2834154963493347,0.3020091950893402,3.157877017656574e-06,9.356306691188365e-06,0.0,336.0
4.071689545526169e-06,0.05248723924160004,0.04993831366300583,0.0641598328948021,0.08215571194887161,0.009541173465549946,2.3592207071487792e-05,1.0877910199269536e-06,1.8484254837858316e-07,0.02674836851656437,0.06342542916536331,0.007426896598190069,0.009946965612471104,0.47045958042144775,0.002666508313268423,0.013055316172540188,0.5124468803405762,0.5300341248512268,0.5581612586975098,0.442841112613678,0.4377933144569397,0.030443182215094566,0.007818581536412239,0.0001287630439037457,0.0006148683023639023,0.003066381672397256,0.00010258401016471907,0.0006484128534793854,0.007640752475708723,0.05809180811047554,0.018856694921851158,0.014927349053323269,0.00012082083412678912,3.525880310917273e-05,0.0011978779220953584,0.0004562756803352386,0.11507780849933624,0.6491038799285889,0.00028057131567038596,0.008236054331064224,0.06656607240438461,0.007527629844844341,0.07423128187656403,0.010757391341030598,0.04382894188165665,0.17763876914978027,0.012048738077282906,0.12767504155635834,1.595365029061213e-05,3.4326250897720456e-05,3.9855487443674065e-07,1.7978520645556273e-06,0.0,337.0
3.7675158637284767e-06,0.15008644759655,0.15611523389816284,0.055184315890073776,0.005356539040803909,0.006779837887734175,3.805031155934557e-05,3.3298857715635677e-07,8.530089417035924e-07,0.1999361664056778,0.09420906752347946,0.18517738580703735,0.1762121170759201,0.38255855441093445,0.007698768749833107,0.010701766237616539,0.3862679600715637,0.049583982676267624,0.05850062891840935,0.2548123896121979,0.3234961926937103,0.0033798101358115673,0.0046999575570225716,8.78694118000567e-05,0.002440073061734438,0.0029432354494929314,4.443129000719637e-06,0.00048810135922394693,0.05749429762363434,0.002911096205934882,0.002209446858614683,0.0034191757440567017,6.917630526004359e-05,0.010383316315710545,0.00015233398880809546,0.00024024627055041492,0.22406427562236786,0.09018488973379135,0.0005800709477625787,2.4028939151321538e-05,0.047263965010643005,0.016787046566605568,0.07745326310396194,0.005190102383494377,0.5731066465377808,0.2717980444431305,0.032155316323041916,0.049924276769161224,0.0008417225908488035,0.0003566332161426544,4.630686305517884e-07,2.3639065602765186e-06,1.0,338.0
8.71157169513026e-07,0.00022465121583081782,0.0001493876043241471,0.8283733129501343,0.6087063550949097,0.45693230628967285,3.9237791497725993e-05,6.006221724419447e-07,1.1788753226937843e-06,0.004001338500529528,0.001480695093050599,0.01659231260418892,0.017278794199228287,0.011698556132614613,0.238633930683136,0.2422604262828827,0.01239830907434225,0.3169187009334564,0.31342408061027527,0.056174371391534805,0.017334286123514175,0.11288785189390182,0.22410528361797333,4.508787969825789e-05,0.034871794283390045,0.5803209543228149,0.0018934952095150948,0.005173210985958576,0.00808166153728962,0.0027612082194536924,2.9145636290195398e-05,2.3748096282361075e-05,0.034088749438524246,0.0038077631033957005,0.006346735171973705,0.011913646943867207,0.006677309516817331,0.0012095683487132192,0.7399235963821411,0.0025753716472536325,0.015355872921645641,0.04710807278752327,0.010353011079132557,0.017651909962296486,2.9171387723181397e-06,8.256449746113503e-07,9.2298723757267e-05,2.1975967683829367e-05,0.0002578276616986841,0.0002339649072382599,4.783242275152588e-06,1.916313010497106e-07,1.0,339.0
3.3043640996766044e-06,0.007997158914804459,0.0035258850548416376,0.5190445184707642,0.0744071900844574,0.09942547976970673,1.5773941413499415e-05,1.5587185089316336e-06,4.254851262430748e-07,0.016116425395011902,0.011882119812071323,0.012725474312901497,0.009210783056914806,0.2373620718717575,0.016803132370114326,0.017230432480573654,0.23605741560459137,0.5010499954223633,0.5013418793678284,0.13389791548252106,0.14157743752002716,0.022639857605099678,0.04546192288398743,6.349608884193003e-05,0.00033591571263968945,0.004395504482090473,4.04342426918447e-05,0.001724295667372644,0.0026268349029123783,0.0028662430122494698,0.09702631086111069,0.09748520702123642,0.00032062552054412663,0.0003111520200036466,0.0002631233655847609,0.0002085921005345881,0.0979255884885788,0.08513770252466202,0.0026900710072368383,0.0012114172568544745,0.055551253259181976,0.0024996702559292316,0.09608085453510284,0.012086291797459126,0.0030128690414130688,0.003038963535800576,0.02498001605272293,0.019152697175741196,5.1727722166106105e-05,4.696259929914959e-05,6.954121545277303e-07,9.543593932903605e-07,1.0,340.0
1.9036787080040085e-06,0.005794481374323368,0.007294441107660532,0.3311994969844818,0.2209048867225647,0.18394295871257782,2.105313069478143e-05,1.6944319440881372e-06,3.1626143481844338e-06,0.03296460211277008,0.04422849789261818,0.050647977739572525,0.04928344860672951,0.000277536193607375,0.8964614272117615,0.8974416851997375,0.0013270179042592645,0.19888602197170258,0.18908162415027618,0.12156685441732407,0.15116320550441742,0.020347680896520615,0.021254653111100197,0.0003501802566461265,4.0508693928131834e-05,0.001975573832169175,0.008735353127121925,0.00013020304322708398,0.01970629394054413,0.00417964905500412,0.0002686979132704437,0.0004516411863733083,0.0255382489413023,0.0006343651912175119,0.003300860757008195,0.011814402416348457,0.023734863847494125,0.006429167930036783,0.7179664373397827,0.004724381025880575,0.017267251387238503,0.0019934941083192825,0.006959638092666864,0.0294093806296587,0.00024608243256807327,0.00015270979201886803,0.00015212454309221357,0.00758294528350234,8.380019426112995e-05,4.414573049871251e-05,2.4827904780977406e-05,1.2909584938824992e-06,1.0,341.0
1.8681049596125376e-06,0.055924296379089355,0.018960054963827133,0.0512053407728672,0.07702623307704926,0.13339722156524658,1.1264087333984207e-05,4.777128879140946e-07,2.636644751419226e-07,0.07567954808473587,0.01437995582818985,0.016195256263017654,0.011961172334849834,0.015919556841254234,0.13080339133739471,0.14741340279579163,0.03665544465184212,0.40129101276397705,0.40190356969833374,0.363279789686203,0.09009762108325958,0.005516706500202417,0.024255769327282906,3.323450073366985e-05,0.0019912784919142723,0.004560553468763828,1.8735678168013692e-05,0.0018970256205648184,0.002528126584365964,0.0025002826005220413,0.0026812944561243057,0.0022382447496056557,0.0011316344607621431,0.0011749245459213853,0.0002702752244658768,0.00019430242537055165,0.028863869607448578,0.01793164759874344,0.08404504507780075,0.0014056299114599824,0.04424109682440758,0.0031899495515972376,0.09783048182725906,0.031402476131916046,0.00022734598314855248,0.00012649678683374077,0.002076161792501807,0.0004739919095300138,2.830754419846926e-05,2.623473665153142e-05,7.389046459138626e-07,5.731444048251433e-07,2.0,342.0
5.353417122933024e-07,0.007414220832288265,0.017186354845762253,0.25588005781173706,0.09585099667310715,0.02196458727121353,8.248679478128906e-06,1.995609295590839e-07,1.3307298729614558e-07,0.03031090646982193,0.014901568181812763,0.1307104080915451,0.15357506275177002,0.15324032306671143,0.0373636819422245,0.020341593772172928,0.13070107996463776,0.07562129944562912,0.03986489772796631,0.21208149194717407,0.03439861908555031,0.023735033348202705,0.022462770342826843,2.067880632239394e-05,0.010179133154451847,0.017206009477376938,2.3008353309705853e-05,0.0024491827934980392,0.0002968775515910238,0.005965415854007006,0.001035987981595099,0.0010599129600450397,0.0012016977416351438,0.025520609691739082,0.0008884700364433229,0.00031120158382691443,0.003043013857677579,0.08649726212024689,0.1339789181947708,5.6083259551087394e-05,0.1374799609184265,0.04056888073682785,0.13730843365192413,0.020122861489653587,2.9931136396044167e-06,5.009544565837132e-06,9.219861385645345e-05,0.0003661900118459016,2.9299661036930047e-05,7.801745960023254e-05,5.43271823971736e-07,2.4891150474104506e-07,2.0,343.0
3.4253798020245085e-08,0.0009075358393602073,0.001593886991031468,0.28027164936065674,0.6540191173553467,0.26835647225379944,4.812108727492159e-06,7.945690327915145e-08,6.457431478423814e-09,0.21930024027824402,0.4460331201553345,0.1523076593875885,0.39495614171028137,0.038301434367895126,0.06307166069746017,0.12480411678552628,0.11075703054666519,0.07264387607574463,0.014348079450428486,0.17610643804073334,0.10722373425960541,0.0031339311972260475,0.0005223273183219135,4.765464473166503e-05,0.03454764932394028,0.001496907789260149,7.260777692863485e-06,0.0001744249020703137,5.609545041806996e-05,0.09949285537004471,7.055605965433642e-05,1.0958096936519723e-05,0.018464477732777596,0.048190467059612274,0.0012617147294804454,0.0001416387385688722,0.0010662188287824392,0.06911416351795197,0.8537988066673279,0.0001752481039147824,0.003682731883600354,0.0013081029755994678,0.0218984205275774,0.029137957841157913,3.688041033456102e-05,7.508428097935393e-05,0.0017572202486917377,1.9304776287754066e-05,2.1736501366831362e-05,0.00010393118282081559,1.1927953664780944e-06,2.2006807043339904e-08,1.0,344.0
2.7363062145013828e-06,0.03351942449808121,0.024019155651330948,0.2529006004333496,0.06608615070581436,0.09407731145620346,0.00012685781985055655,3.0456772037723567e-06,2.18886225411552e-06,0.03593119606375694,0.02578556165099144,0.018941489979624748,0.018671073019504547,0.0021965797059237957,0.6016372442245483,0.6192752122879028,0.007488370407372713,0.40455618500709534,0.35352015495300293,0.2483927309513092,0.10663741081953049,0.018362727016210556,0.03421489894390106,0.0002527177275624126,0.000996220507659018,0.36028438806533813,0.19041259586811066,0.0037240362726151943,0.008635824546217918,0.00114738498814404,0.0007140148081816733,0.0008357242913916707,0.02001752145588398,0.00020071936887688935,0.05110357701778412,0.22518539428710938,0.006589071825146675,0.0003291273023933172,0.8183414936065674,0.006587349344044924,0.040468331426382065,0.051599469035863876,0.007547752000391483,0.008538918569684029,9.215181080435286e-07,1.275384988730366e-07,4.645981971407309e-05,0.00012804358266294003,0.00011649623047560453,2.010270327446051e-05,2.2354539396474138e-05,3.377853772690287e-06,1.0,345.0
6.578757734132523e-07,0.0030099526047706604,0.002371536334976554,0.1658296138048172,0.47336262464523315,0.5571284294128418,0.00042847709846682847,7.317200925172074e-06,4.539147539617261e-06,0.15008197724819183,0.04495692998170853,0.07833199203014374,0.03761885687708855,0.0022777963895350695,0.501015305519104,0.5454869270324707,0.010609920136630535,0.1548573076725006,0.23345857858657837,0.3282497525215149,0.19755251705646515,0.004599985666573048,0.020522503182291985,0.003885997226461768,0.00014221607125364244,0.05669911950826645,0.012468768283724785,0.0002001891698455438,0.008523656986653805,0.0002930547052528709,0.0906546339392662,0.10768008232116699,0.019387798383831978,0.011021665297448635,0.4147999584674835,0.5584464073181152,0.012504475191235542,0.0032045694533735514,0.04288437217473984,2.0486791072471533e-06,0.0043366518802940845,0.0016107958508655429,0.0005044128629378974,0.027759622782468796,0.008365191519260406,0.0018488731002435088,0.7212708592414856,0.23614268004894257,0.015737198293209076,0.006054654251784086,1.9373233953956515e-05,4.715552222478436e-06,1.0,346.0
1.0308716582585475e-06,0.016250155866146088,0.01211492344737053,0.046691879630088806,0.12902523577213287,0.18597379326820374,1.9370078007341363e-05,2.783832258046459e-07,4.43224706714318e-07,0.09681793302297592,0.03462684527039528,0.04328754171729088,0.029775036498904228,0.11234863102436066,0.03044327162206173,0.042550839483737946,0.11974485218524933,0.2813628315925598,0.31793883442878723,0.43696674704551697,0.5090068578720093,0.008080396801233292,0.020962271839380264,7.206414011307061e-05,0.02361856773495674,0.0464128814637661,5.503277134266682e-05,0.011975363828241825,0.0015540539752691984,0.0008751895511522889,0.0038227185141295195,0.007725976873189211,0.0005243566120043397,0.011608447879552841,0.005860063713043928,0.005068477243185043,0.006215481553226709,0.021048719063401222,0.19527922570705414,2.1451922293636017e-05,0.1833258867263794,0.19825239479541779,0.012115259654819965,0.0002719167387112975,1.1561895689737867e-06,7.296313242477481e-07,0.00011783130321418867,0.0028456065338104963,5.051662697042048e-07,5.02058810525341e-07,5.469998995977221e-07,9.02185604445549e-07,1.0,347.0
3.184128672728548e-06,0.21414342522621155,0.13840602338314056,0.022865181788802147,0.011053608730435371,0.022328808903694153,0.0007049479172565043,2.94674623546598e-06,5.0058288252330385e-06,0.26172053813934326,0.3041154146194458,0.17085926234722137,0.2123715728521347,0.0059550004079937935,0.5229071378707886,0.5352864265441895,0.008387453854084015,0.08287536352872849,0.07176393270492554,0.5230258703231812,0.4788600504398346,0.0034888326190412045,0.002825463656336069,0.0037664694245904684,0.0012384853325784206,0.022659050300717354,0.0003271652094554156,0.00039211969124153256,0.008361770771443844,0.002082384191453457,0.004309643525630236,0.003917851950973272,0.008374420925974846,0.02736702188849449,0.15622220933437347,0.3016197085380554,0.03164959326386452,0.026963556185364723,0.002038805279880762,3.5392306472203927e-06,0.0032097077928483486,0.010860198177397251,0.001455181511119008,0.01292133517563343,0.9494037628173828,0.9109050035476685,0.4426655173301697,0.3176482319831848,0.47489115595817566,0.3631291091442108,3.5428779483481776e-06,5.8047098718816414e-06,0.0,348.0
3.2713007840357022e-06,0.008808527141809464,0.004854265134781599,0.07247218489646912,0.24839864671230316,0.2527417540550232,5.902414704905823e-05,2.1907312657276634e-06,4.3323041154508246e-07,0.02302153967320919,0.030306974425911903,0.010377203114330769,0.013801704160869122,0.013067277148365974,0.17859013378620148,0.18230246007442474,0.014807532541453838,0.3715677857398987,0.3540288805961609,0.3379243314266205,0.1665632575750351,0.02506891079246998,0.010412486270070076,0.00010489577107364312,0.0005531284841708839,0.04224772751331329,0.0008257494191639125,0.0003538342716637999,0.0011958667309954762,0.001925307442434132,0.0024099915754050016,0.0027255306486040354,0.019057968631386757,0.00015542592154815793,0.041535668075084686,0.050573330372571945,0.0070111677050590515,0.010516833513975143,0.13360024988651276,0.007069760467857122,0.013828111812472343,0.0028111462015658617,0.03143276646733284,0.28506067395210266,7.048148108879104e-05,7.441530760843307e-05,0.00048216027789749205,0.0025400950107723475,0.11194294691085815,0.13693055510520935,1.2250088730070274e-05,1.8651054460860905e-06,1.0,349.0
1.0075094905914739e-05,0.08405565470457077,0.14648129045963287,0.0032828887924551964,0.05728376656770706,0.017002474516630173,0.0014099819818511605,5.682852588506648e-06,2.270324557684944e-06,0.2965385615825653,0.38291701674461365,0.10515639930963516,0.1333458572626114,0.07211825996637344,0.13103851675987244,0.08980997651815414,0.03770535811781883,0.14668698608875275,0.11450709402561188,0.7625370621681213,0.6841113567352295,0.003772319294512272,0.0016004490898922086,0.0028408789075911045,0.003937551751732826,0.28078797459602356,0.00046363749424926937,0.007513649761676788,0.016233935952186584,0.056389983743429184,0.0006791130872443318,0.000523124064784497,0.02834247797727585,0.0003015891998074949,0.1816541999578476,0.3365941047668457,0.11482671648263931,0.18759293854236603,0.0027430474292486906,0.0015538216102868319,0.0013599601807072759,0.010875195264816284,0.0024918257258832455,0.010138940997421741,0.9718335866928101,0.9800982475280762,0.1570887267589569,0.16929872334003448,0.3879283368587494,0.5101498365402222,2.462066959196818e-06,9.978793059417512e-06,0.0,350.0
1.1267890158705995e-06,0.11823029816150665,0.08606020361185074,0.0038661265280097723,0.03361836448311806,0.0320560447871685,9.233855962520465e-06,3.5526355190995673e-07,5.829262477163866e-07,0.0600162148475647,0.01307598128914833,0.21680894494056702,0.1813594102859497,0.6998975872993469,0.002255198545753956,0.0013721405994147062,0.698543906211853,0.030403759330511093,0.03975055739283562,0.12905853986740112,0.1336943358182907,0.008131063543260098,0.04129590094089508,7.051602733554319e-05,0.0003155518206767738,0.006376621313393116,0.0005755758611485362,0.0008286544471047819,0.012805097736418247,0.0038994746282696724,3.3497330150566995e-05,5.024156052968465e-05,0.004008215852081776,0.0006047177594155073,0.0005195949925109744,0.0008683721534907818,0.0625215545296669,0.014617998152971268,0.0556597039103508,0.005159587133675814,0.013624628074467182,0.006864193361252546,0.01228373683989048,0.024879993870854378,0.0003239642537664622,0.00024112587561830878,0.00019036921730730683,0.0007619424141012132,0.00030472627258859575,0.0001663205330260098,9.553930340189254e-07,5.588966018876818e-07,1.0,351.0
3.1845538615016267e-06,0.4341942071914673,0.396543025970459,0.0020617053378373384,0.003816259326413274,0.003109235782176256,2.7090556613984518e-05,1.0680821560526965e-07,7.47775743548118e-07,0.05184442922472954,0.017037607729434967,0.11582288891077042,0.1085810586810112,0.06839459389448166,0.049082446843385696,0.06099415943026543,0.08138559758663177,0.06611526012420654,0.08010341972112656,0.1370113343000412,0.05825013667345047,0.011212870478630066,0.027905859053134918,7.820643804734573e-05,0.0004078875354025513,0.0019422384211793542,1.5318682926590554e-05,0.0003034003311768174,0.05169319733977318,0.009621839970350266,0.0009643808007240295,0.0015268807765096426,0.00010035727609647438,0.0008951890631578863,0.00017282349290326238,0.0001987634605029598,0.43763917684555054,0.23055331408977509,0.0003843481536023319,0.0006331010372377932,0.0160666573792696,0.010332793928682804,0.03521254286170006,0.007743107154965401,0.1850360631942749,0.13050508499145508,0.010469733737409115,0.040032707154750824,0.00030524213798344135,0.0003009318024851382,9.856630640570074e-07,1.5439211438206257e-06,2.0,352.0
9.087370926863514e-07,0.009162700735032558,0.009042744524776936,0.38140031695365906,0.03646881878376007,0.032371923327445984,2.578032399469521e-05,9.946792260961956e-07,2.8361515092001355e-07,0.34374919533729553,0.21701163053512573,0.4382472038269043,0.4189673662185669,0.022889574989676476,0.15623338520526886,0.1594625860452652,0.036022596061229706,0.02279975265264511,0.021646279841661453,0.4328175187110901,0.3801194131374359,0.002815310377627611,0.0025349126663058996,0.0004400668549351394,0.0011029525194317102,0.007867024280130863,3.742364060599357e-05,0.0007304240134544671,0.0005249009118415415,0.0007669941987842321,0.17648334801197052,0.2327440232038498,0.0008145265164785087,0.0022477400489151478,0.0038462362717837095,0.0031536223832517862,0.003340398892760277,0.007950210943818092,0.013805006630718708,4.713974703918211e-05,0.0074295648373663425,0.00130538793746382,0.0065631200559437275,0.01425526849925518,0.0004853711579926312,0.0005938555113971233,0.024481020867824554,0.19054274260997772,0.002639593556523323,0.0038769743405282497,3.3436433568567736e-06,1.4558664815922384e-06,1.0,353.0
3.2671687222318724e-07,0.002158230869099498,0.0006764702848158777,0.6123377680778503,0.3387615382671356,0.2539643943309784,2.4293589376611635e-05,1.3739218047703616e-06,3.406011614970339e-07,0.052438270300626755,0.006939745042473078,0.31009021401405334,0.3047948479652405,0.7623345255851746,0.00041392305865883827,0.007320099510252476,0.9117196798324585,0.02110064961016178,0.017514266073703766,0.11500979214906693,0.02134271338582039,0.02974202297627926,0.04824778437614441,0.0003481258754618466,0.07264827936887741,0.0011871351161971688,2.629142727528233e-06,1.186393819807563e-05,0.0008844626136124134,0.002743680030107498,0.214843288064003,0.20005439221858978,0.0025084088556468487,0.0009683897369541228,0.01530117355287075,0.017728522419929504,0.00901740975677967,0.03400833532214165,0.03568334877490997,0.00014480161189567298,0.016047190874814987,0.002589915180578828,0.05763908103108406,0.08294695615768433,0.00010232786007691175,8.402769162785262e-05,0.007295004092156887,0.004038133192807436,0.00337252882309258,0.004391003865748644,9.183700058201794e-06,1.7918764569913037e-06,1.0,354.0
1.0809378636622569e-06,0.001608765684068203,0.0009821141138672829,0.3884469270706177,0.3520560562610626,0.5698814988136292,9.936109563568607e-06,4.7115017309806717e-07,5.249277137409081e-07,0.07051223516464233,0.007107830140739679,0.20902961492538452,0.2230919748544693,0.1288912296295166,0.07772769033908844,0.03934851661324501,0.08893885463476181,0.0441165566444397,0.05503727123141289,0.14811916649341583,0.03279459848999977,0.018820300698280334,0.1373705267906189,1.2031187907268759e-05,0.002022204454988241,0.009590552188456059,0.002008486073464155,0.000533707847353071,0.0017192690866068006,0.001192173222079873,0.002674170769751072,0.002011239528656006,0.0019584742840379477,0.0003774169599637389,0.002006822731345892,0.0009797702077776194,0.015460395254194736,0.010202731005847454,0.2087925672531128,0.007857494987547398,0.14623570442199707,0.08442939072847366,0.1479492336511612,0.03000617027282715,1.2395354360705824e-06,6.733573059136688e-07,0.0005705894436687231,7.8707562352065e-05,5.523298750631511e-05,0.00016469064576085657,3.4921381484309677e-06,1.573005334876143e-07,1.0,355.0
1.8180802499045967e-06,0.2946312129497528,0.5486034154891968,0.0002992189838550985,0.01066675316542387,0.005014696158468723,3.506586290313862e-05,6.488262016546287e-08,1.830601945584931e-07,0.36732959747314453,0.7050602436065674,0.050901010632514954,0.768168032169342,0.03279078006744385,0.27783143520355225,0.14136207103729248,0.007907568477094173,0.3101579546928406,0.0027396269142627716,0.9485449194908142,0.2422092854976654,0.0014596075052395463,7.339951116591692e-05,4.359466765890829e-05,0.01065377239137888,0.00949664693325758,4.83339817947126e-06,0.00386298936791718,0.0014729805989190936,0.0047990684397518635,0.012994813732802868,0.013238801620900631,0.0010704959277063608,0.031329017132520676,0.0002691792033147067,0.00017668989312369376,0.050337329506874084,0.24053306877613068,0.008794150315225124,1.1523309694894124e-05,0.07515156269073486,0.004961734171956778,0.15668761730194092,0.048725444823503494,0.003303244709968567,0.00441782409325242,0.0077920411713421345,0.009469347074627876,0.0002787247358355671,0.00038837053580209613,4.330688909703895e-07,6.859116297164292e-07,2.0,356.0
7.623271471857151e-07,0.00086646294221282,0.0007128171855583787,0.4903421401977539,0.5945978164672852,0.4991883933544159,0.0006872066878713667,9.62338162935339e-07,2.098824325003079e-06,0.01523482333868742,0.004203506745398045,0.04005340486764908,0.029632046818733215,0.016415245831012726,0.46791550517082214,0.4312911927700043,0.0021587463561445475,0.23375865817070007,0.23948630690574646,0.06516124308109283,0.026522783562541008,0.07223726063966751,0.12284960597753525,0.0008323482470586896,0.007014620583504438,0.4878077805042267,0.005776228383183479,0.0009092266554944217,0.14977996051311493,0.04071678966283798,1.0958755410683807e-05,1.3549562936532311e-05,0.17503798007965088,0.009314574301242828,0.4566330909729004,0.48585930466651917,0.009833194315433502,0.011021099053323269,0.13989189267158508,0.0001904592791106552,0.0002984696766361594,0.0031311188358813524,0.0002324019296793267,0.02243012748658657,0.6299909353256226,0.5913416147232056,0.0010972321033477783,0.0016738096019253135,0.12250497192144394,0.08089861273765564,1.6866604710230604e-05,1.5365825447588577e-06,0.0,357.0
3.1008423206912994e-07,0.02077212929725647,0.01663055829703808,0.013241915963590145,0.20086774230003357,0.480887770652771,0.0017719115130603313,1.8580661844680435e-06,3.518973244354129e-06,0.2139575332403183,0.12174861878156662,0.3530304729938507,0.3008466064929962,0.028622910380363464,0.22344352304935455,0.2339593768119812,0.021621117368340492,0.04473011568188667,0.04782934859395027,0.22463497519493103,0.35562312602996826,0.009540937840938568,0.01781473122537136,0.006988596636801958,0.000739617389626801,0.2062089890241623,0.033671148121356964,5.26262738276273e-05,0.07555273175239563,0.009435045532882214,0.039493661373853683,0.04640224575996399,0.04926987737417221,0.0023620426654815674,0.9631083011627197,0.9813592433929443,0.007045367266982794,0.002751455409452319,0.008266827091574669,3.582289082260104e-06,0.0013768733479082584,0.0034776583779603243,0.00017397987539879978,0.012666553258895874,0.3298822045326233,0.2304813265800476,0.3842637240886688,0.1281391680240631,0.2988412380218506,0.1967192441225052,9.337187293567695e-06,9.051268534676638e-06,1.0,358.0
4.249948233336909e-07,0.00316919619217515,0.0014384478563442826,0.37008997797966003,0.3457511365413666,0.2117108404636383,0.000352053641108796,2.7109085749543738e-06,4.202410082143615e-07,0.2102489024400711,0.43577149510383606,0.3676277697086334,0.4008515179157257,0.029050542041659355,0.1281161904335022,0.1518295705318451,0.05180855840444565,0.03694287687540054,0.024958046153187752,0.22738873958587646,0.1969950795173645,0.006922713480889797,0.00110560969915241,0.004826802760362625,0.005939982831478119,0.1366771161556244,0.0001653436484048143,0.000491321727167815,0.00028906078659929335,0.002750640269368887,0.06397378444671631,0.05925549194216728,0.06101157143712044,0.00020157707331236452,0.36734655499458313,0.4546782374382019,0.000831980665680021,0.0028764824382960796,0.07311135530471802,0.0003306154685560614,0.0014894437044858932,0.0008963668951764703,0.00021714009926654398,0.020796461030840874,0.006973585579544306,0.008880918845534325,0.22366327047348022,0.4000244140625,0.07455112785100937,0.19661399722099304,1.3269246665004175e-05,3.035748477486777e-06,2.0,359.0
1.075818317985977e-06,0.07109570503234863,0.06871446967124939,0.026645967736840248,0.053585924208164215,0.03937708958983421,9.212033546646126e-06,1.8890500541601796e-07,1.6862848895016214e-07,0.19546934962272644,0.13652655482292175,0.23399761319160461,0.2436995804309845,0.03519536927342415,0.060501519590616226,0.11345351487398148,0.07997319847345352,0.039270393550395966,0.0291939377784729,0.3201605975627899,0.1948450356721878,0.005037217866629362,0.003034880617633462,0.0001188603782793507,0.0002120999852195382,0.00021343548723962158,1.002783847070532e-05,3.504436608636752e-05,0.0018230564892292023,0.0003616445465013385,0.007061406970024109,0.010364968329668045,0.0011480393586680293,0.0018937628483399749,0.00018622951756697148,0.0002291450509801507,0.017540745437145233,0.008917732164263725,0.029451312497258186,0.00035038249916397035,0.0005258519086055458,0.00011718063615262508,0.01736401580274105,0.08524083346128464,0.01419313345104456,0.013580500148236752,0.013303316198289394,0.05447055771946907,0.006413704250007868,0.008017988875508308,8.343125955434516e-06,1.273332827622653e-06,1.0,360.0
7.657379228476202e-07,0.005446166731417179,0.0015119827585294843,0.21288281679153442,0.4101949632167816,0.3846927583217621,1.77790589077631e-05,2.350308534460055e-07,2.950034172499727e-07,0.025915848091244698,0.015645336359739304,0.2341494858264923,0.2698994278907776,0.0525704100728035,0.072817862033844,0.08263830840587616,0.06600327789783478,0.0439048670232296,0.02262020669877529,0.2817355692386627,0.02877211757004261,0.031220536679029465,0.029594462364912033,2.101440077240113e-05,0.05199569836258888,0.1302637755870819,0.00011560055281734094,0.05016683414578438,0.0032298904843628407,0.0018099748995155096,1.3104842764732894e-05,1.766329660313204e-05,0.015823297202587128,0.014114328660070896,0.0008219134761020541,0.0010343646863475442,0.0014708073576912284,0.0021239693742245436,0.9850559830665588,0.0009441354777663946,0.29392504692077637,0.1866881549358368,0.038240283727645874,0.0051004355773329735,9.484185881092344e-08,4.942991083112247e-08,5.006535502616316e-06,1.0550802471698262e-05,6.472659151768312e-06,5.7507618294039275e-06,6.976088116061874e-07,1.1672626243353079e-07,1.0,361.0
7.667019019663712e-08,0.0002847146533895284,0.000673228467348963,0.45415255427360535,0.7076966762542725,0.2059093713760376,2.8751062927767634e-05,2.2336128324695892e-07,5.075725439951384e-08,0.032048530876636505,0.05080298334360123,0.024980079382658005,0.030155200511217117,0.7269102931022644,0.00285744178108871,0.001975314226001501,0.7393079996109009,0.3273189663887024,0.3163870573043823,0.43587619066238403,0.19426293671131134,0.03261218219995499,0.01003778912127018,0.0006555165164172649,0.006251683458685875,0.014065762981772423,9.934750414686278e-05,0.0006152528221718967,0.00012242485536262393,0.00945726502686739,0.0025313871446996927,0.0015620123594999313,0.004537113010883331,7.36449655960314e-05,0.1155150905251503,0.060839150100946426,0.0008309273398481309,0.05886121094226837,0.07337827235460281,0.0026743297930806875,0.004457558039575815,0.008543348871171474,0.0005958393448963761,0.001296810805797577,1.824947503337171e-05,7.383920456049964e-05,0.00048642835463397205,0.004150118213146925,3.211772855138406e-05,0.0001303522294620052,1.5856219306442654e-06,3.4947098015436495e-07,1.0,362.0
9.872483133221976e-07,0.001984593691304326,0.0007588656153529882,0.05826030671596527,0.6904010772705078,0.6681400537490845,2.4766914066276513e-05,1.7165325516543817e-07,1.3599511703432654e-06,0.00282737473025918,0.0005982372676953673,0.07838434725999832,0.07813747227191925,0.3664470314979553,0.0320342518389225,0.00501333037391305,0.21082285046577454,0.10916238278150558,0.11926132440567017,0.02640390954911709,0.006783303804695606,0.13663938641548157,0.3765958249568939,7.593111513415352e-05,0.0030675933230668306,0.008822538889944553,4.189324681647122e-05,0.0014690861571580172,0.003814151743426919,0.001150632044300437,0.02151152677834034,0.019991829991340637,0.0003298589144833386,0.029836030676960945,0.001119979191571474,0.0013780540321022272,0.05020541325211525,0.04474402219057083,0.017732882872223854,1.5063255887071136e-05,0.06203775480389595,0.028274934738874435,0.0308897253125906,0.0035837539471685886,8.366142719751224e-05,3.793488212977536e-05,0.0038485920522361994,0.001835413509979844,1.8140384781872854e-05,9.2212540039327e-06,1.5100948758117738e-06,6.186092491589079e-07,1.0,363.0
3.789034153101056e-08,0.0032660597935318947,0.002499891445040703,0.5611764192581177,0.21986925601959229,0.08644355088472366,2.8371649023029022e-05,5.0057334277653354e-08,6.481743497488424e-08,0.03369435667991638,0.03437034785747528,0.03184342384338379,0.04060835763812065,0.27018603682518005,0.0217594001442194,0.028087781742215157,0.28615453839302063,0.33287444710731506,0.2981735169887543,0.38444072008132935,0.06744926422834396,0.07206408679485321,0.01504236739128828,0.0004753739631269127,0.03638957440853119,0.0023481042589992285,8.523579708707985e-06,3.621531504904851e-05,0.00010401713370811194,0.0018713243771344423,0.08263847976922989,0.04859711974859238,0.0012211611028760672,0.00021167310478631407,0.23661495745182037,0.12955421209335327,0.0006427452899515629,0.016609828919172287,0.12859396636486053,0.00022737546532880515,0.013307096436619759,0.020281119272112846,0.0026829347480088472,0.0008685013162903488,1.3470573776430683e-06,2.161880502171698e-06,0.003981002606451511,0.003336668713018298,3.471867603366263e-05,0.00014422174717765301,4.989466560800793e-06,2.0154602964339574e-07,1.0,364.0
5.444330781756435e-07,0.004630102310329676,0.0038586982991546392,0.18064944446086884,0.28436511754989624,0.16432061791419983,4.8783851525513455e-05,4.328405509568256e-07,3.058669335587183e-07,0.005563376005738974,0.009984301403164864,0.04957998916506767,0.057837940752506256,0.006332797463983297,0.3322133719921112,0.3299148380756378,0.01704694703221321,0.1583031266927719,0.14489877223968506,0.04692825675010681,0.02717672847211361,0.12407499551773071,0.031374167650938034,0.00040166283724829555,0.2827427387237549,0.056956417858600616,2.213717607446597e-06,0.0006332612247206271,7.924150850158185e-05,0.0008900651591829956,0.18581457436084747,0.19584253430366516,0.010162647813558578,0.0007138916407711804,0.06240616738796234,0.038644976913928986,0.0008730502449907362,0.01235820259898901,0.07165277004241943,8.793143933871761e-05,0.008294731378555298,0.009744010865688324,0.003827504115179181,0.020094668492674828,8.489353604090866e-06,1.0041675523098093e-05,0.005408013239502907,0.02483409270644188,0.0017168326303362846,0.00325219938531518,7.322178134927526e-06,1.8908413039753214e-06,1.0,365.0
4.143033038417343e-06,0.8578925728797913,0.7943488359451294,2.8462567570386454e-05,0.00040018188883550465,0.0023120143450796604,0.00012522521137725562,4.416508545546094e-07,6.326494599306898e-07,0.2876530587673187,0.14647285640239716,0.35550352931022644,0.3706512451171875,0.008937894366681576,0.1318497657775879,0.32222864031791687,0.06625736504793167,0.029344912618398666,0.025541791692376137,0.7258439064025879,0.5014020800590515,0.002347455592826009,0.003722790628671646,0.00016552096349187195,0.0005144007736817002,0.0017789275152608752,5.4713571444153786e-05,0.0001374412386212498,0.03744705021381378,0.004738475661724806,0.0028491646517068148,0.0031181832309812307,0.0001596156507730484,0.05117456987500191,0.00036925930180586874,0.0005828624707646668,0.03126693516969681,0.015320289880037308,0.00189765146933496,4.4301605157670565e-06,0.01471962034702301,0.006764584220945835,0.03696673735976219,0.03091525100171566,0.826069176197052,0.6906360387802124,0.015775028616189957,0.01705820858478546,0.014237422496080399,0.00859758909791708,4.794582082467969e-07,2.6367583814135287e-06,0.0,366.0
7.059935569486697e-07,0.000756811466999352,0.0007115805638022721,0.559775710105896,0.5158454179763794,0.4045514166355133,0.0002581301669124514,4.5696419874730054e-06,6.568219532709918e-07,0.01202702522277832,0.003790541086345911,0.10002771764993668,0.10642214864492416,0.07188757508993149,0.03909815102815628,0.06865356117486954,0.1375759392976761,0.13228173553943634,0.13033974170684814,0.060098350048065186,0.032925911247730255,0.07085946202278137,0.1722545474767685,0.00039565269253216684,0.003881507320329547,0.8776565790176392,0.010091064497828484,0.0006300005479715765,0.003974288702011108,0.11874598264694214,0.022107824683189392,0.025341972708702087,0.11195371299982071,0.00032706197816878557,0.14672021567821503,0.11691439896821976,0.0004073716700077057,0.008748025633394718,0.12849541008472443,0.001515297801233828,0.0011464159470051527,0.0013749162899330258,0.001385377487167716,0.09990110248327255,0.0018095183186233044,0.0085670817643404,0.0007326235063374043,0.01343742199242115,0.005219029262661934,0.02036001719534397,7.0039582169556525e-06,4.8717906793172006e-06,1.0,367.0
6.449048669310287e-06,0.5249159336090088,0.4966629147529602,0.00029889223515056074,0.003362218849360943,0.0032139853574335575,0.0008642094908282161,2.988481583088287e-06,2.193250338677899e-06,0.09680069237947464,0.0361640490591526,0.18165922164916992,0.1780020147562027,0.2101045846939087,0.017415160313248634,0.03181273862719536,0.25910329818725586,0.07332513481378555,0.07611411809921265,0.3326651453971863,0.24682793021202087,0.012737839482724667,0.022783108055591583,0.004344668705016375,0.00900324434041977,0.018840622156858444,2.1377098164521158e-05,0.0009831271599978209,0.003456146689131856,0.018934594467282295,0.003890496212989092,0.0033029636833816767,0.007567781023681164,0.0006434431415982544,0.17622338235378265,0.22937552630901337,0.04707751050591469,0.16884174942970276,0.0018043668242171407,0.00029124392312951386,0.010268083773553371,0.02642289735376835,0.008248219266533852,0.019427336752414703,0.8198288679122925,0.8686661720275879,0.03698520362377167,0.1511024534702301,0.6214337348937988,0.719003438949585,9.063846277967968e-07,1.029793838824844e-05,0.0,368.0
1.4422035974348546e-06,0.47317397594451904,0.42196735739707947,0.0023950133472681046,0.002591775730252266,0.0026903757825493813,9.052641871676315e-06,6.573138477961038e-08,5.4492407031148105e-08,0.4140002131462097,0.3699694573879242,0.22816385328769684,0.23564280569553375,0.06792048364877701,0.04903493821620941,0.0852954238653183,0.10916858911514282,0.04356672987341881,0.03273039683699608,0.37760472297668457,0.223831906914711,0.002422732999548316,0.000475946202641353,2.92222266580211e-05,0.0015393272042274475,0.0006990783731453121,6.815995220676996e-06,6.12330186413601e-05,0.005663645453751087,0.020078130066394806,0.003135616658255458,0.0023937057703733444,0.00016943998343776911,0.0002795102773234248,0.0001261129364138469,4.929390343022533e-05,0.10365353524684906,0.26103538274765015,0.0006395820528268814,0.005088204517960548,0.004209458827972412,0.0020685282070189714,0.3157079517841339,0.1076127365231514,0.02617223747074604,0.028819354251027107,0.01558060385286808,0.003513308707624674,0.0012869825586676598,0.0043173618614673615,7.769180001560017e-07,3.3683116384963796e-07,1.0,369.0
1.4497038591798628e-06,0.07306960225105286,0.002473118482157588,0.0015923383180052042,0.049701910465955734,0.5932971835136414,0.00011763203656300902,1.0254170774715021e-06,2.388022494415054e-06,0.3625680208206177,0.03664068505167961,0.31665441393852234,0.1491357535123825,0.699148416519165,0.004244391340762377,0.0017742881318554282,0.671814501285553,0.023379944264888763,0.08218500018119812,0.30791497230529785,0.373959481716156,0.0010192770278081298,0.025893695652484894,0.0013259145198389888,8.880816312739626e-05,0.0035121673718094826,0.0018542080651968718,6.65538536850363e-05,0.07016223669052124,0.0012397216632962227,0.00024363439297303557,0.0002957627584692091,0.004429019056260586,0.016637565568089485,0.0259182620793581,0.07203662395477295,0.10245338082313538,0.017915649339556694,0.0020155906677246094,1.0515534995647613e-05,0.0013652918860316277,0.010562513023614883,0.0006588202668353915,0.01873670518398285,0.3690207898616791,0.13671347498893738,0.04611925780773163,0.02953486703336239,0.037871476262807846,0.013137159869074821,3.6786416330869542e-06,2.5454546630498953e-06,0.0,370.0
2.1749208372057183e-06,0.003902805969119072,0.0008651874959468842,0.4475114047527313,0.3532283902168274,0.49156317114830017,2.2214131604414433e-05,4.3044477138209913e-07,7.191844701992522e-07,0.026464801281690598,0.008345101028680801,0.012111471965909004,0.020108405500650406,0.05579569563269615,0.051718879491090775,0.06876605749130249,0.07987824827432632,0.4015422463417053,0.3465809226036072,0.3805450201034546,0.05346918851137161,0.025385910645127296,0.036238957196474075,2.2681482732878067e-05,0.07145531475543976,0.05565875023603439,2.8125157768954523e-05,0.013384710997343063,0.035465534776449203,0.0013112976448610425,4.030108539154753e-05,7.116895721992478e-05,0.019723862409591675,0.11153866350650787,0.0007455141749233007,0.0010899417102336884,0.0023946326691657305,0.001407439587637782,0.9734742045402527,6.679335638182238e-05,0.22414414584636688,0.10866256058216095,0.028715582564473152,0.012699578888714314,6.643020356023044e-07,1.8484219310721528e-07,1.7563321307534352e-05,4.603336128639057e-05,3.4118391340598464e-05,1.0630094948282931e-05,1.8242823216496618e-06,2.074844189792202e-07,1.0,371.0
3.8746111385989934e-07,0.015405808575451374,0.03404013812541962,0.0019675125367939472,0.4026273787021637,0.04395149275660515,2.049779868684709e-05,1.714742694503002e-07,2.6841439648706e-07,0.029463881626725197,0.014859921298921108,0.4032834768295288,0.3697373569011688,0.34291112422943115,0.024488456547260284,0.006091548595577478,0.3150109350681305,0.012760472483932972,0.018378010019659996,0.04538577422499657,0.059219758957624435,0.0446469783782959,0.044132184237241745,7.881947385612875e-05,0.01697864569723606,0.05298306420445442,0.00055851717479527,0.00412833783775568,0.005903408396989107,0.031988099217414856,9.191042408929206e-06,3.7229096960800234e-06,0.08594202995300293,0.3931623101234436,0.003677406581118703,0.0016645864816382527,0.0010210891487076879,0.004707065410912037,0.9309981465339661,3.3935084502445534e-05,0.22221429646015167,0.14683498442173004,0.015254214406013489,0.011377151124179363,1.8661320382307167e-06,1.1571768254725612e-06,6.197787297423929e-05,1.328370785813604e-06,9.919973672367632e-05,0.00021238675981294364,5.118863555253483e-07,6.945531794144699e-08,1.0,372.0
2.9333159545785747e-06,0.0009457177366130054,0.0011348995612934232,0.12510858476161957,0.7344039678573608,0.49260786175727844,0.0006556403823196888,6.367839887388982e-06,1.3732393426835188e-06,0.021055784076452255,0.03334483504295349,0.059237219393253326,0.06877011805772781,0.1540120244026184,0.054942578077316284,0.02343101240694523,0.10202143341302872,0.17077364027500153,0.15994621813297272,0.1995571255683899,0.10761044174432755,0.04448271915316582,0.025023512542247772,0.001850637374445796,0.0008885712013579905,0.07062439620494843,0.0005129934870637953,0.0017092807684093714,0.0010243264259770513,0.004759660921990871,0.00101824093144387,0.0007230344926938415,0.044604942202568054,4.471147258300334e-05,0.1852474957704544,0.2207106202840805,0.010271811857819557,0.016866840422153473,0.017890606075525284,0.019786320626735687,0.0008939841645769775,0.005915517918765545,0.0013616852229461074,0.041816532611846924,0.7878000736236572,0.8577800393104553,0.03324047848582268,0.09607154130935669,0.46087944507598877,0.480205237865448,8.77405545907095e-06,7.589173947053496e-06,0.0,373.0
3.6177646052237833e-06,0.15426453948020935,0.07601983845233917,0.0021229872945696115,0.01763910800218582,0.07101152092218399,1.3107879567542113e-05,1.5466828244825592e-06,6.074025691304996e-07,0.10533177852630615,0.06894661486148834,0.07047631591558456,0.0633818507194519,0.009919432923197746,0.2637469470500946,0.23962271213531494,0.01853286288678646,0.1255788505077362,0.13698509335517883,0.48355624079704285,0.4013175070285797,0.004367276560515165,0.007605405058711767,5.2656283514807e-05,0.000569788389839232,0.010723765008151531,0.0001363331830361858,0.001889580860733986,0.001201082137413323,0.0003984099894296378,0.020927127450704575,0.028729109093546867,0.003184417262673378,0.004029570147395134,0.00029016719781793654,0.0004313417011871934,0.0060073817148804665,0.003638134803622961,0.2185414731502533,0.0001524361432529986,0.02481485716998577,0.001071440288797021,0.06893942505121231,0.1017928346991539,0.00013842186308465898,9.380205301567912e-05,0.0043997447937726974,0.01077940035611391,0.00103966414462775,0.0010814890265464783,1.5565838111797348e-06,1.1077340786869172e-06,1.0,374.0
5.770224333900842e-07,0.01608198508620262,0.004494411870837212,0.38970881700515747,0.1227777972817421,0.256194531917572,2.8960887448192807e-06,5.126528890286863e-07,6.979508384574729e-07,0.018594244495034218,0.0028883779887109995,0.559727668762207,0.5742289423942566,0.09852336347103119,0.0242614783346653,0.03768594563007355,0.13247893750667572,0.0071321954019367695,0.0071064746007323265,0.02081684209406376,0.00600837217643857,0.06499896198511124,0.18085645139217377,3.660032234620303e-05,0.002082113642245531,0.0006227497360669076,8.161041478160769e-05,9.731586033012718e-06,0.00206096563488245,0.0013216277584433556,0.0013330824440345168,0.001622375100851059,0.035695791244506836,0.011864508502185345,0.0013820449821650982,0.0011744010262191296,0.0014185140607878566,0.0023014508187770844,0.8462417721748352,0.00045858294470235705,0.0050585148856043816,0.0020167448092252016,0.07026288658380508,0.3848000168800354,7.983613613760099e-06,4.827520569961052e-06,0.00016627075092401356,0.0003859519201796502,0.00849025510251522,0.0064534991979599,2.313153527211398e-05,7.62227557515871e-07,1.0,375.0
1.9157810129399877e-06,0.3362480103969574,0.3229048252105713,0.0014081139815971255,0.004248956684023142,0.005770261865109205,7.338893919950351e-05,1.3113893828631262e-06,7.077591135384864e-07,0.03857175633311272,0.03728808835148811,0.046391017735004425,0.05107121169567108,0.2215493619441986,0.02818097174167633,0.02351674996316433,0.22471776604652405,0.272053062915802,0.26783499121665955,0.43965181708335876,0.24553920328617096,0.02926921844482422,0.02147095650434494,0.0012629032135009766,0.0010049045085906982,0.001543722697533667,1.3803630281472579e-05,0.00014949760225135833,0.0010359089355915785,0.01150418072938919,0.020290691405534744,0.013046146370470524,0.0010793177643790841,0.0005983265000395477,0.0022718787658959627,0.0024123576004058123,0.04035354033112526,0.08006460219621658,0.002000282984226942,0.0003227250126656145,0.004239691887050867,0.007485337555408478,0.0065690637566149235,0.0028757890686392784,0.7926998734474182,0.7902061939239502,0.429181307554245,0.40462547540664673,0.0007170509779825807,0.001047586090862751,9.441569659429661e-07,2.4223136279033497e-06,0.0,376.0
3.739791054613306e-06,0.4624483585357666,0.4210842251777649,0.00026997571694664657,0.00803710613399744,0.006036542821675539,0.0008033812046051025,4.471297870622948e-06,1.7465258679294493e-06,0.17419220507144928,0.1822943538427353,0.14111459255218506,0.25397226214408875,0.021916551515460014,0.015785539522767067,0.23559355735778809,0.3425751030445099,0.09185517579317093,0.04950166121125221,0.6243742108345032,0.4854356050491333,0.0072873253375291824,0.0032505302224308252,0.009299046359956264,0.0021584355272352695,0.01018419861793518,6.461548764491454e-05,0.0003480062587186694,0.0017831193981692195,0.010859218426048756,0.002803146606311202,0.0022976810578256845,0.015359275974333286,3.1998100894270465e-05,0.28491759300231934,0.4519776701927185,0.05002487078309059,0.07229918986558914,0.00335228000767529,0.007692741695791483,0.00186264724470675,0.006019951310008764,0.0031227341387420893,0.013338036835193634,0.8480933308601379,0.8843225240707397,0.1428322046995163,0.40034207701683044,0.751448392868042,0.8217394351959229,2.850060809578281e-06,1.4931873010937124e-05,0.0,377.0
6.264284593271441e-07,0.005390408914536238,0.005474417470395565,0.41144657135009766,0.17862752079963684,0.134497731924057,1.5404357327497564e-05,5.787115355815331e-07,1.3631151318804768e-07,0.0587361678481102,0.0530223585665226,0.035357482731342316,0.044271260499954224,0.010422458872199059,0.20164436101913452,0.2455555945634842,0.033330194652080536,0.22822096943855286,0.18647609651088715,0.35099223256111145,0.10564599931240082,0.01864711381494999,0.009230809286236763,3.6403336707735434e-05,0.014952752739191055,0.06036214530467987,9.157911699730903e-05,0.0052588642574846745,0.00032587608438916504,0.001090537873096764,0.0032076032366603613,0.0029754103161394596,0.006382106337696314,0.0002211669780081138,0.002590297255665064,0.0020278331357985735,0.0004526220727711916,0.002237900858744979,0.8082963824272156,0.005806117784231901,0.19078639149665833,0.06887143850326538,0.03454200178384781,0.010430533438920975,2.3345015165432415e-07,2.1653727344528306e-07,0.00011533233191585168,0.00018885471217799932,1.6452955605927855e-05,2.7322063033352606e-05,7.544193749708938e-07,3.102078665051522e-07,1.0,378.0
5.462619810714386e-06,0.14477574825286865,0.010912652127444744,0.0045983330346643925,0.009609588421881199,0.2579575479030609,3.192714211763814e-05,3.1928284442983568e-06,3.7152062759560067e-06,0.1909540891647339,0.039406947791576385,0.17873796820640564,0.1108383908867836,0.40900918841362,0.012686389498412609,0.009812843054533005,0.44524332880973816,0.06107679754495621,0.1053849533200264,0.2902708947658539,0.5525403022766113,0.002173473360016942,0.02917429432272911,0.00021284064860083163,0.0001454755838494748,0.004436797462403774,0.002302496926859021,0.00046205578837543726,0.1102980226278305,0.0004601328109856695,0.008211886510252953,0.020731525495648384,0.0007692243671044707,0.03671310096979141,0.002453332534059882,0.007567823864519596,0.31753456592559814,0.01769411191344261,0.019734753295779228,8.699518730281852e-06,0.11365815997123718,0.0066312761045992374,0.03167083486914635,0.015083867125213146,0.0009008448105305433,0.00016342327580787241,0.0031419263686984777,0.022945858538150787,0.00013541111547965556,1.2104947018087842e-05,3.054027729376685e-06,2.7380108349461807e-06,1.0,379.0
2.0338029926847412e-08,0.0007301036384887993,0.003612479194998741,0.26042604446411133,0.7220344543457031,0.08569934219121933,3.756193837034516e-05,1.4690958671792487e-08,1.3740485371727118e-07,0.105149045586586,0.3291885554790497,0.026088492944836617,0.39056330919265747,0.2985883057117462,0.010149389505386353,0.0464281290769577,0.5261188745498657,0.41476744413375854,0.03421732783317566,0.35193514823913574,0.07193844765424728,0.031799040734767914,0.0013525319518521428,0.0002175570698454976,0.1125863641500473,0.002333159325644374,7.723262569925282e-06,0.00010422525519970804,0.002737682778388262,0.00011946306767640635,0.020716801285743713,0.011194102466106415,0.0009875100804492831,0.2164837270975113,0.01734180375933647,0.022434519603848457,0.007268057204782963,0.002263718517497182,0.39786142110824585,4.4639688212555484e-07,0.04465201124548912,0.04905562102794647,0.008852411061525345,0.00035150395706295967,1.4427648693526862e-06,1.964205722515544e-07,0.013085504993796349,0.00010078057675855234,1.3224664144217968e-05,9.488304385740776e-06,5.947585123067256e-06,8.115257799090614e-08,1.0,380.0
1.4255007272367948e-06,0.002062489278614521,0.00125115888658911,0.5221649408340454,0.34329596161842346,0.28536543250083923,0.0007398630841635168,1.6319951328114257e-06,1.9535739284037845e-06,0.09917458146810532,0.05345556139945984,0.4182558059692383,0.40925589203834534,0.10744605213403702,0.04072576016187668,0.056563831865787506,0.11212717741727829,0.026141658425331116,0.02063964121043682,0.4015253782272339,0.22614653408527374,0.021060040220618248,0.013970265164971352,0.003823789767920971,0.005820214282721281,0.00887677725404501,1.955443440238014e-05,0.00015080736193340272,0.005454546306282282,0.009719734080135822,0.0005373498424887657,0.0005848521832376719,0.0029800808988511562,0.0045418948866426945,0.37555837631225586,0.4694810211658478,0.06341629475355148,0.2060580998659134,0.0018624699441716075,5.362697993405163e-05,0.01361991185694933,0.031421318650245667,0.006103185471147299,0.00856593158096075,0.7407561540603638,0.8010574579238892,0.01106418389827013,0.049082912504673004,0.601733922958374,0.6324212551116943,3.347379561091657e-06,5.852145022799959e-06,0.0,381.0
6.999452466516232e-07,0.0004131393798161298,0.00019281491404399276,0.333689421415329,0.8510701060295105,0.7613236904144287,1.8198466932517476e-05,6.665554792562034e-07,2.648032477736706e-07,0.0017482717521488667,0.0015588945243507624,0.01620553247630596,0.021803895011544228,0.46540191769599915,0.004098617006093264,0.004176211077719927,0.5093482732772827,0.3662968575954437,0.3047797977924347,0.053204245865345,0.006577181164175272,0.2367066591978073,0.1331951767206192,4.980374069418758e-05,0.00471907714381814,0.05828642472624779,0.0009944873163476586,0.0011052032932639122,0.0005326969549059868,0.0025713390205055475,0.0001843669597292319,0.00017820741049945354,0.0671263337135315,0.005923615302890539,0.008330478332936764,0.008424031548202038,0.0002253647689940408,0.0067486451007425785,0.9084166288375854,0.0008438402437604964,0.032023265957832336,0.016285892575979233,0.026638999581336975,0.1106950044631958,1.0566443506832002e-06,2.3692850845691282e-06,1.0878949979087338e-05,0.00024302818928845227,0.0004134815826546401,0.0011705667711794376,2.7675739602273097e-06,3.012438014593499e-07,1.0,382.0
5.541475616155367e-07,0.038384776562452316,0.04624415934085846,0.022390075027942657,0.09123925119638443,0.034915726631879807,3.1951840355759487e-05,1.7325415058166982e-07,9.674196377318367e-08,0.2159828245639801,0.12463220953941345,0.10713690519332886,0.11088297516107559,0.2023702710866928,0.01494690403342247,0.026391711086034775,0.18868744373321533,0.08875629305839539,0.0901017114520073,0.5756399631500244,0.3844311833381653,0.0037763500586152077,0.00196993350982666,0.00011288572568446398,0.00830061361193657,0.10007218271493912,0.00010020330955740064,0.0037487761583179235,0.0007197405211627483,0.0031892675906419754,0.0004515335604082793,0.0007627040613442659,0.0011776339961215854,0.0005183540633879602,0.019263023510575294,0.014522627927362919,0.0023372273426502943,0.03804388269782066,0.012532621622085571,0.0004221430863253772,0.03209639713168144,0.04956736043095589,0.0039005563594400883,0.006924786604940891,2.2768688722862862e-05,5.9203066484769806e-05,3.3631666155997664e-05,0.0036989757791161537,0.00012198205513413996,0.00023281711037270725,5.011164603274665e-07,1.1530370329637663e-06,1.0,383.0
5.812553354189731e-07,0.00655370345339179,0.006429244764149189,0.018790187314152718,0.28965330123901367,0.17811068892478943,3.640350769273937e-05,2.1522582471789065e-07,1.982739945560752e-07,0.012217026203870773,0.010789696127176285,0.028722604736685753,0.024271992966532707,0.007325818762183189,0.3253886103630066,0.35439643263816833,0.005644795950502157,0.2661077082157135,0.24824407696723938,0.20042245090007782,0.150499626994133,0.03377727419137955,0.03360894322395325,0.0002484986325725913,0.00011296281445538625,0.012706007808446884,0.00029564209398813546,0.002866973401978612,0.005272821523249149,0.02422874979674816,3.816715252469294e-05,2.948749897768721e-05,0.004079713020473719,0.00023130611225496978,0.0034358480479568243,0.002719538053497672,0.06593378633260727,0.08043382316827774,0.006296444218605757,0.0074089448899030685,0.0015126351499930024,0.0029915787745267153,0.0006519846501760185,0.007124780677258968,0.0400053896009922,0.05320160463452339,0.005922767799347639,0.001747115165926516,0.00018350091704633087,0.00034586628316901624,1.031798092299141e-06,3.339544321079302e-07,0.0,384.0
7.194163345047855e-07,0.0003681733214762062,0.0006622322252951562,0.38960129022598267,0.57468181848526,0.6193379163742065,7.815082426532172e-06,3.081863724219147e-06,8.114263891911833e-07,0.024143951013684273,0.004283948335796595,0.11813255399465561,0.08207448571920395,0.01786189153790474,0.30609336495399475,0.2797909379005432,0.009228645823895931,0.07639207690954208,0.11219547688961029,0.05657833814620972,0.12363293021917343,0.015167857520282269,0.13476231694221497,3.9184877095976844e-05,9.746348951011896e-05,0.008904660120606422,0.009073581546545029,0.00080794224049896,0.00041359590250067413,0.0004459776682779193,0.009055948816239834,0.006178895011544228,0.004857226274907589,0.001335386885330081,0.0009610594715923071,0.001739230938255787,0.007337065879255533,0.003410757053643465,0.6063752174377441,0.001404473907314241,0.04305284097790718,0.003715431783348322,0.036920759826898575,0.034188609570264816,1.0016903615905903e-05,4.508219262788771e-06,0.0024266832042485476,0.0011559728300198913,6.82005993439816e-05,5.375442196964286e-05,5.1063025239272974e-06,3.0827118280285504e-07,2.0,385.0
1.0819536555572995e-06,0.1695999801158905,0.12141496688127518,0.011478349566459656,0.015158002264797688,0.02182556502521038,5.15625361003913e-05,9.268514844507081e-08,1.2685930528277822e-07,0.043096791952848434,0.03816043958067894,0.03488660603761673,0.04684869199991226,0.017412329092621803,0.12267226725816727,0.16952383518218994,0.04752584919333458,0.20963922142982483,0.1700785905122757,0.23717275261878967,0.09929942339658737,0.015901660546660423,0.010314013808965683,0.00014352251309901476,0.00047359216841869056,0.0022956575267016888,2.6255484044668265e-05,0.00035080377710983157,0.007556840777397156,0.04949774220585823,5.758615952800028e-05,3.728855153894983e-05,0.0011548507027328014,0.0021149413660168648,0.001075437292456627,0.0005516277742572129,0.05279511585831642,0.11277200281620026,0.00345253711566329,0.0005698290769942105,0.0027206011582165956,0.002295292681083083,0.006525271572172642,0.02176862768828869,0.14600573480129242,0.2026258409023285,0.005465660244226456,0.001443296205252409,0.001378596294671297,0.0036942691076546907,7.804029564795201e-07,4.4991344338995987e-07,0.0,386.0
5.466888069349807e-06,0.3356056213378906,0.16177679598331451,0.004065589979290962,0.003824712708592415,0.01188894547522068,0.00040768171311356127,1.544411475151719e-06,6.732661290698161e-07,0.3225368857383728,0.24661660194396973,0.06347084045410156,0.09852029383182526,0.06164366379380226,0.07109253108501434,0.08989172428846359,0.09444233030080795,0.1907750815153122,0.14495296776294708,0.6814412474632263,0.4247661828994751,0.003063052659854293,0.0017422387609258294,0.00272455089725554,0.006333901546895504,0.023936837911605835,3.12307893182151e-05,0.0013380609452724457,0.006529099307954311,0.0070058549754321575,0.00012830748164560646,0.00012384688307065517,0.043296001851558685,0.00869231391698122,0.05699477344751358,0.068985715508461,0.03706376254558563,0.07873404026031494,0.015738438814878464,0.00010025990195572376,0.001120363362133503,0.008141274563968182,0.0015514054102823138,0.01685691997408867,0.9058929085731506,0.9115437269210815,0.026309816166758537,0.0617004819214344,0.22102698683738708,0.2499772161245346,2.2217632249521557e-06,4.0999821067089215e-06,0.0,387.0
2.678546593415376e-07,0.00017104622384067625,7.241449930006638e-05,0.6895527839660645,0.8174092769622803,0.8897970914840698,1.239919220097363e-05,1.9479555248835823e-06,4.52931317340699e-07,0.6607193946838379,0.5228697061538696,0.7649403810501099,0.7901905179023743,0.02271692268550396,0.2730865478515625,0.26555782556533813,0.019651412963867188,0.00352405640296638,0.005044703371822834,0.34590601921081543,0.4904402196407318,0.0003856795374304056,0.0011487641604617238,0.00010009968536905944,0.0002653390693012625,0.004020667634904385,0.0013379158917814493,0.0004700282297562808,0.0008053815108723938,0.003631078638136387,0.001071963575668633,0.0008577750995755196,0.0029793684370815754,0.0003546623629517853,0.0010352120734751225,0.0013220665277913213,0.010950375348329544,0.007983646355569363,0.18774832785129547,0.0058425054885447025,0.006283580791205168,0.0015831730561330914,0.005946337711066008,0.018101278692483902,0.0003787231398746371,0.000283708272036165,0.0016704614972695708,0.003968545701354742,0.00014675850979983807,8.85509216459468e-05,9.152234270004556e-06,5.775140721198113e-07,1.0,388.0
1.3666430049852352e-06,0.01982244849205017,0.021532591432332993,0.010509084910154343,0.37411925196647644,0.2546449899673462,1.900501774798613e-05,3.4014411198768357e-07,3.2697569167794427e-06,0.0019818120636045933,0.0010317694395780563,0.09328163415193558,0.09879756718873978,0.038158878684043884,0.16014383733272552,0.1303183138370514,0.020998254418373108,0.11747369170188904,0.08288992196321487,0.032111041247844696,0.01575968973338604,0.28224244713783264,0.34035056829452515,3.667694181785919e-05,0.04450087994337082,0.21238939464092255,0.0008833727915771306,0.009235555306077003,0.0068658385425806046,0.0022688463795930147,2.860979293473065e-05,7.48103266232647e-05,0.030244026333093643,0.03561069816350937,0.006962469778954983,0.008932824246585369,0.00026976779918186367,0.0009600624325685203,0.9963361024856567,0.0003403293958399445,0.5093749761581421,0.44459882378578186,0.012408560141921043,0.0033890518825501204,8.079946489658596e-09,5.158546478867265e-09,5.83068583637214e-07,6.947544170543551e-05,5.444634552986827e-06,2.783158151942189e-06,2.8094814297219273e-06,3.3114960729108134e-07,1.0,389.0
7.15208557267033e-07,0.2221042662858963,0.2598799467086792,0.024572281166911125,0.004052568692713976,0.005963507574051619,3.398940316401422e-05,5.8878104169934886e-08,1.3546772947847785e-07,0.5951380729675293,0.47722485661506653,0.5632838606834412,0.5622251629829407,0.2978181838989258,0.013937408104538918,0.02093353308737278,0.2853717803955078,0.011361886747181416,0.012845552526414394,0.48829594254493713,0.4091483950614929,0.0009132539271377027,0.0005613243556581438,0.00012369155592750758,0.0023714518174529076,0.005856506992131472,1.2599552974279504e-05,0.0022009441163390875,0.0027462244033813477,0.00467684306204319,5.085906741442159e-05,3.6034933145856485e-05,0.0015947812935337424,0.01226581446826458,0.0004938355996273458,0.00041110985330305994,0.023671330884099007,0.04102495685219765,0.007362214382737875,5.989404598949477e-05,0.003581709461286664,0.02478490024805069,0.0012831204803660512,0.0016855922294780612,0.5193225145339966,0.5477592349052429,0.006863043177872896,0.0038434399757534266,0.00041115726344287395,0.0008130244095809758,1.8871000406761596e-07,6.073684062357643e-07,1.0,390.0
1.359753696306143e-07,0.01005485188215971,0.29716259241104126,0.020599281415343285,0.14770765602588654,0.004165684338659048,0.000499028479680419,1.2995367626444931e-07,1.7499543503163295e-07,0.48646336793899536,0.6313114166259766,0.48735684156417847,0.42809054255485535,0.057645462453365326,0.1508343517780304,0.15291136503219604,0.05795048922300339,0.028194738551974297,0.017555922269821167,0.3656439781188965,0.23587244749069214,0.0036425881553441286,0.00017566482711117715,0.005712474696338177,0.08019538223743439,0.18771958351135254,0.00023547346063423902,0.00025362116866745055,0.00034204733674414456,0.018848273903131485,0.00870723370462656,0.009678102098405361,0.009081435389816761,1.3995247172715608e-05,0.9154669046401978,0.8123781085014343,0.00041404698276892304,0.014052649028599262,0.0042467257007956505,0.003669533645734191,0.0004519023059401661,0.00909503549337387,0.0001734043617034331,0.005418585147708654,0.0016376464627683163,0.012385067529976368,0.009691858664155006,0.2938039302825928,0.027170559391379356,0.2318306416273117,2.1328491129679605e-05,1.7523885844639153e-06,1.0,391.0
8.608321877545677e-07,0.0007508168346248567,0.0003360681876074523,0.32067859172821045,0.5507855415344238,0.49925822019577026,3.901392119587399e-05,5.343022735360137e-07,3.934167693842028e-07,0.5915846228599548,0.5437460541725159,0.5086336731910706,0.5163156986236572,0.034675534814596176,0.20837855339050293,0.19106921553611755,0.011703048832714558,0.01673526130616665,0.014126211404800415,0.5706170797348022,0.4954930543899536,0.0007173243211582303,0.00048242625780403614,0.0001986251591006294,0.0032789891120046377,0.039332740008831024,6.980197213124484e-05,0.020759981125593185,0.011238477192819118,0.0007299233693629503,0.0007336540147662163,0.0010587882716208696,0.004949658177793026,0.0011410644510760903,0.0016802073223516345,0.006249243393540382,0.040710896253585815,0.004252627491950989,0.18161816895008087,0.0008498016395606101,0.01279384270310402,0.002545008435845375,0.0028284844011068344,0.0024611300323158503,0.0006118412711657584,0.00022735854145139456,0.0016014407156035304,0.0035341440234333277,9.15792043088004e-05,3.686982381623238e-05,3.0331759717228124e-06,5.148070840732544e-07,1.0,392.0
2.3842039809096605e-06,0.001906967838294804,0.0006384813459590077,0.7399821281433105,0.12740793824195862,0.1597147434949875,0.0010979159269481897,8.393260031880345e-06,4.405244453664636e-06,0.04607820138335228,0.011889645829796791,0.21512578427791595,0.21991747617721558,0.11300382018089294,0.11180707812309265,0.04731016606092453,0.04895492270588875,0.05373302847146988,0.04754498600959778,0.3397737443447113,0.13524457812309265,0.023981833830475807,0.05822501331567764,0.005801671650260687,0.0055351778864860535,0.3897765576839447,0.002109360648319125,0.003809507004916668,0.006132521200925112,0.015989094972610474,0.03854389488697052,0.037121161818504333,0.004100458696484566,3.6227782402420416e-05,0.45423659682273865,0.5302833318710327,0.011376775801181793,0.01572457328438759,0.0020943693816661835,0.001152465003542602,0.005511455703526735,0.01293413806706667,0.000919253274332732,0.006017492152750492,0.19573359191417694,0.27109965682029724,0.1899501085281372,0.605746865272522,0.01950804330408573,0.029987609013915062,3.6123828976997174e-06,6.9490292844420765e-06,1.0,393.0
5.253784820524743e-07,0.04103779047727585,0.07312899827957153,0.05591161176562309,0.21931283175945282,0.07676142454147339,5.639888058794895e-06,3.6832966543443035e-07,2.2962008472404705e-07,0.023603783920407295,0.13336648046970367,0.02748064137995243,0.050725482404232025,0.023344866931438446,0.09857457876205444,0.1856946349143982,0.07915086299180984,0.19746656715869904,0.15580987930297852,0.06812027096748352,0.12748287618160248,0.024202916771173477,0.00651228241622448,4.925542452838272e-05,1.2445761967683211e-05,0.0004782521282322705,0.003730716882273555,1.1727333003364038e-05,0.0006945721106603742,0.0012405426241457462,0.015213669277727604,0.01532075833529234,0.000824515416752547,8.423346298513934e-05,0.0010068047558888793,0.0012576974695548415,0.018996285274624825,0.0070946780033409595,0.24221214652061462,0.01019649114459753,0.009673601016402245,0.0006387588218785822,0.02585640363395214,0.02542947418987751,4.7889032430248335e-05,5.116247120895423e-05,0.001709689386188984,0.01197354681789875,5.3613530326401815e-05,3.75506206182763e-05,2.8335252864053473e-05,6.203295015438925e-07,2.0,394.0
5.476286332850577e-06,0.44677475094795227,0.6345713138580322,0.0006671326700598001,0.0007247364264912903,0.0017307293601334095,0.0001844212820287794,1.2612566706593498e-06,2.3926022549858317e-06,0.13200192153453827,0.1755906641483307,0.01749502681195736,0.04187101498246193,0.044061657041311264,0.11142696440219879,0.2150547355413437,0.12217121571302414,0.40786758065223694,0.285561203956604,0.5697294473648071,0.3428591191768646,0.00557137792930007,0.004688281565904617,0.0013755140826106071,2.2677697415929288e-05,0.05722896754741669,0.32048115134239197,0.0020770221017301083,0.13508395850658417,0.000916339922696352,0.00011271468974882737,0.0004569289740175009,0.05767682567238808,0.000920621445402503,0.19482536613941193,0.5952422618865967,0.02903963439166546,0.0009611502755433321,0.48201635479927063,0.00074307422619313,0.02744324319064617,0.07333427667617798,0.0012563966447487473,0.005781126208603382,1.6402744222432375e-05,3.4196334581793053e-06,1.4462430954154115e-05,0.0048005725257098675,0.0029599680565297604,0.00018331922183278948,1.5249318494170438e-05,3.726803015524638e-06,1.0,395.0
9.819657861953601e-06,0.00010797013965202495,4.6583554649259895e-05,0.8023908138275146,0.7859159111976624,0.8557679653167725,7.072372682159767e-05,1.5557068309135502e-06,1.0040009328804445e-05,0.023329783231019974,0.003132888814434409,0.29108235239982605,0.261605441570282,0.6030216813087463,0.006603589281439781,0.004134845454245806,0.5566574931144714,0.032484203577041626,0.04534965381026268,0.06825249642133713,0.024007724598050117,0.03549186885356903,0.2512265741825104,0.0004999053780920804,0.0008283848874270916,0.0017963192658498883,0.00035936562926508486,7.567580178147182e-05,0.30276042222976685,0.007253651972860098,0.0029773563146591187,0.00843937136232853,0.001291093067266047,0.692419171333313,0.0017808099510148168,0.0017882685642689466,0.18696630001068115,0.06102122738957405,0.0013390701496973634,1.9818740781829547e-07,0.028035076335072517,0.011110659688711166,0.01854991354048252,0.03372460976243019,0.2713695168495178,0.1330001950263977,0.00561314495280385,0.26801300048828125,0.0012112308759242296,0.0005133780068717897,8.394092219532467e-06,6.093657702876953e-06,1.0,396.0
1.5783680282766e-06,0.16010431945323944,0.13095912337303162,0.005936123430728912,0.015711117535829544,0.019806044176220894,2.4266128093586303e-05,2.3134290927373513e-07,4.0924479094428534e-07,0.6608445644378662,0.5895915031433105,0.8478180170059204,0.8398166298866272,0.037085507065057755,0.20064683258533478,0.17809292674064636,0.012963117100298405,0.002463053911924362,0.0017495645442977548,0.5362895131111145,0.27696749567985535,0.0007450202247127891,0.0004890564596280456,0.00016149051953107119,6.408535409718752e-05,0.0014172602677717805,0.003878024173900485,8.247325604315847e-05,0.8060439229011536,0.4917883276939392,4.177822745532467e-07,1.2966949043402565e-06,0.05119612440466881,0.0006364639266394079,0.003788355737924576,0.004536073189228773,0.019481323659420013,0.04355848953127861,0.33372363448143005,0.028948068618774414,0.005000642966479063,0.005312921479344368,0.01616106554865837,0.15356303751468658,0.001388545730151236,0.0033828825689852238,1.779820081537764e-06,0.0007758485735394061,0.06512081623077393,0.02766823023557663,9.540641258354299e-06,5.908126468057162e-07,0.0,397.0
2.052883928627125e-06,0.015872756019234657,0.009755468927323818,0.0085720494389534,0.5549838542938232,0.39252445101737976,2.150770160369575e-05,2.4940700313891284e-06,1.2849288850702578e-06,0.6590440273284912,0.438224732875824,0.473285436630249,0.4177786111831665,0.004483005031943321,0.43612948060035706,0.47201547026634216,0.006631982512772083,0.012386461719870567,0.03642074018716812,0.6093850135803223,0.5531551837921143,0.00037139729829505086,0.0016010847175493836,0.00013102304365020245,0.00022890049149282277,0.0017392351292073727,9.040359873324633e-05,0.0004591973265632987,0.006429777480661869,9.283654799219221e-05,0.018678562715649605,0.027944378554821014,0.010963049717247486,0.0021391594782471657,0.00013995065819472075,0.0004451757704373449,0.020393695682287216,0.0010325831826776266,0.4176567792892456,0.000259632826782763,0.0018502346938475966,0.00013452900748234242,0.010750101879239082,0.07447613775730133,0.22087517380714417,0.055626798421144485,0.2791631817817688,0.14054276049137115,0.0005445912247523665,0.0003789784968830645,7.210550393210724e-06,1.7053829424185096e-06,1.0,398.0
6.92250580414111e-07,0.1808723360300064,0.10899444669485092,0.0010058899642899632,0.024869414046406746,0.025983301922678947,0.0010953845921903849,3.4416842709106277e-07,6.014814175614447e-07,0.6511399745941162,0.7060847282409668,0.8260302543640137,0.8108916878700256,0.06292793899774551,0.10286752134561539,0.0880994200706482,0.03476222604513168,0.0041456981562078,0.0016582970274612308,0.48652148246765137,0.20931783318519592,0.001175430603325367,0.00023424056416843086,0.0029341706540435553,0.023123174905776978,0.029634879902005196,3.1453972042072564e-05,0.00030821404652670026,0.02370496094226837,0.06636891514062881,0.0009126215009018779,0.0008097882382571697,0.00977446511387825,0.004192848224192858,0.7450201511383057,0.6928236484527588,0.08428183197975159,0.24359118938446045,0.004957604221999645,5.0149887101724744e-05,0.01408076100051403,0.00647815503180027,0.0052816602401435375,0.04709465056657791,0.12636077404022217,0.12058716267347336,0.009083748795092106,0.0035752214025706053,0.5637367963790894,0.5859870910644531,5.651916126225842e-06,3.0878684356139274e-06,2.0,399.0
1.1641325272648828e-06,0.008916041813790798,0.009107270278036594,0.5302904844284058,0.1205720454454422,0.0512048676609993,1.3424773896986153e-05,6.763377200513787e-07,4.880267852058751e-07,0.04950055107474327,0.05439240112900734,0.023673102259635925,0.195071280002594,0.025341123342514038,0.014391666278243065,0.18387135863304138,0.2756025791168213,0.257794052362442,0.047856010496616364,0.42783787846565247,0.04739923030138016,0.01620975136756897,0.007612945046275854,2.927876812464092e-05,0.010505951941013336,0.004661457613110542,7.935532266856171e-06,0.0009984171483665705,0.0011343596270307899,0.001002287957817316,0.009644594974815845,0.00852577667683363,0.0007351863896474242,0.0028592152521014214,0.00018032007210422307,0.0001341590250376612,0.03337274491786957,0.015330931171774864,0.06586359441280365,0.0005578356212936342,0.04351107403635979,0.0025629596784710884,0.21253295242786407,0.038096021860837936,0.00016594590852037072,6.176099850563332e-05,0.0043467506766319275,0.001028526807203889,0.0001489275018684566,0.0001009485058602877,2.6319623884774046e-06,1.360850205855968e-06,1.0,400.0
4.567786163534038e-06,0.015627803280949593,0.012766202911734581,0.13960903882980347,0.09963971376419067,0.08798754960298538,0.00024105506599880755,3.5613841191661777e-06,1.2773939488397446e-06,0.014088197611272335,0.011305367574095726,0.061261050403118134,0.0716167762875557,0.26097363233566284,0.014330671168863773,0.01740344800055027,0.25209155678749084,0.14928366243839264,0.14064007997512817,0.18263529241085052,0.0415528304874897,0.06984757632017136,0.031089797616004944,0.0006811341154389083,0.044032130390405655,0.4325982928276062,0.0006708333967253566,0.002006717724725604,0.0011394736357033253,0.0075677670538425446,0.47535771131515503,0.5850684642791748,0.003177021164447069,0.000152273423736915,0.15368470549583435,0.09139187633991241,0.0025547482073307037,0.027627600356936455,0.007276804652065039,0.00039608174120076,0.017068147659301758,0.0195508673787117,0.004542351700365543,0.013258214108645916,7.502967491745949e-05,0.0001495683245593682,0.0027888519689440727,0.1368045210838318,0.0011682759504765272,0.001983642578125,1.4464596461039037e-05,1.6080308341770433e-05,1.0,401.0
1.726945697555493e-06,0.0006686979322694242,0.0006265303236432374,0.5626084804534912,0.7737284898757935,0.580254852771759,2.813562059600372e-05,2.1748337530880235e-06,3.4833237805287354e-06,0.0006952387047931552,0.00021838131942786276,0.18346574902534485,0.14843899011611938,0.06919270753860474,0.26567062735557556,0.06590449810028076,0.008536316454410553,0.03496825695037842,0.04138244315981865,0.004477828741073608,0.001662087393924594,0.4503019452095032,0.5775140523910522,8.993540541268885e-05,0.002153518609702587,0.3266230523586273,0.010358504019677639,0.0007793255499564111,0.005368197336792946,0.0023879813961684704,0.0018742845859378576,0.003840653458610177,0.13416548073291779,0.0028283281717449427,0.038987040519714355,0.062232330441474915,0.00038003959343768656,0.0012794240610674024,0.859102189540863,0.0008671303512528539,0.025840193033218384,0.011649860069155693,0.01814386248588562,0.18978449702262878,2.627641151775606e-06,2.924866066678078e-06,3.014167486981023e-05,0.0019374146359041333,0.015220880508422852,0.014617841690778732,1.6534306269022636e-05,1.3296103134052828e-06,1.0,402.0
7.556369610028923e-07,0.004822057206183672,0.008803732693195343,0.3145415186882019,0.19274157285690308,0.04762418940663338,2.584885987744201e-05,5.31757507360453e-07,5.074448381492402e-07,0.4617478847503662,0.4065415561199188,0.5424995422363281,0.49810904264450073,0.026436971500515938,0.138998880982399,0.17319944500923157,0.03886866569519043,0.015283581800758839,0.013601020909845829,0.41279929876327515,0.42786073684692383,0.003029228886589408,0.0005000335513614118,0.0012280583614483476,0.0009043394820764661,0.00030163093470036983,4.623071163223358e-06,1.8728978830040433e-05,0.001618633628822863,0.011881107464432716,0.05239960178732872,0.06342731416225433,0.00039369959267787635,0.00017157137335743755,0.002141049597412348,0.0018669794080778956,0.06071312725543976,0.1049962192773819,0.001193181611597538,0.0004562221874948591,0.0016750018112361431,0.0013334552058950067,0.007953871041536331,0.00764163164421916,0.028125779703259468,0.024053869768977165,0.5349956154823303,0.8875600695610046,0.003351036226376891,0.005568562541157007,1.4800436474615708e-05,1.0582014056126354e-06,0.0,403.0
4.977053322363645e-06,0.11338098347187042,0.04554840922355652,0.006040813401341438,0.030946264043450356,0.09931923449039459,0.00023154111113399267,9.521875199425267e-07,1.1347851796017494e-06,0.20710422098636627,0.13386519253253937,0.29932674765586853,0.30615848302841187,0.010968593880534172,0.20760098099708557,0.23077218234539032,0.030431397259235382,0.03423776105046272,0.028641240671277046,0.3146803379058838,0.3607428967952728,0.004724622704088688,0.0054931798949837685,0.000494704581797123,0.0003783638821914792,0.0018626623786985874,3.6432367778616026e-05,0.0001010593623504974,0.008792251348495483,0.0015778449596837163,0.00891304761171341,0.01066991314291954,0.0009875905234366655,0.007689091842621565,0.004820976871997118,0.009231559932231903,0.052190762013196945,0.037988170981407166,0.0026469777803868055,2.221794602519367e-05,0.010682680644094944,0.007581534795463085,0.032032113522291183,0.05001144856214523,0.7825260162353516,0.6375811100006104,0.034709516912698746,0.06186199560761452,0.30763956904411316,0.24927416443824768,1.9543658709153533e-06,5.255225460132351e-06,0.0,404.0
9.992467084884993e-07,0.48462677001953125,0.3000904619693756,0.006451508495956659,0.002004313515499234,0.007163877133280039,0.0012039280263707042,1.8498463987270952e-06,9.234033200300473e-07,0.5897365212440491,0.47756391763687134,0.6298998594284058,0.6329528093338013,0.02508583851158619,0.2212590128183365,0.2270786464214325,0.01630091853439808,0.012470235116779804,0.009041734971106052,0.54899001121521,0.27931883931159973,0.0015308340080082417,0.0009188512922264636,0.0058255745097994804,0.00357228540815413,0.03355260565876961,0.0004531127051450312,0.00018655990425031632,0.0040082004852592945,0.004485091660171747,0.03363886848092079,0.028466079384088516,0.029758546501398087,0.002121340250596404,0.7523771524429321,0.8316611051559448,0.006041890010237694,0.008896260522305965,0.02803650312125683,2.3716274881735444e-05,0.00503678759559989,0.0020030816085636616,0.0027328776195645332,0.04644601419568062,0.6405712366104126,0.6079047322273254,0.1027221605181694,0.03622802346944809,0.6775134801864624,0.6347836852073669,3.9715478123980574e-06,5.92000378674129e-06,1.0,405.0
2.632125642776373e-06,0.0023530267644673586,0.03125089034438133,0.0425252765417099,0.7549867630004883,0.1635265350341797,3.6865043512079865e-05,2.273088966830983e-06,4.6242828943832137e-07,0.5456420183181763,0.589970588684082,0.44908925890922546,0.4435335397720337,0.004417933523654938,0.34094759821891785,0.3400226831436157,0.015266490168869495,0.015467342920601368,0.021191006526350975,0.5526150465011597,0.5803527235984802,0.0007182396366260946,0.0004353895492386073,0.00011006123531842604,0.0005075281369499862,0.019010702148079872,0.0003343646530993283,0.009660503827035427,0.0002494053333066404,0.0015146537916734815,0.1281052827835083,0.0882343277335167,0.0031166065018624067,0.007466400973498821,0.0005465287831611931,0.0005216559511609375,0.008001208305358887,0.02406253106892109,0.23119525611400604,0.00010839041351573542,0.0493551567196846,0.0026028563734143972,0.024457473307847977,0.01879514381289482,0.00023544787836726755,0.0002548394550103694,0.015067320317029953,0.013873892836272717,1.5001424799265806e-05,1.450959280191455e-05,1.751384502313158e-06,2.0345396478660405e-06,1.0,406.0
4.232553692418151e-06,0.10785944014787674,0.09624961763620377,0.017385272309184074,0.024351155385375023,0.01626880280673504,0.0005450996686704457,3.139628461212851e-06,1.1463050668680808e-06,0.16271382570266724,0.09419900923967361,0.274344801902771,0.23501595854759216,0.03377184644341469,0.1031753197312355,0.1331578642129898,0.05978396162390709,0.05054507404565811,0.053209688514471054,0.47269168496131897,0.5854220390319824,0.008633481338620186,0.007979346439242363,0.0023168425541371107,0.00047418076428584754,0.01844976842403412,0.000328284950228408,0.0005595932598225772,0.001995502505451441,0.009772459045052528,0.0038869203999638557,0.0032182931900024414,0.0014860315714031458,4.73341642646119e-05,0.07669856399297714,0.10767216235399246,0.050089236348867416,0.09205236285924911,0.00045078652328811586,0.003563292557373643,0.011458087712526321,0.06144162639975548,0.003927363082766533,0.008014806546270847,0.7802713513374329,0.8164263963699341,0.06797586381435394,0.13271692395210266,0.15471383929252625,0.20459114015102386,1.3343865248316433e-06,9.486720955464989e-06,0.0,407.0
1.0333797035855241e-06,6.025656693964265e-05,4.961460581398569e-05,0.48051804304122925,0.9183118939399719,0.7534571886062622,3.776501398533583e-05,4.764407890434086e-07,1.664582214289112e-07,0.5210686922073364,0.6870701909065247,0.7699406147003174,0.7394956350326538,0.19657424092292786,0.03860482573509216,0.025310175493359566,0.15671993792057037,0.007366788107901812,0.0019052576972171664,0.47945886850357056,0.1186506599187851,0.00346427783370018,0.00012730144953820854,9.339460666524246e-05,0.005968680139631033,0.0032771367114037275,1.73154185176827e-05,0.00041342308395542204,0.0006275600171647966,0.005418130662292242,0.08089059591293335,0.07450176030397415,0.000246235664235428,0.0020917123183608055,0.0009459583670832217,0.000428838306106627,0.02783067151904106,0.30887362360954285,0.005969636142253876,0.00022311214706860483,0.08140257745981216,0.005741406697779894,0.310379296541214,0.03758666291832924,0.0004262464353814721,0.0005952396895736456,0.005901203025132418,0.016143018379807472,0.0003801737038884312,0.00048507374594919384,5.694202172890073e-06,7.550239047304785e-07,2.0,408.0
1.5220692830553162e-06,0.23638427257537842,0.21329981088638306,0.002540318528190255,0.012977742590010166,0.008580063469707966,0.0010761776939034462,1.5399008361782762e-06,1.1224527725062217e-06,0.21624000370502472,0.16015885770320892,0.14246204495429993,0.20009110867977142,0.1315041482448578,0.011480103246867657,0.051847875118255615,0.3441183567047119,0.09673325717449188,0.06827297061681747,0.668604850769043,0.3496688902378082,0.008192990906536579,0.0034996583126485348,0.008848157711327076,0.0061070858500897884,0.027733946219086647,7.743746391497552e-05,0.0003081773465964943,0.0021598765160888433,0.008152599446475506,0.0007079665083438158,0.000578268023673445,0.010285155847668648,8.597744454164058e-05,0.6106042861938477,0.7568694353103638,0.028098737820982933,0.05013618245720863,0.0022483079228550196,0.001825746730901301,0.0018687645206227899,0.02311420999467373,0.0008658740553073585,0.006278333719819784,0.7644770741462708,0.8056720495223999,0.053805332630872726,0.17015227675437927,0.59248948097229,0.6636465787887573,3.146903736706008e-06,1.0275120075675659e-05,0.0,409.0
2.891557187467697e-06,0.03581373393535614,0.025541311129927635,0.049878351390361786,0.048804398626089096,0.06172865629196167,1.897023139463272e-05,1.1138585875869467e-07,4.15226281802461e-07,0.5083547234535217,0.4810900092124939,0.7600580453872681,0.7248784303665161,0.05845297873020172,0.10090775042772293,0.08467014878988266,0.04202248156070709,0.0057718814350664616,0.0037937869783490896,0.4054450988769531,0.2688698470592499,0.0012295511551201344,0.0005964254378341138,1.887898542918265e-05,0.0006398519035428762,0.00124053203035146,1.509523735876428e-05,0.0001193164280266501,0.07490040361881256,0.03437265753746033,0.0018325765850022435,0.002567835384979844,2.8133688829257153e-05,0.0025687075685709715,5.78372273594141e-05,4.7446013923035935e-05,0.5033789873123169,0.45268818736076355,0.00011473900667624548,0.00024707239936105907,0.025143131613731384,0.007406013552099466,0.5452350378036499,0.03305007144808769,0.11467468738555908,0.09150903671979904,0.005815398879349232,0.016446663066744804,0.0007052046130411327,0.0008049659663811326,1.2201388699395466e-06,1.3353323993214872e-06,2.0,410.0
1.7983236375584966e-06,0.0020097203087061644,0.0008268774254247546,0.5079725384712219,0.1518099009990692,0.4430708587169647,0.0005968473269604146,1.1298665185677237e-06,8.224824341596104e-06,0.0218461062759161,0.00506649911403656,0.17069312930107117,0.19700226187705994,0.016847802326083183,0.32484644651412964,0.33332931995391846,0.007423111703246832,0.05879871919751167,0.05637950822710991,0.06588735431432724,0.01924782805144787,0.0453549288213253,0.15363240242004395,0.0007142690010368824,0.013900437392294407,0.44496726989746094,0.008067217655479908,0.0037595408502966166,0.09670084714889526,0.009349029511213303,0.012998086400330067,0.027029771357774734,0.0009940871968865395,0.00925549864768982,0.28008174896240234,0.3246789574623108,0.026260673999786377,0.015366388484835625,0.0020526484586298466,1.0941127584374044e-05,0.04605885595083237,0.0706479549407959,0.007192862220108509,0.007820002734661102,0.0003944402269553393,0.00017092443886213005,0.0010511530563235283,0.004440600052475929,0.0011919558746740222,0.0001843679929152131,9.313832379120868e-06,4.601802629622398e-06,1.0,411.0
4.1814618612079357e-07,0.0002445149584673345,0.00016938798944465816,0.6646506786346436,0.6186699867248535,0.4027012586593628,0.00010306386684533209,4.447345816060988e-07,1.5960704331519082e-06,0.025475099682807922,0.012813527137041092,0.7074028849601746,0.7453886270523071,0.22195225954055786,0.06532148271799088,0.012454536743462086,0.09081635624170303,0.005728046875447035,0.0020070853643119335,0.020303335040807724,0.013560350053012371,0.04151410609483719,0.08642976731061935,0.0011222679167985916,0.0013193117920309305,0.0027356198988854885,6.507195939775556e-05,3.7660967791453004e-05,0.042557910084724426,0.05429729446768761,0.000688329164404422,0.0013751690275967121,0.0014433423057198524,0.0004146479768678546,0.07024680078029633,0.08699057251214981,0.24065019190311432,0.5528719425201416,0.00068108388222754,0.0019323354354128242,0.015413325279951096,0.040567170828580856,0.009595091454684734,0.023727085441350937,0.010583499446511269,0.01140998862683773,0.0007708978955633938,0.013571331277489662,0.007984311319887638,0.007482521235942841,1.6722651707823388e-05,2.681033265616861e-06,0.0,412.0
1.0283422398060793e-06,0.0014515548245981336,0.0004914378514513373,0.5917648077011108,0.6196240186691284,0.6377323865890503,6.679883517790586e-05,2.3083337907792156e-07,1.2294329962969641e-06,0.003025767393410206,0.002787083387374878,0.011648164130747318,0.07202377170324326,0.40555545687675476,0.09596748650074005,0.004399728029966354,0.09304815530776978,0.44553595781326294,0.11398714035749435,0.07480431348085403,0.0074839345179498196,0.24157479405403137,0.1474303901195526,9.609398694010451e-05,0.019502462819218636,0.31454282999038696,0.003366154618561268,0.019103385508060455,0.007827427238225937,0.029335234314203262,1.666725984250661e-05,2.4771235985099338e-05,0.08236473798751831,0.0005557708791457117,0.02078918181359768,0.041211873292922974,0.0003896341077052057,0.003708140691742301,0.9821004271507263,0.015916673466563225,0.19518260657787323,0.22569157183170319,0.010229341685771942,0.003137971041724086,7.938812984775723e-08,1.2915774050270556e-07,6.381169441738166e-07,4.168191662756726e-05,1.5125440768315457e-05,1.348496698483359e-05,2.6917907689494314e-06,2.2387565934423037e-07,1.0,413.0
5.032077751820907e-06,0.6113116145133972,0.5492792725563049,0.0003239080251660198,0.0019214071799069643,0.0045451573096215725,1.9717896066140383e-05,3.526495220285142e-06,4.788171281688847e-07,0.15303312242031097,0.10669652372598648,0.011368123814463615,0.01022147573530674,0.04447876662015915,0.03284325450658798,0.10168921202421188,0.1698373258113861,0.5486103296279907,0.5284035801887512,0.5522506833076477,0.2483718991279602,0.004868973977863789,0.005488079972565174,5.878031151951291e-05,0.01433977298438549,0.01272012572735548,2.8701066185021773e-05,0.000584989960771054,0.0009096192079596221,0.0011885991552844644,0.01707799732685089,0.01449129730463028,0.02660350501537323,0.000501578557305038,0.00234286580234766,0.002547116717323661,0.0013738698326051235,0.0032330115791410208,0.8572973012924194,0.005142709240317345,0.10152634978294373,0.017248256132006645,0.3206409811973572,0.4158826470375061,3.6351848393678665e-06,1.9961207726737484e-06,0.0004024679074063897,0.0004327500064391643,0.0016978434287011623,0.0028093208093196154,1.9890421754098497e-06,1.8266727010995965e-06,1.0,414.0
2.151532953575952e-06,0.5707376003265381,0.5969691872596741,0.0002215316635556519,0.0010815513087436557,0.0005194135592319071,2.0243507606210187e-05,9.335224149253918e-08,1.9662222427996312e-07,0.31677019596099854,0.18795830011367798,0.3447299599647522,0.31168368458747864,0.07424362748861313,0.05584601312875748,0.07118052244186401,0.09493156522512436,0.043473709374666214,0.04162530228495598,0.6890057325363159,0.5437869429588318,0.002441926160827279,0.002611457835882902,1.5956647985149175e-05,0.0009930827654898167,0.015776118263602257,3.227218985557556e-05,0.003965598996728659,0.007147189229726791,0.05696950852870941,0.001981509616598487,0.0020731149706989527,1.9092978618573397e-05,0.0002707991225179285,0.0001390538236591965,6.67569984216243e-05,0.14146128296852112,0.3926641345024109,0.00016867190424818546,0.0012769793393090367,0.31817716360092163,0.1306713968515396,0.3461703956127167,0.003914425615221262,0.0029233070090413094,0.00476076127961278,0.0022903678473085165,0.005901133641600609,2.024804416578263e-05,5.3570711315842345e-05,4.3093233870195036e-08,5.952573474132805e-07,1.0,415.0
6.878611316096794e-07,0.38711825013160706,0.2565250098705292,0.0004010235716123134,0.003814449068158865,0.021570628508925438,0.0012237757910043001,1.1614422419370385e-06,2.122020077877096e-06,0.3021402657032013,0.12861385941505432,0.031401943415403366,0.017259938642382622,0.09454852342605591,0.08090655505657196,0.05641165375709534,0.060878220945596695,0.3907487392425537,0.4440611004829407,0.6935465931892395,0.4750242531299591,0.0021412940695881844,0.0061947861686348915,0.004733980167657137,0.018155409023165703,0.6302420496940613,0.002106376690790057,0.0002854019694495946,0.1168203055858612,0.010409611277282238,0.18339641392230988,0.24285165965557098,0.006213036831468344,0.27521562576293945,0.646449863910675,0.7206390500068665,0.0061055575497448444,0.007069790735840797,0.0037560148630291224,1.3538902443599454e-08,0.0016362967435270548,0.0017211695667356253,0.0002743960649240762,0.004222826100885868,0.10698606073856354,0.041750628501176834,0.5716019868850708,0.24236032366752625,0.01202982384711504,0.004229353740811348,4.353257736511296e-06,4.843018814426614e-06,1.0,416.0
2.4147275325958617e-06,0.06273165345191956,0.08395560830831528,0.0005589109496213496,0.26436567306518555,0.10348875820636749,1.990901910176035e-05,5.157176587999857e-07,2.580119939921133e-07,0.11302845925092697,0.2094947248697281,0.015744784846901894,0.024199236184358597,0.008902240544557571,0.08515780419111252,0.2589857876300812,0.06733071058988571,0.39511731266975403,0.3028455078601837,0.6888831853866577,0.36636024713516235,0.006099408958107233,0.002190610859543085,1.6185003914870322e-05,0.0009200931526720524,0.03195330873131752,0.00017393262533005327,0.012515455484390259,0.003057118970900774,0.026709094643592834,8.135981624945998e-05,9.539099846733734e-05,0.0023996548261493444,0.0005764858797192574,0.0005914391367696226,0.00037942620110698044,0.0036378162913024426,0.037188269197940826,0.7971786856651306,0.023731740191578865,0.3423098623752594,0.052021875977516174,0.1534876972436905,0.030844394117593765,2.6520585834077792e-06,5.4704296417185105e-06,1.2621934729395434e-05,0.00031384348403662443,9.87967177934479e-06,2.0927702280459926e-05,4.3212537548242835e-07,4.1083126234298106e-07,1.0,417.0
6.92757794240606e-07,0.02242802083492279,0.004071692004799843,0.22575317323207855,0.06684381514787674,0.1486116647720337,1.949269244505558e-05,2.6289717425243e-07,1.4727183383911324e-07,0.02589082159101963,0.016052434220910072,0.10886754095554352,0.13663113117218018,0.009203393012285233,0.32103708386421204,0.3394310772418976,0.005819488782435656,0.07560289651155472,0.053730253130197525,0.2661275267601013,0.01975742168724537,0.02902500331401825,0.021886887028813362,5.1246013754280284e-05,0.004847168922424316,0.003487947629764676,1.1623582395259291e-05,0.00017679977463558316,0.0004324533510953188,0.0160579401999712,0.005654806736856699,0.0030016249511390924,0.0010665511945262551,0.0020914755295962095,0.002292608143761754,0.0007833681884221733,0.009903701953589916,0.05482558161020279,0.014573330990970135,0.0005590353976003826,0.010354198515415192,0.0029472459573298693,0.06454968452453613,0.12468884140253067,0.00023654931283090264,0.0002785557880997658,0.003471201751381159,0.0004189393948763609,0.001149927033111453,0.0032254063989967108,4.224315489409491e-06,5.320720219970099e-07,1.0,418.0
9.715911346575012e-07,4.83416770293843e-05,0.00011629721120698377,0.8027817010879517,0.9105492234230042,0.7322201728820801,4.6297111111925915e-05,1.0660942280082963e-06,8.997110967357003e-07,0.014090979471802711,0.019467297941446304,0.018456151708960533,0.015210241079330444,0.014768711291253567,0.21485747396945953,0.22328953444957733,0.02434125356376171,0.4075469374656677,0.37042689323425293,0.08100733160972595,0.15382951498031616,0.05254753306508064,0.040314916521310806,6.141050107544288e-05,0.0006430473295040429,0.39928072690963745,0.060026705265045166,0.009445502422749996,0.0030661998316645622,0.003112128237262368,0.0002820292429532856,0.0005078347167000175,0.004369620233774185,0.0012844306183978915,0.018040383234620094,0.036802392452955246,0.0015091585228219628,0.002677593845874071,0.8901674747467041,0.0019445886136963964,0.27627992630004883,0.22823145985603333,0.018578898161649704,0.0017930124886333942,4.590962277006838e-08,3.129641612531486e-08,6.154354650789173e-06,0.0002320905914530158,2.087836583086755e-05,1.4602363080484793e-05,3.987361651525134e-06,3.0960552521719364e-07,1.0,419.0
7.13318968337262e-07,5.5160657211672515e-05,0.00012700827210210264,0.8702061176300049,0.6860476732254028,0.7128200531005859,3.4925695217680186e-05,2.5226825073332293e-06,2.359834070375655e-06,0.16280920803546906,0.22620615363121033,0.234381765127182,0.2237969934940338,0.0007032107678242028,0.8410592675209045,0.8900035619735718,0.0041941204108297825,0.045260824263095856,0.04674650356173515,0.28906095027923584,0.391135036945343,0.0049464767798781395,0.005755096208304167,0.0005788691341876984,8.809224527794868e-05,0.0014422307722270489,0.001664642826654017,6.613779987674206e-05,0.003445571754127741,0.0017798905028030276,0.03374214097857475,0.03518574312329292,0.0004325900226831436,0.0011033902410417795,0.0019657809752970934,0.005769982933998108,0.13647378981113434,0.015278537757694721,0.020055674016475677,0.000564008776564151,0.03535979241132736,0.003914922010153532,0.009281815029680729,0.004809474106878042,0.0010919672204181552,0.00025760233984328806,0.019145475700497627,0.045493535697460175,2.2929738406674005e-05,7.063355496939039e-06,2.0525654690572992e-05,1.2260001085451222e-06,0.0,420.0
2.735502846462623e-07,0.022286634892225266,0.03839878365397453,0.005230789538472891,0.18093083798885345,0.05169537290930748,1.0049272532342002e-05,1.647272540594713e-07,3.150034046939254e-07,0.030168360099196434,0.01357543095946312,0.3475736677646637,0.3187727630138397,0.04857834801077843,0.07637503743171692,0.0798630639910698,0.0559406653046608,0.027643712237477303,0.029102733358740807,0.08062483370304108,0.04651937261223793,0.02843109332025051,0.0669173076748848,0.00023806910030543804,0.0001680403802311048,2.5150497094728053e-05,3.530327830958413e-06,2.3194850200525252e-06,0.002034133533015847,0.0022103269584476948,0.0034178844653069973,0.0034628096036612988,0.00311334733851254,0.0002461516414768994,0.0006020510918460786,0.0006034562829881907,0.011451931670308113,0.00867548119276762,0.05756088346242905,0.004096257034689188,0.000124844053061679,6.647208647336811e-05,0.012440950609743595,0.14536704123020172,0.2635050415992737,0.21687564253807068,0.08771488815546036,0.04596014320850372,0.09512409567832947,0.1331510841846466,1.798370612959843e-05,6.380189461197006e-07,1.0,421.0
7.688639698244515e-07,0.018487343564629555,0.02870510332286358,0.23463870584964752,0.03705188259482384,0.07940524071455002,6.156280051072827e-06,6.179299703035213e-07,8.625356713309884e-07,0.22739684581756592,0.21717073023319244,0.14406360685825348,0.15836068987846375,0.2347486913204193,0.029195884242653847,0.05964329093694687,0.308885782957077,0.07600539922714233,0.08367971330881119,0.16395778954029083,0.3155984878540039,0.0030796679202467203,0.005076614208519459,6.318772648228332e-05,3.1018356821732596e-05,0.0006846655160188675,0.006239946465939283,1.6758122001192532e-05,0.014334900304675102,0.01548382081091404,0.001170655363239348,0.002078697318211198,0.00031021665199659765,5.678778325091116e-05,0.0011957392562180758,0.0020064120180904865,0.22509519755840302,0.08004433661699295,0.03410622105002403,0.027407502755522728,0.07574373483657837,0.01726139523088932,0.042589593678712845,0.003734139259904623,0.00011247718794038519,0.000103907790617086,0.0002792495070025325,0.021276922896504402,3.1968897928891238e-06,2.04535058401234e-06,1.2489194887166377e-05,9.157028557638114e-07,1.0,422.0
8.851049670965949e-08,0.030024103820323944,0.038552213460206985,0.10025154054164886,0.07947269082069397,0.031206602230668068,8.047509254538454e-06,5.229759381109034e-08,4.081059756799732e-08,0.07293705642223358,0.03602062910795212,0.2661544680595398,0.24247729778289795,0.5867155194282532,0.005099816247820854,0.007154804188758135,0.5848686099052429,0.031119968742132187,0.03213496133685112,0.26375511288642883,0.08229901641607285,0.020583538338541985,0.013980705291032791,8.231563697336242e-05,0.006473209708929062,0.00019840484310407192,3.820129222731339e-06,4.24280278821243e-06,0.0011457211803644896,0.11152133345603943,0.006363853346556425,0.0015753267798572779,0.0006459610885940492,0.0006851980579085648,0.0022643422707915306,0.000408686202717945,0.043563760817050934,0.408551961183548,0.005562972277402878,0.0005158765125088394,0.0033737265039235353,0.0035671598743647337,0.049155883491039276,0.013356982730329037,0.0006546149379573762,0.0008000492234714329,0.11173421144485474,0.00027806806610897183,0.00011950269981753081,0.0007020473130978644,1.3411354302661493e-06,1.2955237593814672e-07,1.0,423.0
1.2774049764630035e-06,3.098920569755137e-05,0.0001703621237538755,0.7212519645690918,0.8672753572463989,0.5226006507873535,0.0009588722605258226,5.139303993928479e-06,2.416759571133298e-06,0.007457607425749302,0.002679971046745777,0.020058799535036087,0.012908042408525944,0.09109747409820557,0.04564160853624344,0.03402334451675415,0.10410086810588837,0.4763973653316498,0.5077025890350342,0.0902351438999176,0.046464771032333374,0.12085925787687302,0.17031985521316528,0.0028052960988134146,0.002995899645611644,0.3594190180301666,0.004646100103855133,0.0010821506148204207,0.011182596907019615,0.0111310426145792,0.002395749557763338,0.0030106741469353437,0.10117433965206146,0.0004283508751541376,0.4819224178791046,0.5968528985977173,0.0033026481978595257,0.007063821889460087,0.09662878513336182,0.0006553446874022484,0.0006520194583572447,0.0010777314892038703,0.0004330060910433531,0.05537751689553261,0.22963176667690277,0.4160350561141968,0.008015116676688194,0.10372546315193176,0.01709963195025921,0.03204972296953201,1.1801582331827376e-05,5.4881493269931525e-06,0.0,424.0
1.7077965139833395e-06,0.03356814756989479,0.028095979243516922,0.027990909293293953,0.11873099952936172,0.07292778044939041,9.057520401256625e-06,3.6478323295341397e-07,4.3337297483958537e-07,0.09997132420539856,0.03680022060871124,0.12831951677799225,0.14611876010894775,0.03588559851050377,0.07705650478601456,0.0932522565126419,0.05353007838129997,0.06976275146007538,0.06674185395240784,0.5471669435501099,0.22426016628742218,0.009212049655616283,0.012068637646734715,2.1951062080916017e-05,0.0029678691644221544,0.026767093688249588,0.00017820725042838603,0.005352473817765713,0.006495659239590168,0.00031006670906208456,0.00024855713127180934,0.0008227555081248283,0.0030689442064613104,0.003811248578131199,0.00046565939555875957,0.0006432655500248075,0.005008932668715715,0.004761307965964079,0.6371059417724609,0.00044897443149238825,0.13400599360466003,0.02317819930613041,0.05020790174603462,0.012815812602639198,1.2070030379618402e-06,1.0303232329533785e-06,1.591080399521161e-05,0.0014644656330347061,1.4293435015133582e-05,1.0756638403108809e-05,1.143658209912246e-06,6.769985247956356e-07,1.0,425.0
2.1903510969423223e-06,0.3965209424495697,0.41094592213630676,0.000490846112370491,0.011043709702789783,0.007536872755736113,2.9815082598361187e-05,1.3697128053991037e-07,1.4590438013328821e-06,0.00890333391726017,0.0018274540780112147,0.029827149584889412,0.029447630047798157,0.005952183622866869,0.15482093393802643,0.3307296633720398,0.04195880889892578,0.21508906781673431,0.23149374127388,0.09394004195928574,0.05077389255166054,0.04254007712006569,0.14934740960597992,6.201128417160362e-05,0.003244411665946245,0.02558342181146145,6.663812382612377e-05,0.006641190964728594,0.011092609725892544,0.0014291724655777216,0.0007603564881719649,0.0008373967139050364,0.0003812114300671965,0.006163474638015032,0.0005058855167590082,0.0009503550245426595,0.15902094542980194,0.025745317339897156,0.013426732271909714,0.00012793729547411203,0.11888647079467773,0.032178644090890884,0.02647940255701542,0.002106446772813797,0.00021592654229607433,6.808993202866986e-05,0.0017624852480366826,0.0007189929019659758,6.362589374475647e-06,4.511742190516088e-06,2.7264991331321653e-07,5.900372457290359e-07,1.0,426.0
3.4889324069808936e-06,0.7368409633636475,0.7358289957046509,0.0011269833194091916,0.0001915021421154961,0.0003415134269744158,0.00016225750732701272,1.3683514907825156e-06,6.171378572616959e-07,0.17017123103141785,0.20748235285282135,0.0482218973338604,0.055373746901750565,0.010070769116282463,0.14543363451957703,0.3099338114261627,0.05043024942278862,0.2238588035106659,0.24047866463661194,0.5299760103225708,0.658045768737793,0.004162945784628391,0.0022005997598171234,0.002022217959165573,0.002591439289972186,0.034208111464977264,0.00010955286415992305,0.00285713211633265,0.0023232342209666967,0.0009100409224629402,0.15050698816776276,0.1881982386112213,0.003908699844032526,0.00033899559639394283,0.019566569477319717,0.032538969069719315,0.01102515310049057,0.004495037253946066,0.018478890880942345,0.00015927419008221477,0.008939589373767376,0.0037195715121924877,0.0009755613864399493,0.005054816137999296,0.002904269378632307,0.0017744646174833179,0.08693917840719223,0.233971506357193,0.0003532393602654338,0.0004830573743674904,1.6324496527886367e-06,3.971881142206257e-06,1.0,427.0
1.672852363299171e-06,0.4802640676498413,0.058885607868433,0.021767623722553253,0.004208937752991915,0.09239212423563004,0.0008120581042021513,4.577419076667866e-06,7.981762450981478e-07,0.6380612850189209,0.5949869155883789,0.8173540830612183,0.8364403247833252,0.007753214333206415,0.35018786787986755,0.3661441504955292,0.01080399751663208,0.0025187907740473747,0.001786123146302998,0.3801003098487854,0.2828555703163147,0.0010708565823733807,0.0006945152999833226,0.001593862776644528,0.0035694113466888666,0.1438453495502472,0.0019238191889598966,0.00013781499001197517,0.009580017998814583,0.012007209472358227,0.07734762132167816,0.06743993610143661,0.016513612121343613,0.0010265734745189548,0.7523068189620972,0.7318136692047119,0.012441594153642654,0.016097525134682655,0.008091889321804047,0.00012060535664204508,0.01624245196580887,0.0009086221689358354,0.007711109239608049,0.2990461587905884,0.022742152214050293,0.025104369968175888,0.015928007662296295,0.010687792673707008,0.4635102450847626,0.4370362162590027,8.68480492499657e-06,1.3620974641526118e-05,1.0,428.0
2.2782498945161933e-06,0.23852680623531342,0.1329885870218277,0.007443182170391083,0.009208030067384243,0.024876270443201065,4.982320206181612e-06,1.518053949212117e-07,2.3280674099623866e-07,0.15449905395507812,0.23136577010154724,0.1929069459438324,0.20985136926174164,0.5425418615341187,0.0034679684322327375,0.005511970724910498,0.5041859149932861,0.038577865809202194,0.03257342055439949,0.25200769305229187,0.14465883374214172,0.0030144425109028816,0.0029204743914306164,6.0476322687463835e-06,0.0010109343566000462,0.002740763360634446,2.5756977265700698e-05,0.0006041644373908639,0.004957654047757387,0.002006069291383028,0.0015246717957779765,0.0021376130171120167,0.00024360186944250017,0.013932782225310802,2.1249232304398902e-05,1.254423477803357e-05,0.038708630949258804,0.03479517623782158,0.007472227327525616,0.0001068577985279262,0.012168875895440578,0.004652580711990595,0.4800863265991211,0.09995901584625244,0.0012245551915839314,0.0010169254383072257,0.0018356729997321963,0.003600782249122858,0.0012440491700544953,0.0011038974625989795,6.291273848546552e-07,6.289660063885094e-07,2.0,429.0
1.369404571960331e-07,0.3127758204936981,0.5328373908996582,0.00010701799328671768,0.009504342451691628,0.00019578629871830344,6.7978121478518005e-06,1.2686929728999985e-08,1.4552270499734732e-08,0.20032081007957458,0.43772566318511963,0.06800713390111923,0.5274407863616943,0.30320316553115845,0.1516483873128891,0.031642720103263855,0.104649618268013,0.2671187222003937,0.011159662157297134,0.6692129969596863,0.3310636878013611,0.01002304907888174,0.0002492895582690835,3.428028503549285e-05,0.003388254903256893,0.0047094072215259075,0.0011830221628770232,0.0006225067190825939,0.00054960697889328,0.019881142303347588,0.0007052886649034917,0.0002518268011044711,0.001270646695047617,0.0022924141958355904,0.0007277230615727603,0.00011412859748816118,0.003063594689592719,0.09042906016111374,0.03867309167981148,0.00035068977740593255,0.02215580828487873,0.005587068386375904,0.06738042831420898,0.011863434687256813,0.00010947392001980916,0.00031478083110414445,0.002303694374859333,0.00013075757306069136,8.307343705382664e-06,5.082711868453771e-05,2.0932282041030703e-07,1.0430671437688943e-08,2.0,430.0
2.0390248209878337e-06,0.20975804328918457,0.10452714562416077,0.0021975908894091845,0.007011170964688063,0.027973482385277748,1.1674997040245216e-05,3.71999931303435e-07,3.946647382235824e-07,0.07318375259637833,0.030805565416812897,0.02565579116344452,0.019330445677042007,0.07213430106639862,0.04473281651735306,0.050157397985458374,0.07614663988351822,0.3174392282962799,0.33194699883461,0.3980199098587036,0.3985387682914734,0.005915677174925804,0.013492219150066376,5.3946630941936746e-05,0.0038184786681085825,0.009943030774593353,2.0177689293632284e-05,0.0038216959219425917,0.005309006664901972,0.00026363012148067355,0.004946331027895212,0.007813445292413235,0.0011328461114317179,0.0013261019485071301,0.00032213114900514483,0.0006425615283660591,0.04825917258858681,0.00855752918869257,0.059195175766944885,0.000379459117539227,0.028082478791475296,0.008663338609039783,0.022135645151138306,0.0076228659600019455,0.00015542191977147013,5.790808791061863e-05,0.0025716288946568966,0.003091053804382682,1.550414708617609e-05,1.1118407201138325e-05,6.868090736134036e-07,9.025737313095306e-07,1.0,431.0
2.3754773792461492e-06,0.01639670319855213,0.01546141691505909,0.016749847680330276,0.101011261343956,0.405324786901474,1.4970826669014059e-05,1.3203519984017476e-06,3.7767397316201823e-06,0.5222464799880981,0.18756550550460815,0.19655033946037292,0.12904733419418335,0.0036227938253432512,0.7469545602798462,0.7500594854354858,0.0016687072347849607,0.07353663444519043,0.10950428247451782,0.2731200158596039,0.5875203609466553,0.0010163916740566492,0.005180674139410257,0.0002306768874404952,4.739929863717407e-05,0.0001995490601984784,0.0023251259699463844,1.6929225239437073e-05,0.07783714681863785,0.0007607572479173541,0.0023272475227713585,0.005007874686270952,0.0014160191640257835,0.0035785934887826443,0.0003759819664992392,0.0023099598474800587,0.2530611455440521,0.014987783506512642,0.03287794440984726,0.00021308350551407784,0.002262188820168376,0.0004878780455328524,0.023290064185857773,0.045262932777404785,0.0285471323877573,0.006246158387511969,0.006742794532328844,0.06261950731277466,0.00041586344013921916,0.00011791897850343958,5.4629323130939156e-05,1.9845138012897223e-06,1.0,432.0
3.3655162496870616e-06,0.18511158227920532,0.1502547711133957,0.0035035701002925634,0.02126888558268547,0.010989340953528881,0.00014675459533464164,1.2313820434428635e-06,5.989050464449974e-07,0.3549756407737732,0.5637019872665405,0.5586985349655151,0.5523081421852112,0.03841584548354149,0.12312821298837662,0.11606769263744354,0.01738608628511429,0.01219872385263443,0.006831414066255093,0.4145927429199219,0.35332581400871277,0.0022249952889978886,0.0002283731591887772,0.00024423073045909405,0.007105051074177027,0.4704795777797699,0.0018615864682942629,0.0015497214626520872,0.00779883423820138,0.009717920795083046,0.017454328015446663,0.04979054629802704,0.004853342194110155,8.390069706365466e-05,0.07341574877500534,0.11940469592809677,0.00413370318710804,0.016612982377409935,0.018512623384594917,0.0012943379115313292,0.03063994273543358,0.003554918570443988,0.011587829329073429,0.0795426294207573,0.00038542249239981174,0.0008159508579410613,0.0002734628797043115,0.08017192780971527,0.005383408162742853,0.005601475015282631,6.167633728182409e-06,6.129642770247301e-06,1.0,433.0
2.8972490326850675e-06,0.0008157875272445381,0.0015132927801460028,0.6988425254821777,0.3865330219268799,0.13231214880943298,2.958997902169358e-05,2.221572458438459e-06,6.354903234750964e-07,0.028010169044137,0.02170683443546295,0.06465449184179306,0.0837046355009079,0.048169270157814026,0.076691173017025,0.07760652154684067,0.060745637863874435,0.13541817665100098,0.1251288503408432,0.2519426941871643,0.033660635352134705,0.041083864867687225,0.021986419335007668,8.03226648713462e-05,0.01039376761764288,0.008727054111659527,1.5214238374028355e-05,0.00023946691362652928,0.001691378653049469,8.182643068721518e-05,0.2674380838871002,0.3614550530910492,0.00864335149526596,0.0020700739696621895,0.001898675924167037,0.0036012546624988317,0.0025696703232824802,0.0005502323037944734,0.5302753448486328,0.0003957571752835065,0.016065392643213272,0.0014882981777191162,0.12215858697891235,0.2602097988128662,2.41682992054848e-05,7.21605283615645e-06,0.0017813395243138075,0.0027272901497781277,0.03293805941939354,0.015295240096747875,2.9833683584001847e-05,2.5250099042750662e-06,1.0,434.0
3.5916416436521104e-06,0.13670000433921814,0.09703417122364044,0.002662054495885968,0.031186260282993317,0.03979647904634476,0.0006262040697038174,1.7057894865502021e-06,1.504283545727958e-06,0.03700615093111992,0.018326958641409874,0.04041094705462456,0.05710320174694061,0.3958641588687897,0.005659130867570639,0.013092613779008389,0.4027281701564789,0.23696179687976837,0.1903861165046692,0.3964669108390808,0.06384573131799698,0.02764204703271389,0.03405379131436348,0.0015024665044620633,0.0007293782546184957,0.015909243375062943,0.00012606603559106588,0.0006771977641619742,0.007149545010179281,0.0074187107384204865,0.00016053926083259284,0.00017038306395988911,0.01159173995256424,0.0010550220031291246,0.10576242953538895,0.16150590777397156,0.035632893443107605,0.08368401229381561,0.007366017438471317,0.0006433750968426466,0.003238406265154481,0.01678650453686714,0.003149119671434164,0.020930694416165352,0.7870327234268188,0.8403434753417969,0.006797128822654486,0.04646582528948784,0.5811406970024109,0.5607039332389832,2.2650281152891694e-06,5.565878382185474e-06,0.0,435.0
1.9908754893549485e-06,0.3433755338191986,0.2689914405345917,0.000504596799146384,0.004598972853273153,0.017101412639021873,0.0002354027674300596,9.58646751314518e-07,1.405853026881232e-06,0.2521253824234009,0.12486515939235687,0.16991263628005981,0.15599626302719116,0.01310995128005743,0.40102583169937134,0.3963060975074768,0.01862265355885029,0.08957740664482117,0.10365147888660431,0.5945277810096741,0.6063547134399414,0.0029099751263856888,0.007149162702262402,0.0009134880383498967,0.0004365321947261691,0.00617571035400033,0.0002497094392310828,0.00029648919007740915,0.005317718721926212,0.002632887102663517,0.0018558865413069725,0.0017102193087339401,0.0020980241242796183,0.029425736516714096,0.009315995499491692,0.01355700846761465,0.01899861730635166,0.028247132897377014,0.0017686025239527225,4.348569746071007e-06,0.0039002136327326298,0.016986573114991188,0.0030114371329545975,0.010886408388614655,0.913956880569458,0.8718516230583191,0.24869509041309357,0.09035346657037735,0.0678652971982956,0.06262588500976562,8.945562512963079e-07,1.695794821898744e-06,0.0,436.0
2.3517686713603325e-06,0.030388373881578445,0.027321258559823036,0.5303220748901367,0.01792837120592594,0.028750620782375336,0.0008164843311533332,5.435700586531311e-06,1.1371251957825734e-06,0.06173276901245117,0.027760183438658714,0.13579975068569183,0.12821786105632782,0.12880943715572357,0.024314289912581444,0.03790232166647911,0.15929627418518066,0.0694308876991272,0.07777641713619232,0.14405587315559387,0.1075921505689621,0.020244188606739044,0.019086414948105812,0.003678035456687212,0.007209996227174997,0.05949387699365616,0.00021765312703792006,0.0006512202089652419,0.001373384497128427,0.005829740781337023,0.0327814519405365,0.02583242952823639,0.017737368121743202,0.0005244508502073586,0.5133228302001953,0.45413485169410706,0.005260326433926821,0.01559739001095295,0.01984492875635624,0.0001782201579771936,0.005326449871063232,0.0042833792977035046,0.0017354151932522655,0.06093384325504303,0.3404083549976349,0.504501461982727,0.06343032419681549,0.13899663090705872,0.12978875637054443,0.1840098798274994,3.673992750918842e-06,9.940573363564909e-06,1.0,437.0
7.207059979918995e-07,0.0032739436719566584,0.003063297364860773,0.4976706802845001,0.3586365878582001,0.2261476218700409,8.079095277935266e-05,5.817211672365374e-07,6.522061539726565e-07,0.030902056023478508,0.01410654280334711,0.005690834950655699,0.007047305349260569,0.2688981592655182,0.01194718200713396,0.016788478940725327,0.2921472191810608,0.5143859386444092,0.5617780685424805,0.19736862182617188,0.024557016789913177,0.021812479943037033,0.029853470623493195,0.00032561836997047067,0.00022832372633274645,0.022889792919158936,0.001096415100619197,0.0012352790217846632,0.0007978209177963436,0.0011007004650309682,0.012724122032523155,0.00814765878021717,0.0013818455627188087,0.0005600262666121125,0.0157815832644701,0.017805038020014763,0.02481425553560257,0.013101180084049702,0.013464055955410004,0.00030765740666538477,0.014023760333657265,0.006663310341536999,0.0007326925988309085,0.0027326529379934072,0.0008911784971132874,0.0007091779843904078,0.03197657689452171,0.009436694905161858,6.672390009043738e-05,5.549585694097914e-05,4.331368018029025e-06,6.575602924385748e-07,1.0,438.0
3.7744894143543206e-07,0.0252081286162138,0.04192313924431801,0.05487850680947304,0.030239013954997063,0.015002490021288395,0.00026541142142377794,3.571584556993912e-07,4.5583334440379986e-07,0.08251630514860153,0.06101806089282036,0.10826749354600906,0.10762748122215271,0.014920114539563656,0.3064746558666229,0.3433745205402374,0.005260780453681946,0.09533055871725082,0.10967312753200531,0.4091174006462097,0.48849502205848694,0.007985520176589489,0.011875241994857788,0.002442306140437722,0.004665186628699303,0.11568298190832138,0.00023194236564449966,0.001206221291795373,0.022271161898970604,0.05249211564660072,3.199590355507098e-05,3.5787878005066887e-05,0.006582754664123058,0.00027216601301915944,0.5367223024368286,0.5423386096954346,0.024427128955721855,0.07633063197135925,0.0014082675334066153,0.0007227833848446608,0.002548279007896781,0.018543623387813568,0.00019561928638722748,0.007470755837857723,0.03094811737537384,0.05565183237195015,0.0012820606352761388,0.005847099702805281,0.04314102232456207,0.06291729211807251,2.4035523438215023e-06,1.7632162325753598e-06,0.0,439.0
1.4552862239725073e-06,0.041462890803813934,0.0015584240900352597,0.11621154844760895,0.038889601826667786,0.4008408784866333,8.953389624366537e-06,2.256836978631327e-06,7.780857913530781e-07,0.6968235969543457,0.288690447807312,0.36050814390182495,0.284431129693985,0.09472630172967911,0.1323244571685791,0.08770684152841568,0.0679292306303978,0.020111236721277237,0.048309698700904846,0.33972233533859253,0.46187716722488403,0.00023365611559711397,0.002608920680359006,6.96295901434496e-05,0.00031789165223017335,0.02481854148209095,0.01085125282406807,0.0014852238819003105,0.0011437904322519898,0.0032508219592273235,0.000512968807015568,0.0007706389878876507,0.008469010703265667,0.021966882050037384,0.004805547185242176,0.007473563775420189,0.002173161134123802,0.00928266067057848,0.8664648532867432,0.00013630693138111383,0.1757769137620926,0.04422307014465332,0.00969969667494297,0.010714005678892136,1.3220188748164219e-06,1.6900842183531495e-06,3.527488297550008e-05,0.0029717262368649244,1.1293256648059469e-05,1.231683654623339e-05,4.995694780518534e-06,4.644879538773239e-07,2.0,440.0
7.002168331382563e-06,0.039197057485580444,0.09254910796880722,0.029079163447022438,0.026828212663531303,0.02671322412788868,0.00011432225437602028,6.457375548052369e-06,6.793274565097818e-07,0.11973769962787628,0.0611361488699913,0.024419642984867096,0.020889580249786377,0.01788930594921112,0.06996134668588638,0.16963979601860046,0.08269175887107849,0.363762766122818,0.33833158016204834,0.5880208015441895,0.42887789011001587,0.006555498111993074,0.009394102729856968,0.00030628981767222285,0.00033163480111397803,0.004548632074147463,5.337565380614251e-05,0.0006734433700330555,0.0020266224164515734,0.001026215497404337,0.03201354667544365,0.037132345139980316,0.003530178451910615,0.0007570995949208736,0.0016588245052844286,0.0020368825644254684,0.01367115881294012,0.011465759947896004,0.023914145305752754,0.00041732130921445787,0.011506740003824234,0.001064005889929831,0.0317586213350296,0.05410906672477722,0.7001018524169922,0.6009992361068726,0.04398621991276741,0.06239519268274307,0.00683392770588398,0.005884944926947355,1.3050802181169274e-06,7.119717338355258e-06,0.0,441.0
8.069174327829387e-06,0.5602549910545349,0.48062869906425476,0.00013938425399828702,0.0017191044753417373,0.003938368987292051,4.1971419705078006e-05,4.381353448934533e-07,1.456771997254691e-06,0.06302911788225174,0.026491409167647362,0.01642194390296936,0.015942677855491638,0.04205486550927162,0.0552736259996891,0.07978437840938568,0.07827048003673553,0.4449864625930786,0.42854297161102295,0.5169870257377625,0.14461703598499298,0.008808102458715439,0.013620585203170776,0.0001111417223000899,0.00260338606312871,0.003622347954660654,9.361651791550685e-06,0.0017005078261718154,0.047270387411117554,0.031384486705064774,0.005057073663920164,0.005278612487018108,0.0001047222685883753,0.0003121101763099432,0.00025273769279010594,0.00024422910064458847,0.2602331042289734,0.2653583586215973,0.0007590754539705813,0.001608099672012031,0.0955689549446106,0.007234243676066399,0.15222716331481934,0.010145725682377815,0.2349451631307602,0.24980513751506805,0.014464191161096096,0.03194773942232132,2.011140895774588e-05,3.3436786907259375e-05,2.943890535789251e-07,1.3977636399431503e-06,1.0,442.0
5.845574378327001e-06,0.000579029438085854,0.00034886653884314,0.522646427154541,0.5642859935760498,0.4339008033275604,8.942026033764705e-05,1.5767553804835188e-06,3.0937990231905133e-06,0.012047887779772282,0.0015048971399664879,0.014457938261330128,0.011955583468079567,0.0062142712995409966,0.3321366310119629,0.31914806365966797,0.007647509686648846,0.37220364809036255,0.404233455657959,0.14056085050106049,0.05174976959824562,0.030058957636356354,0.13866938650608063,0.0001547883148305118,0.001927519915625453,0.18003736436367035,0.0004158673982601613,0.012046026065945625,0.022326402366161346,8.708087989361957e-05,0.004206434357911348,0.009435322135686874,0.0057602254673838615,0.020425831899046898,0.006759924348443747,0.026663653552532196,0.03378192335367203,0.0020709449891000986,0.03924420848488808,2.6598125259624794e-05,0.029905030503869057,0.012641466222703457,0.01573050208389759,0.05378793179988861,0.00018956320127472281,5.212416726863012e-05,0.0012185769155621529,0.004876357037574053,0.005643337965011597,0.002492601051926613,3.1299571219278732e-06,1.4929772760297055e-06,1.0,443.0
2.4040268726821523e-06,0.00013576302444562316,0.00010185132850892842,0.7901033759117126,0.6156220436096191,0.8214958906173706,2.2359699869411997e-05,1.1092301065218635e-05,3.4691115615714807e-06,0.7369643449783325,0.4385155141353607,0.5712690353393555,0.5354251861572266,0.014170154929161072,0.4412708580493927,0.4745393991470337,0.009291374124586582,0.006210656370967627,0.018748201429843903,0.369472861289978,0.5692122578620911,0.00024020482669584453,0.0013455766020342708,0.00015814507787581533,8.131731738103554e-05,0.002781667048111558,0.007383257150650024,0.0003512779949232936,0.008317067287862301,0.00012590254482347518,0.11472245305776596,0.11087005585432053,0.002000601729378104,0.00658405153080821,0.00043282925616949797,0.005499289836734533,0.22297365963459015,0.0047890907153487206,0.12439553439617157,9.869484347291291e-05,0.042333491146564484,0.0022647378500550985,0.053189899772405624,0.028485244140028954,0.0007370264502242208,7.612831541337073e-05,0.03065587766468525,0.009558162651956081,6.910244701430202e-05,2.7723954190150835e-05,2.482369018252939e-05,1.2632790458155796e-06,2.0,444.0
1.1022216312994715e-06,0.0003429133503232151,0.00029384560184553266,0.7710061073303223,0.8252800703048706,0.7979825139045715,4.250734855304472e-05,3.1466802852264664e-07,4.887841669187765e-07,0.0470123328268528,0.06881227344274521,0.017685413360595703,0.014543551951646805,0.005806209519505501,0.3087496757507324,0.34928008913993835,0.018135739490389824,0.3837879002094269,0.34699374437332153,0.1716219037771225,0.19097602367401123,0.021085074171423912,0.012844990007579327,6.862195732537657e-05,0.034066129475831985,0.12309737503528595,0.00023871827579569072,0.02335711009800434,0.0012273191241547465,0.0011947635794058442,0.0008766254177317023,0.0009954784763976932,0.0016933645820245147,0.13136455416679382,0.0042456649243831635,0.0035082059912383556,0.001186116598546505,0.0020608108025044203,0.900613009929657,2.573905476310756e-05,0.4068601429462433,0.3086307644844055,0.01695702224969864,0.00041892100125551224,5.506863942628115e-08,1.6949389447518115e-08,4.2868628952419385e-05,6.492747343145311e-05,1.639508013795421e-06,1.0447146223668824e-06,1.7186289369419683e-06,2.545900770201115e-07,1.0,445.0
1.9883650566043798e-06,0.003407183336094022,0.0043580178171396255,0.17453138530254364,0.3876424729824066,0.20870046317577362,4.194389111944474e-05,3.856536352486728e-07,6.246232828743814e-07,0.047944944351911545,0.021301042288541794,0.016121815890073776,0.013718408532440662,0.051339246332645416,0.05335478112101555,0.07398267090320587,0.08607420325279236,0.39561545848846436,0.405169278383255,0.4364737570285797,0.20496422052383423,0.015394550748169422,0.014179549179971218,4.823971903533675e-05,0.03174396976828575,0.019566215574741364,2.7268604299024446e-06,0.001987866824492812,0.005972576793283224,0.0010486009996384382,0.04677832871675491,0.03409423679113388,8.473667548969388e-05,0.05382990837097168,0.0011878013610839844,0.0011141361901536584,0.047236084938049316,0.021000174805521965,0.0066107530146837234,3.8795615182607435e-06,0.31430375576019287,0.02889445424079895,0.16275393962860107,0.008818557485938072,0.00015282559616025537,3.837803524220362e-05,0.010707770474255085,0.0007497883052565157,3.347357051097788e-05,3.7070214602863416e-05,5.550837158807553e-07,8.438240115538065e-07,1.0,446.0
2.9004286261624657e-07,0.10309229791164398,0.08736715465784073,0.004761611111462116,0.04047488421201706,0.05362844094634056,1.2760656318278052e-06,2.2093402662903827e-08,1.673305831673133e-07,0.04318688064813614,0.04471458122134209,0.21499484777450562,0.17080551385879517,0.008281844668090343,0.41363832354545593,0.4258463680744171,0.006136318203061819,0.04967065155506134,0.050988245755434036,0.11670127511024475,0.10423631221055984,0.0353214405477047,0.026108933612704277,1.8263193851453252e-05,0.00016437705198768526,0.00045328206033445895,0.00048513614456169307,0.00012022941518807784,0.13821539282798767,0.13378801941871643,1.9185710797842148e-08,3.5715050472617804e-08,0.17555789649486542,0.007057105656713247,6.941888568690047e-05,8.10621349955909e-05,0.0002938904508482665,0.0008552231593057513,0.9967296719551086,0.031056806445121765,0.0021696574985980988,0.012782079167664051,0.009173989295959473,0.014305615797638893,3.3993273973464966e-06,7.063032171572559e-06,2.2469509985967306e-07,2.2643422198598273e-05,0.0005948205362074077,0.0005059937830083072,1.989235670407652e-06,2.222679817975859e-08,1.0,447.0
4.106195774511434e-06,0.5710574388504028,0.6000173687934875,0.0005493579083122313,0.003255493240430951,0.0025937105529010296,0.0009094866109080613,1.032306954584783e-06,2.7936753212998156e-06,0.07786783576011658,0.06359050422906876,0.048045121133327484,0.054610662162303925,0.00161386386025697,0.632849931716919,0.6046448945999146,0.0035483152605593204,0.19246980547904968,0.17216050624847412,0.5619374513626099,0.1830432415008545,0.01309491228312254,0.007457236759364605,0.003940264694392681,0.0006072271498851478,0.03726235032081604,0.0004419322940520942,0.0004600951506290585,0.0038483799435198307,0.005772045347839594,0.010166107676923275,0.00802651047706604,0.0015965329948812723,0.00040614427416585386,0.2530357241630554,0.26879796385765076,0.0458880253136158,0.06737105548381805,0.0006088095833547413,0.00011220307351322845,0.028762491419911385,0.03290427476167679,0.002342304214835167,0.016018252819776535,0.31514713168144226,0.31350916624069214,0.2606712877750397,0.31304678320884705,0.13111822307109833,0.175041064620018,1.687142002992914e-06,4.223461473884527e-06,2.0,448.0
1.2246656524439459e-06,0.3061669170856476,0.3231016993522644,0.001217414392158389,0.006672712508589029,0.005265214014798403,1.3024642612435855e-05,5.463571639552356e-08,2.5521748625578766e-07,0.09719435125589371,0.09400325268507004,0.02461816556751728,0.036533698439598083,0.024892296642065048,0.09595923870801926,0.13552147150039673,0.05615490674972534,0.28948473930358887,0.2705003321170807,0.5416105389595032,0.29463115334510803,0.00788919534534216,0.0035920164082199335,3.670493606477976e-05,0.002105380641296506,0.014011937193572521,6.941716856090352e-05,0.006155748385936022,0.012304795905947685,0.006936361081898212,4.391960828797892e-05,6.179882620926946e-05,0.0007738522836007178,0.020973071455955505,0.0006165419472381473,0.0005282471538521349,0.03646346181631088,0.0914188101887703,0.09544980525970459,9.821500134421512e-05,0.09131941944360733,0.035264503210783005,0.02779965288937092,0.0017494253115728498,5.1460217946441844e-05,5.89152768952772e-05,6.760977703379467e-05,0.0005921456031501293,9.995860636990983e-07,1.3910123470850522e-06,2.4740234039200004e-07,1.8943902091450582e-07,2.0,449.0
1.3496484143615817e-06,0.44034409523010254,0.3118036389350891,0.010958340018987656,0.0010616487124934793,0.0048164306208491325,8.059542597038671e-05,2.661567464201653e-07,1.2448954578303528e-07,0.2499799281358719,0.25322210788726807,0.07412312179803848,0.08865302801132202,0.011718839406967163,0.2075015753507614,0.19826003909111023,0.023126278072595596,0.09799356013536453,0.09269700199365616,0.43532779812812805,0.2976548969745636,0.001479782979004085,0.0007551123853772879,0.0002634976990520954,0.000953020469751209,0.07743711024522781,0.00016512576257809997,0.005241728387773037,0.0006921774474903941,0.01177137903869152,0.0007936005713418126,0.0005330532439984381,0.0023744849022477865,0.0028247155714780092,0.008233515545725822,0.005185507703572512,0.007779862731695175,0.05757737532258034,0.0035239087883383036,0.00010169333108933643,0.006846827920526266,0.004440653137862682,0.0021009971387684345,0.02535141259431839,0.0038745354395359755,0.008473756723105907,0.003533867420628667,0.004163520876318216,0.002025855705142021,0.006637482903897762,4.855612019127875e-07,6.869643129903125e-07,1.0,450.0
2.4620035219413694e-06,0.061530712991952896,0.025565840303897858,0.005558347795158625,0.3478643596172333,0.19697488844394684,4.539354267762974e-05,7.141664468690578e-07,1.1636281271876214e-07,0.45848020911216736,0.6067198514938354,0.26239335536956787,0.2878921926021576,0.004732039291411638,0.1494942158460617,0.3438745141029358,0.04058535024523735,0.045870210975408554,0.0352843813598156,0.7524489164352417,0.5009219646453857,0.0012276903726160526,0.0003619277267716825,0.00020500316168181598,0.00016374645929317921,0.0021367312874644995,4.362490290077403e-05,0.000714514113496989,0.0017408882267773151,0.005472786724567413,0.09074745327234268,0.08838152140378952,0.000526841264218092,0.0006568235112354159,0.0006270172307267785,0.0006673886091448367,0.03011995181441307,0.05047161132097244,0.017048904672265053,0.00040642195381224155,0.011196277104318142,0.0003987135423813015,0.03889726474881172,0.02269585058093071,0.014741289429366589,0.02139308489859104,0.01000252552330494,0.0418214313685894,7.215532968984917e-05,8.28029660624452e-05,1.7361003301630262e-06,2.597090087874676e-06,2.0,451.0
1.7593881693755975e-06,0.022698748856782913,0.08680227398872375,0.15423645079135895,0.2369648814201355,0.0335293747484684,1.732263626763597e-05,6.529436404889566e-07,1.0149659601665917e-06,0.003974007908254862,0.0055553968995809555,0.01336671318858862,0.009438157081604004,0.138053297996521,0.061526522040367126,0.026594383642077446,0.1101704090833664,0.5200634002685547,0.43075495958328247,0.035617511719465256,0.06254564970731735,0.15232962369918823,0.15401484072208405,4.6597149776062e-05,0.0017457094509154558,0.3971879780292511,0.03314939886331558,0.06269528716802597,0.0066236890852451324,0.013147982768714428,4.389635705592809e-06,8.587596312281676e-06,0.05571025237441063,0.002604540204629302,0.0054308646358549595,0.008093293756246567,0.00018799809913616627,0.002691054018214345,0.998811662197113,0.019170887768268585,0.36867907643318176,0.48582103848457336,0.011076176539063454,0.0007863404462113976,7.266548252005123e-09,1.1169324132254133e-08,2.256620916796237e-07,3.3933694794541225e-05,1.8631036482474883e-06,1.3803440879200934e-06,1.6866111991475918e-06,1.4866036224248091e-07,1.0,452.0
4.739546056953259e-06,0.1505892276763916,0.4433121383190155,0.0001108714786823839,0.030711382627487183,0.008360077627003193,0.000627282599452883,2.3110305846785195e-06,1.3300668797455728e-06,0.35226425528526306,0.6091939806938171,0.30783313512802124,0.4302198588848114,0.0067274803295731544,0.33601000905036926,0.3457092046737671,0.01605864055454731,0.05703430622816086,0.02578519657254219,0.7920253872871399,0.6015921831130981,0.003551941830664873,0.00037729376344941556,0.0032048586290329695,0.0014972955686971545,0.009276436641812325,4.177479786449112e-05,0.0005020556855015457,0.0007218156242743134,0.002851247787475586,0.09047909826040268,0.06694729626178741,0.01312288735061884,0.00018605664081405848,0.04152772203087807,0.06734711676836014,0.0132136894389987,0.01467082928866148,0.008001699112355709,0.0004964492982253432,0.002819440793246031,0.003237341530621052,0.011144324205815792,0.02456941083073616,0.7585028409957886,0.7274253964424133,0.47108301520347595,0.4417770802974701,0.745448112487793,0.7651357650756836,2.5158351490972564e-06,4.1794073695200495e-06,1.0,453.0
4.528609167664399e-07,0.01043306291103363,0.011623628437519073,0.17933915555477142,0.18944194912910461,0.07570897787809372,8.99032693268964e-06,3.394470695639029e-07,3.068963110308687e-07,0.010215768590569496,0.008997495286166668,0.17515791952610016,0.18853531777858734,0.07821033895015717,0.060463812202215195,0.038900770246982574,0.05251949280500412,0.042508430778980255,0.03963496908545494,0.07429585605859756,0.027517378330230713,0.06854122877120972,0.05152376741170883,8.836661436362192e-05,0.0010864497162401676,0.012166032567620277,0.00033697884646244347,8.693096606293693e-05,0.0008258415618911386,0.0009792314376682043,0.0002681039914023131,0.00032853512675501406,0.07623572647571564,0.0011985854944214225,0.011451911181211472,0.012801017612218857,0.0011719228932633996,0.0022066798992455006,0.5147415399551392,0.0017689696978777647,0.002435295609757304,0.00785394199192524,0.0038425750099122524,0.13765674829483032,1.6937412510742433e-05,1.7494296116637997e-05,0.00015205840463750064,0.0007030137930996716,0.014155061915516853,0.02053648605942726,9.982200936065055e-06,6.575796760444064e-07,1.0,454.0
2.110658897436224e-06,0.010684933513402939,0.0054086982272565365,0.12388674914836884,0.14588534832000732,0.17205046117305756,1.9522161892382428e-05,9.037080985763168e-07,9.025694112096971e-07,0.017998673021793365,0.0061005339957773685,0.16334719955921173,0.13690993189811707,0.4638381898403168,0.03229926899075508,0.0023023656103760004,0.2193421870470047,0.04177478328347206,0.054989129304885864,0.1986648589372635,0.04885561391711235,0.02634270302951336,0.12573039531707764,0.00019602836982812732,0.0004668298061005771,0.00040803864249028265,8.313493708556052e-06,1.3726075849262998e-05,0.0021743865218013525,0.003942728042602539,0.47744402289390564,0.501095175743103,0.0002543830778449774,0.0003733940829988569,0.0009870491921901703,0.0008638748549856246,0.03574213758111,0.056446705013513565,0.0018735959893092513,0.000552983081433922,0.004350615199655294,0.000951003166846931,0.07732146978378296,0.08590800315141678,0.0029759311582893133,0.0031188472639769316,0.05097246542572975,0.09268707036972046,0.00746591342613101,0.014759120531380177,1.2280664122954477e-05,2.733552037170739e-06,2.0,455.0
1.7626731505515636e-06,0.009237275458872318,0.013697835616767406,0.16970586776733398,0.16517513990402222,0.0880713164806366,2.056005541817285e-05,1.3843861097484478e-06,1.82882013177732e-06,0.01238984614610672,0.004373694304376841,0.11212808638811111,0.13720305263996124,0.04052906855940819,0.6262824535369873,0.16228637099266052,0.0008482132689096034,0.06184544786810875,0.06449428200721741,0.11142995208501816,0.0560053214430809,0.05331408604979515,0.11866043508052826,5.827964923810214e-05,0.023586146533489227,0.3044106662273407,0.0004227283934596926,0.0035085463896393776,0.0004641643608920276,0.00020516235963441432,0.05345436558127403,0.08068843185901642,0.008411633782088757,0.0035174849908798933,0.011898810043931007,0.017666766420006752,0.0011169245699420571,0.0010596233187243342,0.4853515028953552,0.00010467724496265873,0.0581367090344429,0.02843412570655346,0.012348422780632973,0.03371328115463257,1.7176359961013077e-06,9.423093274563143e-07,0.00041871180292218924,0.003388048382475972,0.000326204695738852,0.0002795108302962035,7.57617181079695e-06,1.6394235444749938e-06,1.0,456.0
6.133779493211478e-07,0.03058004379272461,0.024508360773324966,0.0019521752838045359,0.15693916380405426,0.10671493411064148,1.547410101920832e-05,2.1506619418687478e-07,2.7704732019628864e-07,0.01534370705485344,0.01440276950597763,0.014102774672210217,0.01679939217865467,0.017225267365574837,0.1547880619764328,0.16741208732128143,0.019758716225624084,0.4063551425933838,0.37999606132507324,0.34492358565330505,0.18760713934898376,0.04039492830634117,0.03666311874985695,5.8226214605383575e-05,0.024217873811721802,0.14216823875904083,0.00016941933427006006,0.01090837549418211,0.0009952650871127844,0.004480312112718821,1.3681406926480122e-05,1.2845897799707018e-05,0.17311355471611023,0.0035285097546875477,0.003769300878047943,0.0030343050602823496,0.0004849880060646683,0.001765038468874991,0.9459672570228577,0.0014249872183427215,0.02025282382965088,0.12703102827072144,0.0009430445497855544,0.002338671125471592,1.0223110393781099e-06,9.292630238633137e-07,2.2932450519874692e-05,4.6429529902525246e-05,1.4872950487188064e-05,2.5729532353579998e-05,6.362659519254521e-07,1.9225495861974196e-07,1.0,457.0
6.427262633224018e-07,0.0024520528968423605,0.051934536546468735,0.026943406090140343,0.42255330085754395,0.03937140852212906,1.0835720786417369e-05,2.5993793428824574e-07,1.4658104419140727e-07,0.023090943694114685,0.0302586667239666,0.03390514478087425,0.046547770500183105,0.09998151659965515,0.03098151832818985,0.042118679732084274,0.11344298720359802,0.19550113379955292,0.20066866278648376,0.32378584146499634,0.20694464445114136,0.02691243216395378,0.014489416964352131,2.2258322132984176e-05,0.004545317497104406,0.010249541141092777,4.314073521527462e-05,0.0008974052034318447,0.0015215215971693397,0.0003834803937934339,0.0014768070541322231,0.0019238246604800224,0.0030929469503462315,0.023913322016596794,0.0008252401603385806,0.0006765449652448297,0.0034868998918682337,0.006417646538466215,0.3727109432220459,4.248120967531577e-05,0.03712517395615578,0.00787146296352148,0.07920075953006744,0.03328951075673103,4.7626499508623965e-06,2.259974962726119e-06,0.00023120734840631485,0.00038757993024773896,0.00021316579659469426,0.00021134017151780427,1.4652922573077376e-06,3.6337877418191056e-07,1.0,458.0
7.286946583917597e-07,0.012453639879822731,0.005211590323597193,0.23783926665782928,0.07707739621400833,0.08527316898107529,4.2802412281162106e-06,1.53715276951516e-07,4.285405807991083e-08,0.11080045253038406,0.07610996812582016,0.07194825261831284,0.10032358765602112,0.7495608329772949,0.0012211394496262074,0.0029205826576799154,0.7174723148345947,0.09827423840761185,0.08890806883573532,0.33648693561553955,0.20886832475662231,0.008970240131020546,0.003683059010654688,1.0003252100432292e-05,0.008006549440324306,0.008122733794152737,2.327428046555724e-05,0.0018161650514230132,0.00279091764241457,0.0015051651280373335,0.0008294832077808678,0.0010574132902547717,0.0003162113716825843,0.029978593811392784,8.854694897308946e-05,3.5011595173273236e-05,0.017239300534129143,0.12294161319732666,0.012494993396103382,1.6575560948695056e-05,0.04670743644237518,0.01230477262288332,0.26645955443382263,0.03935638442635536,0.00012236277689225972,0.00017157007823698223,0.0005269590183161199,0.00083814503159374,4.12503068218939e-05,5.840009544044733e-05,1.619942509023531e-07,1.7343037939099304e-07,2.0,459.0
3.1057656997290906e-06,0.5215790867805481,0.5359397530555725,0.00169988046400249,0.0012456695549190044,0.0008618711726740003,0.00022303580772131681,3.091261078225216e-07,2.7680542302732647e-07,0.33169350028038025,0.2880837321281433,0.4387054741382599,0.42956793308258057,0.02826627530157566,0.08066534996032715,0.13277238607406616,0.07023341208696365,0.022540057078003883,0.01662507839500904,0.4626140296459198,0.37338823080062866,0.0033011885825544596,0.0012156078591942787,0.0005797921330668032,0.0006933823460713029,0.004910820629447699,2.765041972452309e-05,0.0002653625560924411,0.0054448493756353855,0.010709721595048904,0.0021828783210366964,0.0016304136952385306,0.0013263344299048185,0.0006691920571029186,0.007167058996856213,0.011267328634858131,0.04682789370417595,0.053770918399095535,0.0019664650317281485,0.0003147982060909271,0.009642377495765686,0.016275139525532722,0.00946490652859211,0.016634803265333176,0.6999952793121338,0.6479766368865967,0.01422384288161993,0.01104689296334982,0.1591746211051941,0.2545563280582428,6.468276865234657e-07,2.834212637026212e-06,0.0,460.0
6.555379968631314e-06,0.19446642696857452,0.17085795104503632,0.0018123112386092544,0.029836375266313553,0.0337182879447937,0.0007267468608915806,7.2227244345413055e-06,6.388118436007062e-06,0.22337029874324799,0.16475346684455872,0.08244452625513077,0.0869285836815834,0.0026883778627961874,0.6212530136108398,0.6481916904449463,0.006770148407667875,0.17046208679676056,0.15778209269046783,0.6550917625427246,0.43403685092926025,0.0034723514690995216,0.007153002079576254,0.0033591825049370527,0.00042038175160996616,0.042176228016614914,0.0019203072879463434,0.0008589545032009482,0.009922698140144348,0.004877340514212847,0.0019103860249742866,0.001684620976448059,0.024167831987142563,0.0018581906333565712,0.12588270008563995,0.2529039680957794,0.07680158317089081,0.047170430421829224,0.0027478323318064213,0.00010708170157158747,0.001460566883906722,0.006153380032628775,0.0015737959183752537,0.019130416214466095,0.9728562235832214,0.9614907503128052,0.5029281377792358,0.32206809520721436,0.4168359339237213,0.357560396194458,5.912866072321776e-06,6.768088496755809e-06,0.0,461.0
3.6660687783296453e-06,0.014007327146828175,0.036714717745780945,0.042248617857694626,0.2835072875022888,0.08129287511110306,8.922856068238616e-06,4.1390498495275097e-07,1.1541327467057272e-06,0.013894562609493732,0.004710468929260969,0.06181684508919716,0.06657962501049042,0.0032334665302187204,0.4815056324005127,0.45960208773612976,0.005005055107176304,0.10257313400506973,0.11204860359430313,0.08376791328191757,0.01101752370595932,0.060898054391145706,0.07608824223279953,5.8643245210987516e-06,0.001447911374270916,0.0035123589914292097,3.621886935434304e-05,0.00019208091543987393,0.0018120075110346079,0.000242681780946441,0.03943243622779846,0.0651860237121582,0.0004808593075722456,0.0031697778031229973,0.00011320792691549286,0.0001296979608014226,0.008962460793554783,0.003235724987462163,0.18810880184173584,0.0008766705868765712,0.04186283424496651,0.003491733456030488,0.74498450756073,0.48388949036598206,1.7343927538604476e-05,7.0702499215258285e-06,0.0008675087592564523,0.00222003273665905,0.003656163811683655,0.0036018809769302607,9.912419045576826e-06,1.150246248471376e-06,1.0,462.0
1.7050722362910165e-06,0.0004433407448232174,0.00010889835539273918,0.5504105091094971,0.7231877446174622,0.6357627511024475,0.00018110217934008688,1.960421514013433e-06,2.8977382271477836e-07,0.11067399382591248,0.13011865317821503,0.22791457176208496,0.30033817887306213,0.013526350259780884,0.16410991549491882,0.2518443763256073,0.04122774675488472,0.04423552006483078,0.03078402206301689,0.4913994073867798,0.35383379459381104,0.008679275400936604,0.00587443495169282,0.000723532575648278,0.0003005997568834573,0.001132342265918851,2.6064313715323806e-05,0.00010075396130559966,0.001784095773473382,0.0029508492443710566,0.0011870147427543998,0.001069720252417028,0.00300855515524745,0.00200532004237175,0.005105594638735056,0.006899552885442972,0.020402321591973305,0.02985205128788948,0.008056304417550564,0.00034329656045883894,0.0015723049873486161,0.0018378569511696696,0.022831657901406288,0.03643716126680374,0.8699088096618652,0.8575299978256226,0.01999575085937977,0.034148622304201126,0.465008944272995,0.4473743140697479,4.025104772154009e-06,2.3225950371852377e-06,0.0,463.0
1.1161143902427284e-06,1.6898191461223178e-05,2.6633813831722364e-05,0.9239843487739563,0.9760051965713501,0.9075540900230408,7.110262231435627e-05,1.911659865072579e-06,2.229297706435318e-06,0.0004480475327000022,0.0005805762484669685,0.07700099050998688,0.1068057119846344,0.04618902504444122,0.2194063812494278,0.11598589271306992,0.00998082384467125,0.1279209703207016,0.07750260829925537,0.011293292045593262,0.0027558759320527315,0.6650762557983398,0.31875112652778625,9.087655780604109e-05,0.0053354972042143345,0.5822276473045349,0.006118242163211107,0.0029856213368475437,0.0013790798839181662,0.005920845083892345,0.027760395780205727,0.044654347002506256,0.015772424638271332,0.0005134335369803011,0.023785753175616264,0.0266619510948658,0.0005313890869729221,0.003919730428606272,0.4352894127368927,0.0013098478084430099,0.02244933694601059,0.007392989005893469,0.022975541651248932,0.03337932005524635,9.866583241091575e-06,1.4121136700850911e-05,0.00011586376058403403,0.00486196530982852,0.0012091748649254441,0.0013103712117299438,1.221275124407839e-05,1.4320438594950247e-06,1.0,464.0
2.637385841808282e-05,0.9404329657554626,0.8761355876922607,6.0665923228953034e-05,7.132352038752288e-05,0.00042517000110819936,0.00141906866338104,2.8774177280865842e-06,3.8950056477915496e-06,0.31018954515457153,0.222136452794075,0.24213966727256775,0.257734090089798,0.06700931489467621,0.08231731504201889,0.1057523787021637,0.10561412572860718,0.06648784130811691,0.06605973839759827,0.6287368535995483,0.6151298880577087,0.0032036053016781807,0.0034235515631735325,0.0030695071909576654,0.001703533111140132,0.04236501455307007,0.00016019611211959273,0.004008532036095858,0.04872569069266319,0.062120214104652405,0.0003577812167350203,0.00032656564144417644,0.005730798467993736,0.0017220693407580256,0.08407198637723923,0.19059675931930542,0.22664378583431244,0.31596851348876953,0.0017327868845313787,0.000611483643297106,0.02178853750228882,0.07426126301288605,0.009956568479537964,0.013589209876954556,0.9377079010009766,0.9380038380622864,0.03706763684749603,0.05518552288413048,0.8081606030464172,0.8114868402481079,6.252806770135066e-07,5.182853328733472e-06,0.0,465.0
3.764689381569042e-06,0.0256605576723814,0.016673855483531952,0.05789905786514282,0.1489132195711136,0.10871649533510208,1.0607865988276899e-05,4.277410994291131e-07,3.3658679399195535e-07,0.10547646135091782,0.05798609182238579,0.02996150217950344,0.035945337265729904,0.0002669755194801837,0.9301443696022034,0.9299142956733704,0.0001703790039755404,0.2558223605155945,0.23018372058868408,0.6727408170700073,0.33126428723335266,0.014663978479802608,0.005053224042057991,4.392840128275566e-05,0.012398676946759224,0.020786704495549202,3.723589179571718e-05,0.009232038632035255,0.002826784737408161,0.0006679861107841134,0.0012669125571846962,0.0023004766553640366,0.00461058272048831,0.014416598714888096,0.0003814366355072707,0.0002804239629767835,0.005792278330773115,0.026069236919283867,0.49608033895492554,0.00010203485726378858,0.07750165462493896,0.021527111530303955,0.09175683557987213,0.015207355841994286,7.1053846113500185e-06,6.8596527853515e-06,7.925638783490285e-05,0.0017669086810201406,1.4527620805893093e-05,1.4191499758453574e-05,1.161834461527178e-06,6.839748607490037e-07,1.0,466.0
4.065927441843087e-06,0.003269597887992859,0.048086583614349365,0.0298678670078516,0.3463374078273773,0.05301467701792717,0.0005206053610891104,9.79992728389334e-06,1.570903236824961e-06,0.027865558862686157,0.034169282764196396,0.03033452481031418,0.031252726912498474,0.3376830220222473,0.013565096072852612,0.011062417179346085,0.3236256241798401,0.37600311636924744,0.3692173957824707,0.40735167264938354,0.33342745900154114,0.03663905709981918,0.03353186324238777,0.002441809978336096,0.00043098803143948317,0.03267073631286621,0.0005362083902582526,0.0009404325974173844,0.0027179981116205454,0.004354218952357769,0.0011845348635688424,0.0011102583957836032,0.040189433842897415,0.00041197999962605536,0.07931115478277206,0.11575647443532944,0.026582689955830574,0.041875217109918594,0.006028369069099426,0.0011271507246419787,0.0007187816081568599,0.005595692899078131,0.002047241199761629,0.03212800621986389,0.9282299280166626,0.9447904825210571,0.10471892356872559,0.21946072578430176,0.4176757037639618,0.38046255707740784,3.857665888062911e-06,1.1172486665600445e-05,0.0,467.0
5.248831485005212e-07,0.004221102222800255,0.009851112961769104,0.15850543975830078,0.4554927349090576,0.24017617106437683,1.5761866961838678e-05,3.166841793245112e-07,3.789179174873425e-07,0.05285688862204552,0.13533148169517517,0.16644389927387238,0.606543779373169,0.05726616457104683,0.035547446459531784,0.10648408532142639,0.20476821064949036,0.12134664505720139,0.00818344671279192,0.1359853595495224,0.08277322351932526,0.04536184296011925,0.011228677816689014,7.640862168045714e-05,8.278166205855086e-05,0.00042502349242568016,0.0003676190390251577,4.830113084608456e-06,0.003251263638958335,0.008639209903776646,0.011118404567241669,0.010346568189561367,0.0026250293012708426,0.0006288919248618186,0.006638077553361654,0.004362703301012516,0.09542075544595718,0.13154450058937073,0.008813844993710518,0.0013760285219177604,0.009263355284929276,0.0012172613060101867,0.09721352159976959,0.22161321341991425,0.00520467571914196,0.013978286646306515,0.0030219564214348793,0.008434065617620945,0.020715296268463135,0.06082085520029068,9.910122571454849e-06,1.251327148565906e-06,2.0,468.0
5.202425086281437e-07,0.007297629024833441,0.0062766228802502155,0.3072568476200104,0.41567155718803406,0.07529670745134354,0.0012597404420375824,1.8145344711228972e-06,4.930835189043137e-07,0.30345967411994934,0.24303565919399261,0.26744943857192993,0.28202107548713684,0.3819613754749298,0.020186772570014,0.02237541787326336,0.37399065494537354,0.050950776785612106,0.042472220957279205,0.36382630467414856,0.19708316028118134,0.008464875631034374,0.002877471037209034,0.014986460097134113,0.052424244582653046,0.021706681698560715,2.484140350134112e-05,4.1529838199494407e-05,0.0020142490975558758,0.017667559906840324,0.07728405296802521,0.08472293615341187,0.011057619005441666,0.00010722085426095873,0.8673409223556519,0.8675545454025269,0.007836664095520973,0.037927597761154175,0.0015840264968574047,0.00012079480802640319,0.002715455600991845,0.00450926972553134,0.0028122144285589457,0.019619878381490707,0.1700049638748169,0.30466896295547485,0.10118979215621948,0.6099029779434204,0.6533279418945312,0.7541514039039612,2.016978214669507e-05,9.082622455025557e-06,0.0,469.0
7.674083803976828e-07,0.0016169947339221835,0.00043560456833802164,0.6035091876983643,0.5119755268096924,0.5493404269218445,0.00138696504291147,6.907792339916341e-06,2.292444605700439e-06,0.015528975054621696,0.013985604047775269,0.18550650775432587,0.16730715334415436,0.06545004993677139,0.05728365108370781,0.07876798510551453,0.0931265577673912,0.08398505300283432,0.09101013094186783,0.05929769575595856,0.13198578357696533,0.06387241929769516,0.10242854803800583,0.0029365960508584976,0.0005771610303781927,0.3411087989807129,0.01156134344637394,0.00047327426727861166,0.006172396242618561,0.009171629324555397,0.01553363911807537,0.01417558453977108,0.02705349586904049,0.0009409330668859184,0.7987313866615295,0.7983711957931519,0.007123228628188372,0.020650571212172508,0.011274783872067928,8.460336539428681e-05,0.00155096803791821,0.004188398830592632,0.0008394618052989244,0.010023465380072594,0.8138349056243896,0.8648141026496887,0.30141258239746094,0.1686442345380783,0.3387208878993988,0.4750811457633972,3.8137732190079987e-06,6.502988526335685e-06,0.0,470.0
4.3002519305446185e-06,0.15796224772930145,0.12376196682453156,0.00011631862435024232,0.04203546792268753,0.04147583991289139,3.985050352639519e-05,4.911485120828729e-07,4.813940108761017e-07,0.03161940723657608,0.0348675400018692,0.013851233758032322,0.013679268769919872,0.057007357478141785,0.04655605927109718,0.058851201087236404,0.06980488449335098,0.41940000653266907,0.4348524212837219,0.40624886751174927,0.5066148042678833,0.013540374115109444,0.010285234078764915,6.889999349368736e-05,0.007348455488681793,0.07838769257068634,7.595341594424099e-05,0.015515624545514584,0.002012308919802308,0.0007410174584947526,0.0038994411006569862,0.007060370873659849,0.0015927425120025873,0.0013107487466186285,0.0023877292405813932,0.0030735591426491737,0.014180329628288746,0.022078827023506165,0.03961775824427605,0.00016938814951572567,0.0997893288731575,0.03779129683971405,0.031892601400613785,0.012200676836073399,3.4830802178476006e-05,2.9733109840890393e-05,0.00025260160327889025,0.004177700262516737,4.327233909862116e-05,4.3277537770336494e-05,3.4871857224061387e-07,1.3991987088957103e-06,1.0,471.0
2.7270658620182076e-07,0.009707508608698845,0.012227699160575867,0.03608590364456177,0.24540624022483826,0.11883088201284409,5.0586427278176416e-06,3.824846217526101e-08,1.8668123402676429e-07,0.135124072432518,0.09235920011997223,0.45785507559776306,0.4543743133544922,0.05516786128282547,0.06192542612552643,0.0760110542178154,0.06537624448537827,0.014342456124722958,0.011172816157341003,0.27053606510162354,0.16262099146842957,0.007633647881448269,0.005924604367464781,1.7413751265848987e-05,0.03104596957564354,0.012814069166779518,3.515820935717784e-05,0.005708583630621433,0.011697782203555107,0.0031292971689254045,5.877021749256528e-07,5.797052722300577e-07,0.011631552129983902,0.08443165570497513,0.0001046522957039997,9.334030619356781e-05,0.006009321194142103,0.002414200222119689,0.9201986789703369,0.00035354442661628127,0.019590195268392563,0.07569630444049835,0.009358077310025692,0.0027731077279895544,5.266730113362428e-06,1.9737308321055025e-06,3.469779039733112e-05,1.2893825442006346e-05,5.2168411457387265e-06,4.445366812433349e-06,8.924312169256154e-07,6.145213404806782e-08,1.0,472.0
1.2474285995267564e-06,0.3445545732975006,0.26768213510513306,0.0048892623744904995,0.007278230506926775,0.017861731350421906,0.0002901508705690503,5.65187633583264e-07,1.4173833733366337e-06,0.1690441071987152,0.15257228910923004,0.01857786811888218,0.019875390455126762,0.007678068708628416,0.27819955348968506,0.43308672308921814,0.0482838936150074,0.3648506999015808,0.3754365146160126,0.5903252363204956,0.45777326822280884,0.0027916806284338236,0.004018872976303101,0.001550551736727357,6.189324631122872e-05,0.060964178293943405,0.16205133497714996,0.0003398437111172825,0.003530012210831046,0.00014991842908784747,0.01849334128201008,0.02657543122768402,0.0040382156148552895,0.10831636190414429,0.7103820443153381,0.8767078518867493,0.002701785182580352,0.0007644941215403378,0.11982298642396927,3.2459536214446416e-07,0.01847757026553154,0.07924497872591019,0.0006675682961940765,0.002529977820813656,5.574547685682774e-06,1.5132145563256927e-06,0.001557578332722187,0.009874115698039532,0.002820901107043028,0.0009533455595374107,1.4889355952618644e-05,3.130996219624649e-06,1.0,473.0
3.7629126836691285e-07,0.0005254576099105179,0.0002834371116477996,0.5408998727798462,0.43313273787498474,0.2536044716835022,1.3744480384048074e-05,1.0180089020650485e-06,5.02615023378894e-07,0.09193217009305954,0.08864623308181763,0.6890055537223816,0.5041615962982178,0.2548914849758148,0.16903474926948547,0.011945471167564392,0.028084514662623405,0.004525789991021156,0.009733402170240879,0.03586021065711975,0.11257752776145935,0.01583132892847061,0.013681895099580288,0.00018862994329538196,0.00279991514980793,0.05217933654785156,0.0022490578703582287,0.00023469414736609906,0.003376320004463196,0.002911219373345375,3.9518716221209615e-05,5.815018812427297e-05,0.10168982297182083,0.001788649125955999,0.06057296693325043,0.06248960644006729,0.0012915277620777488,0.00409548869356513,0.6339480876922607,0.003709768643602729,0.01803073100745678,0.07745983451604843,0.005110938102006912,0.12828344106674194,2.7260750812274637e-06,2.3451525521522854e-06,2.2640637325821444e-05,0.00017146622121799737,0.009976631961762905,0.013907242566347122,1.4982695574872196e-05,3.9274650021070556e-07,1.0,474.0
4.5388821945380187e-07,0.40765610337257385,0.5274909734725952,0.00019796246488112956,0.021640703082084656,0.001931601669639349,9.254730684915558e-06,7.874283625142198e-08,2.7614618147708825e-08,0.26238757371902466,0.5712355375289917,0.1973154991865158,0.5186278820037842,0.027699384838342667,0.049975987523794174,0.14083676040172577,0.11325991153717041,0.09351088851690292,0.011207327246665955,0.7613354921340942,0.3992564380168915,0.005368217825889587,0.00027296540793031454,3.9341015508398414e-05,0.005659356247633696,0.0016198308439925313,1.0089017450809479e-05,0.00010513260349398479,0.0001832832203945145,0.002055245218798518,0.16741807758808136,0.1450871378183365,0.0003492712276056409,0.0003743662091437727,0.0009986027143895626,0.0002850174787454307,0.007272148970514536,0.07743753492832184,0.03539621829986572,0.0005025112768635154,0.024460911750793457,0.006795828230679035,0.18943391740322113,0.01669888384640217,2.814396793837659e-05,2.7271067665424198e-05,0.0028902834746986628,0.004355777986347675,4.7064728278201073e-05,0.00010128009307663888,1.1514854350025416e-06,7.73417639265972e-07,2.0,475.0
1.3284778788147378e-07,2.781797229545191e-05,0.00011021508544217795,0.9215638637542725,0.9472481608390808,0.4941028356552124,0.0032144743017852306,5.938568392593879e-07,2.273377276651445e-06,0.1621152013540268,0.3090660274028778,0.264288067817688,0.35758334398269653,0.26396986842155457,0.07982254773378372,0.042947918176651,0.15646164119243622,0.09267754852771759,0.042802684009075165,0.3119979798793793,0.08690820634365082,0.04923803359270096,0.002359617967158556,0.08705134689807892,0.09671320021152496,0.09276607632637024,0.00012621012865565717,0.0001537062635179609,0.0026569284964352846,0.04443218559026718,0.021099265664815903,0.01907159574329853,0.005157069303095341,2.2149188225739636e-05,0.9845523834228516,0.9798397421836853,0.018815916031599045,0.06746106594800949,0.000183707510586828,0.0003393961233086884,0.0029573237989097834,0.09348385035991669,0.00016522419173270464,0.00039437308441847563,0.11984095722436905,0.25678959488868713,0.509058952331543,0.9213159680366516,0.03194897249341011,0.06987708061933517,2.876260805351194e-05,3.465629561105743e-06,0.0,476.0
2.3060704279487254e-06,0.008219755254685879,0.013424116186797619,0.03267776221036911,0.21934160590171814,0.12679839134216309,0.0003284414706286043,6.333449391604518e-07,6.670667858088564e-07,0.13628722727298737,0.13129228353500366,0.034216150641441345,0.032125599682331085,0.09308629482984543,0.0415983684360981,0.050787098705768585,0.10760655254125595,0.24454937875270844,0.2418154925107956,0.46792903542518616,0.4083958864212036,0.004998358432203531,0.003003084799274802,0.0011047911830246449,0.001999771920964122,0.033977050334215164,5.362958836485632e-05,0.001483334694057703,0.0059622786939144135,0.005805754568427801,0.0007139468216337264,0.0006252308376133442,0.0013116922928020358,0.0010698027908802032,0.029142651706933975,0.03893999010324478,0.09195835143327713,0.11512050032615662,0.0004627259913831949,9.66519073699601e-05,0.012095821090042591,0.046187952160835266,0.0009238784550689161,0.0029103599954396486,0.42415904998779297,0.42761173844337463,0.04163220152258873,0.13801361620426178,0.0038915330078452826,0.00481797382235527,1.0375033525633626e-06,3.0403261916944757e-06,0.0,477.0
9.548373327561421e-07,0.1427161693572998,0.1110987439751625,0.036892738193273544,0.0072549497708678246,0.010987143963575363,0.0001360065070912242,9.682510153652402e-07,3.8970350146882993e-07,0.5142703056335449,0.3747171461582184,0.44045498967170715,0.45181500911712646,0.05750798434019089,0.14834269881248474,0.11531606316566467,0.022948915138840675,0.017879173159599304,0.02273503877222538,0.48944923281669617,0.6181081533432007,0.001008056802675128,0.0009132134146057069,0.0012393450597301126,0.0011026508873328567,0.013357347808778286,5.5401578720193356e-05,0.0004332222160883248,0.0020189685747027397,0.0016838295850902796,0.0030049204360693693,0.002367624780163169,0.018971655517816544,0.00302707077935338,0.06046797335147858,0.0848732739686966,0.007648179307579994,0.007174154277890921,0.02763783559203148,3.455362457316369e-05,0.0019477774621918797,0.0025428233202546835,0.0008602728485129774,0.012776833958923817,0.6867225170135498,0.5608396530151367,0.10077032446861267,0.039877746254205704,0.30556124448776245,0.32183223962783813,1.3341689282242442e-06,1.7576993514012429e-06,0.0,478.0
8.006547318473167e-07,0.0007317011477425694,0.0011101843556389213,0.3135613799095154,0.4084950089454651,0.12092939019203186,6.461487646447495e-05,1.1399461072869599e-06,6.074437237657548e-07,0.03698286786675453,0.045862454921007156,0.45900991559028625,0.4052601456642151,0.09013600647449493,0.0537070669233799,0.040211182087659836,0.06733663380146027,0.02043124847114086,0.0158708356320858,0.1078386902809143,0.10934256762266159,0.03270920366048813,0.014436795376241207,0.000736880348995328,0.0011782858055084944,0.006924844812601805,6.724802369717509e-05,9.264676918974146e-05,0.007117323577404022,0.0018630506237968802,0.011375751346349716,0.020678695291280746,0.002723267301917076,0.0003584899823181331,0.038846053183078766,0.06029372662305832,0.03235791623592377,0.0455959178507328,0.0022683620918542147,0.0007254426018334925,0.004807888530194759,0.0032833165023475885,0.007006485480815172,0.10139943659305573,0.003661263734102249,0.003383141476660967,0.003914513159543276,0.03437001630663872,0.07935678213834763,0.053722064942121506,1.9970533685409464e-05,3.425234126552823e-06,1.0,479.0
1.6057347238529474e-06,0.0022647734731435776,0.025073247030377388,0.28880682587623596,0.1822630912065506,0.026849592104554176,1.736509511829354e-05,2.0939030775934953e-07,1.7713760769311193e-07,0.41980212926864624,0.3972252309322357,0.371438592672348,0.33095017075538635,0.014333633705973625,0.1530439853668213,0.18063627183437347,0.04009632766246796,0.02836708165705204,0.020617691799998283,0.3991605043411255,0.2998102605342865,0.0017393127782270312,0.0006458059069700539,4.595659993356094e-05,0.0009892210364341736,0.0012164319632574916,5.296862127579516e-06,0.00010737433331087232,0.01844366081058979,0.05094824358820915,0.004253492224961519,0.006308980751782656,5.2137238526484e-05,0.012159283272922039,0.00024140258028637618,0.00011868211004184559,0.06686940789222717,0.38953840732574463,0.0004450807173270732,8.492443157592788e-05,0.013919764198362827,0.002220592461526394,0.5533719062805176,0.1272280365228653,0.011780074797570705,0.02083553746342659,0.0016660665860399604,0.021331682801246643,0.005073363892734051,0.0076176803559064865,1.7731128991727019e-06,1.0763458249130053e-06,2.0,480.0
3.6302237731433706e-06,0.19096854329109192,0.17124266922473907,0.00042702502105385065,0.023336971178650856,0.038796667009592056,2.4617151211714372e-05,1.2550086125884263e-07,5.295561322782305e-07,0.19288857281208038,0.16092368960380554,0.5498868227005005,0.51052325963974,0.00235634483397007,0.43575984239578247,0.45585381984710693,0.015401143580675125,0.0101946871727705,0.007583715952932835,0.26500755548477173,0.3503060042858124,0.004371203016489744,0.0036500911228358746,3.8408317777793854e-05,0.00017900050443131477,0.00034640298690646887,4.8127327318070456e-05,2.7876660169567913e-05,0.11285851150751114,0.009982858784496784,0.0006215492612682283,0.0007568057044409215,0.0001383693452225998,0.029947128146886826,6.327552546281368e-05,8.059980609687045e-05,0.1854586899280548,0.0520000196993351,0.0024087270721793175,4.849904144066386e-05,0.003758819308131933,0.0008369950228370726,0.48682546615600586,0.22455257177352905,0.30184033513069153,0.16543425619602203,0.00558714522048831,0.005409210920333862,0.03502093628048897,0.02677921950817108,2.1047715108579723e-06,9.878924629447283e-07,0.0,481.0
9.377173228131142e-06,0.003028320148587227,0.004012375604361296,0.20715846121311188,0.36149710416793823,0.2633620798587799,0.0006794393993914127,1.6707619579392485e-05,1.1979241207882296e-06,0.09673092514276505,0.04773850366473198,0.06614455580711365,0.05179533362388611,0.009205772541463375,0.02668692357838154,0.33150148391723633,0.2089262753725052,0.10833274573087692,0.12340809404850006,0.3498924970626831,0.31587061285972595,0.010124594904482365,0.008494450710713863,0.001798673765733838,0.010947907343506813,0.18305431306362152,0.00014315785665530711,0.0030526884365826845,0.0017893712501972914,0.0123662194237113,0.5820654630661011,0.5927488207817078,0.0024436938110738993,0.0009587844833731651,0.10636969655752182,0.08715798705816269,0.01351145002990961,0.08557654172182083,0.001531587797217071,4.851500125369057e-05,0.034205228090286255,0.010555603541433811,0.01127101480960846,0.05931559577584267,0.0025596057530492544,0.004172280430793762,0.016631705686450005,0.0996868908405304,0.019790565595030785,0.033015862107276917,3.833146365650464e-06,4.600724787451327e-05,2.0,482.0
2.3965179707374773e-07,0.00042890047188848257,0.0005645909695886075,0.2773473858833313,0.7042709589004517,0.3571494221687317,1.0849722457351163e-05,1.7953165354356315e-07,7.650555744476151e-08,0.2708873450756073,0.38695642352104187,0.6630300283432007,0.6530511379241943,0.008663620799779892,0.2671959400177002,0.280846506357193,0.025616168975830078,0.012793608009815216,0.0065461415797472,0.18888680636882782,0.21190960705280304,0.005559894256293774,0.0020920666866004467,4.940087819704786e-05,0.00047066714614629745,0.001175209996290505,4.078619531355798e-05,7.037201430648565e-05,0.0011885035783052444,0.00325192091986537,0.0025788014754652977,0.0034043912310153246,0.000976080191321671,0.0007146100979298353,0.001471646479330957,0.0007951288134790957,0.0035610434133559465,0.016307348385453224,0.03769809380173683,0.001678028260357678,0.004496944602578878,0.0008427273714914918,0.10338601469993591,0.13228246569633484,0.0002867747680284083,0.000411369139328599,0.00033047428587451577,0.0018265254329890013,0.04475864768028259,0.09773276001214981,5.41583676749724e-06,4.159575439643959e-07,1.0,483.0
3.7859715007471095e-07,0.00350085087120533,0.003787781810387969,0.14468516409397125,0.5263598561286926,0.45800289511680603,1.3950407264928799e-05,5.85482951009908e-07,1.1225904472667025e-07,0.08224008232355118,0.09838958829641342,0.07868676632642746,0.0816349908709526,0.5077336430549622,0.003441578708589077,0.007730309385806322,0.5774906873703003,0.13332399725914001,0.09985243529081345,0.3623685836791992,0.2140892595052719,0.011476807296276093,0.008698061108589172,2.186223355238326e-05,0.11288637667894363,0.061595071107149124,6.319670501397923e-05,0.02250516787171364,0.00041192577918991446,0.011674717999994755,4.779728624271229e-05,2.653678529895842e-05,0.028510089963674545,0.004243315197527409,0.0021562601905316114,0.0007873612339608371,0.0003200059290975332,0.005384105257689953,0.9956374764442444,0.0030760380905121565,0.37444397807121277,0.24871225655078888,0.027462320402264595,0.00247956276871264,3.220529620762136e-08,2.7615987718832002e-08,1.9190660168533213e-05,4.706288564193528e-06,1.1577044460864272e-06,2.072191819024738e-06,4.1471935219306033e-07,1.1911546238252413e-07,1.0,484.0
1.1968530770900543e-06,0.035897500813007355,0.08063293248414993,0.009870479814708233,0.013853541575372219,0.06467608362436295,1.2195548151794355e-05,1.9156859707436524e-06,1.5760682572363294e-06,0.2290530949831009,0.07449913769960403,0.13342949748039246,0.1250125616788864,0.44203752279281616,0.03899887204170227,0.024790674448013306,0.4381359815597534,0.0656435564160347,0.08175376802682877,0.5147569179534912,0.45010092854499817,0.002831412246450782,0.013082101009786129,0.0005659347516484559,9.354843314213213e-06,0.0013657782692462206,0.010115480981767178,1.747083842928987e-05,0.002816705731675029,0.00011766389798140153,0.06504222750663757,0.09521234035491943,0.03673959895968437,0.05158454179763794,0.009599637240171432,0.01297065895050764,0.044126302003860474,0.012101896107196808,0.051334626972675323,2.0470736217248486e-06,0.004938081838190556,0.006958452053368092,0.0027066576294600964,0.009024253115057945,0.0009039875585585833,0.00022414456179831177,0.06398701667785645,0.078193798661232,0.0007304853061214089,0.0006371603230945766,8.371412150154356e-06,1.1947979601245606e-06,1.0,485.0
1.5735346323708654e-06,0.023441258817911148,0.010661988519132137,0.031155867502093315,0.08736135810613632,0.279697060585022,6.166469120216789e-06,1.6667740965203848e-06,7.343405172832718e-07,0.4427669644355774,0.11674635112285614,0.5241913795471191,0.4868522584438324,0.20088127255439758,0.08802512288093567,0.04808855056762695,0.19183745980262756,0.009601821191608906,0.01751953363418579,0.25119322538375854,0.26682040095329285,0.0010961252264678478,0.014138694852590561,0.00011233732220716774,1.6896475472094608e-06,0.00011649823136394843,0.02701382339000702,1.393414095218759e-06,0.012894779443740845,0.06592517346143723,0.0019590791780501604,0.003497724886983633,0.0020867553539574146,8.603903552284464e-05,0.0007912853034213185,0.0005139787681400776,0.05469706282019615,0.2591308355331421,0.025905828922986984,0.010205026715993881,0.00296383211389184,0.0014531051274389029,0.11314347386360168,0.1332782357931137,0.010644630528986454,0.04811790585517883,0.0010805183555930853,0.16707217693328857,0.0010644656140357256,0.0020070269238203764,3.811626083916053e-05,1.4656235407528584e-06,1.0,486.0
1.676468173172907e-06,0.4482097625732422,0.3504290282726288,0.0002660008904058486,0.0031816819682717323,0.002891071140766144,0.0010242576245218515,9.432362730876775e-07,4.2145188672293443e-07,0.3952135741710663,0.3337305188179016,0.025472888723015785,0.022324789315462112,0.06467948108911514,0.07333533465862274,0.059208646416664124,0.07288804650306702,0.3783213496208191,0.4470033347606659,0.7586302757263184,0.6939771771430969,0.0016145386034622788,0.0008364575332961977,0.007042912766337395,0.011366686783730984,0.22236023843288422,0.0006670471630059183,0.0005803884123452008,0.011553123593330383,0.08058267831802368,0.009340742602944374,0.012196896597743034,0.028930889442563057,3.942299372283742e-05,0.8840008974075317,0.9022461175918579,0.0022130943834781647,0.011610078625380993,0.021382387727499008,0.0015432605287060142,0.001211094669997692,0.0014378622872754931,0.00042994553223252296,0.016778046265244484,0.044396668672561646,0.12305588275194168,0.006124342791736126,0.13053002953529358,0.03919864073395729,0.12120538204908371,5.931141913606552e-06,5.1908264140365645e-06,0.0,487.0
1.8977386844198918e-06,0.27741003036499023,0.26540878415107727,0.00039188258233480155,0.02457646280527115,0.020795051008462906,3.8536396459676325e-05,7.011732350292732e-07,3.467976625870506e-07,0.05330437049269676,0.055266715586185455,0.03118186630308628,0.03721301630139351,0.006325192283838987,0.20123936235904694,0.23425424098968506,0.023541755974292755,0.1923324167728424,0.173947274684906,0.4880584180355072,0.3414294123649597,0.011817585676908493,0.007385763805359602,5.6374741689069197e-05,0.005745516624301672,0.16163034737110138,0.0017137137474492192,0.0025023145135492086,0.0011141229188069701,0.0010973021853715181,0.0004730291257146746,0.0004154517373535782,0.02045249193906784,0.0006040938314981759,0.009078912436962128,0.013087919913232327,0.0015815232181921601,0.0006793254869990051,0.9190794825553894,0.0036325715482234955,0.09793420135974884,0.09266170859336853,0.011905246414244175,0.023093795403838158,2.5367009470755875e-07,8.379220872711812e-08,7.99615663709119e-05,5.2300023526186123e-05,8.250810788013041e-05,8.854577026795596e-05,2.1146199742361205e-06,8.197386591746181e-07,1.0,488.0
5.76432796606241e-07,0.00067378010135144,0.0022188574075698853,0.40155547857284546,0.3254261016845703,0.0522681400179863,0.00022822101891506463,4.2020093360406463e-07,2.4438594437015126e-07,0.03548268973827362,0.05953565984964371,0.04889373108744621,0.06293144077062607,0.5198978781700134,0.01460554450750351,0.004041225649416447,0.49800607562065125,0.17762845754623413,0.16352137923240662,0.2695619761943817,0.1753794550895691,0.040266044437885284,0.00982650090008974,0.0038382133934646845,0.0016571733867749572,0.0024489175993949175,6.407777982531115e-05,4.687096952693537e-05,0.005554966628551483,0.020847812294960022,0.0023975756485015154,0.0015505709452554584,0.0018630251288414001,0.00028064005891792476,0.18210501968860626,0.15846022963523865,0.035702675580978394,0.23137399554252625,0.0005946909659542143,0.0005311670247465372,0.0038735452108085155,0.006707474123686552,0.0037236150819808245,0.02888135425746441,0.2527506947517395,0.4644676744937897,0.026246078312397003,0.05569756031036377,0.024962780997157097,0.07986531406641006,3.8427324398071505e-06,1.2717333675027476e-06,2.0,489.0
4.1617759052314796e-06,0.26885485649108887,0.4688062369823456,0.0028081375639885664,0.018210768699645996,0.0038846777752041817,0.00016138600767590106,9.860908676273539e-07,2.6473404091120756e-07,0.29983291029930115,0.47578948736190796,0.06452798843383789,0.37631359696388245,0.001889198669232428,0.03193991631269455,0.6269892454147339,0.1836743950843811,0.14627842605113983,0.015919264405965805,0.6980166435241699,0.45286402106285095,0.002878991886973381,0.00035112316254526377,0.0003871906956192106,0.0010805369820445776,0.0071573033928871155,2.9064696718705818e-05,0.0013222025008872151,0.002331371884793043,0.025860106572508812,0.0006576487212441862,0.00036706554237753153,0.002239926951006055,0.00014678678417112678,0.0018641072092577815,0.0023186523467302322,0.04407647252082825,0.07866872102022171,0.005398237612098455,0.009797864593565464,0.003577819559723139,0.004338822793215513,0.01513701118528843,0.03868468850851059,0.8072277903556824,0.8934291005134583,0.0238483976572752,0.02259976975619793,0.014828430488705635,0.040657758712768555,7.883304533606861e-07,5.953992513241246e-06,0.0,490.0
3.0607134249294177e-06,0.02326180599629879,0.016833269968628883,0.06277278065681458,0.18778899312019348,0.23022153973579407,3.703908441821113e-05,2.3002694433671422e-06,2.5156289211736294e-06,0.021216172724962234,0.0321996696293354,0.08647867292165756,0.10399780422449112,0.0006094989366829395,0.693842887878418,0.665511965751648,0.0037729607429355383,0.09140763431787491,0.08787449449300766,0.2810007631778717,0.10828309506177902,0.029852528125047684,0.02510526403784752,0.00014498371456284076,0.002719494979828596,0.017579739913344383,0.0005155002581886947,0.00023272476391866803,0.0011554592056199908,0.00016338680870831013,0.03919448330998421,0.041437309235334396,0.011455976404249668,0.003582582576200366,0.005221121478825808,0.013345355167984962,0.00550707196816802,0.0012630871497094631,0.45368316769599915,0.0001475005119573325,0.028378309682011604,0.004078087396919727,0.024639952927827835,0.1436043083667755,1.3564054825110361e-05,4.632418495020829e-06,0.002060567494481802,0.0033399672247469425,0.0011558086844161153,0.000867605151142925,1.6801906895125285e-05,4.0003260437515564e-06,2.0,491.0
3.780786528295721e-06,0.022574685513973236,0.0563722588121891,0.049598295241594315,0.08845505118370056,0.03675208240747452,2.5428496883250773e-05,3.1318188575824024e-07,3.923934457361611e-07,0.11541033536195755,0.0753578320145607,0.3571467697620392,0.3292374312877655,0.0074972850270569324,0.2995445430278778,0.2766037583351135,0.011166985146701336,0.020322339609265327,0.021095512434840202,0.21585720777511597,0.46214455366134644,0.0067528849467635155,0.006824749056249857,2.3065937057253905e-05,0.002252481412142515,0.0015374801587313414,1.4871397979732137e-06,0.0003910651139449328,0.008669671602547169,0.011157190427184105,0.003988993354141712,0.003933820407837629,6.242600647965446e-05,0.005774634424597025,3.3005700970534235e-05,2.8337522962829098e-05,0.059701256453990936,0.05268145352602005,0.0018123481422662735,0.00011893565533682704,0.030737925320863724,0.004297071602195501,0.4604567289352417,0.046738289296627045,0.6848688721656799,0.5418879389762878,0.03685910627245903,0.014273458160459995,0.002214981010183692,0.004659696482121944,3.82918216246253e-07,1.3952611652712221e-06,0.0,492.0
4.773285581904929e-06,0.858433723449707,0.8577024936676025,1.2823473298340105e-05,0.00013148074503988028,0.00016942787624429911,7.499261118937284e-05,3.299438446902059e-07,6.817177222728787e-07,0.1350279301404953,0.08562078326940536,0.18446077406406403,0.1775619238615036,0.043277207762002945,0.08524513989686966,0.09710901230573654,0.06227309629321098,0.06451334059238434,0.05987107381224632,0.729771614074707,0.3712868392467499,0.004535715561360121,0.006765141151845455,0.00026176098617725074,0.00033029410406015813,0.00830886047333479,9.899024007609114e-05,0.0018336742650717497,0.03090878762304783,0.0020140132401138544,0.01212768629193306,0.01207662932574749,0.0003418940759729594,0.0006794332293793559,0.0004538343637250364,0.0017433370230719447,0.2748694121837616,0.021145489066839218,0.0008572603692300618,0.00029338314197957516,0.028662867844104767,0.007751967757940292,0.024483423680067062,0.018862228840589523,0.0515158548951149,0.018505485728383064,0.03386586531996727,0.00949607603251934,0.0009497354039922357,0.0007595566567033529,3.5705969025912054e-07,1.6798386468508397e-06,1.0,493.0
1.4137046946416376e-06,0.09664201736450195,0.15183989703655243,0.004409001674503088,0.024338867515325546,0.006868947762995958,0.0001220694393850863,2.891769668167399e-07,1.264332070149976e-07,0.2795279324054718,0.40671247243881226,0.593041181564331,0.5511562824249268,0.031240317970514297,0.12425606697797775,0.11897041648626328,0.03541930019855499,0.0149690555408597,0.00950633641332388,0.39727672934532166,0.3906453847885132,0.004230801947414875,0.0006952168769203126,0.0004836422740481794,7.963921234477311e-05,0.0015590036055073142,0.00014651493984274566,7.827678928151727e-05,0.009107033722102642,0.01320202462375164,0.0004868103133048862,0.0005126174073666334,0.0035692385863512754,9.21407772693783e-05,0.00669337110593915,0.009323506616055965,0.029797237366437912,0.04518652334809303,0.011575819924473763,0.0047493246383965015,0.002255623694509268,0.0025756314862519503,0.005011884495615959,0.02017299458384514,0.7351123690605164,0.7891143560409546,0.002605475950986147,0.016565319150686264,0.08748206496238708,0.11564470082521439,2.7606515686784405e-06,1.688774318608921e-06,0.0,494.0
1.177598846879846e-06,0.011254213750362396,0.0011485060676932335,0.31177717447280884,0.23757804930210114,0.5429948568344116,5.3003401262685657e-05,6.340368940982444e-07,4.3063079147032113e-07,0.1535610556602478,0.11644101142883301,0.0259296465665102,0.1740458458662033,0.07074453681707382,0.0029560038819909096,0.0995432436466217,0.5471328496932983,0.2014642208814621,0.04726535826921463,0.6425819396972656,0.22241997718811035,0.0035736605059355497,0.003906179452314973,6.0899339587194845e-05,0.022154241800308228,0.03776872530579567,1.6210384274017997e-05,0.0028939438052475452,0.006060037761926651,0.0008021492976695299,0.0049841334111988544,0.004834174644201994,0.0006059868028387427,0.04403487965464592,0.0015957806026563048,0.003281647339463234,0.019185010343790054,0.004056666512042284,0.08993808925151825,1.449634237360442e-05,0.12628032267093658,0.035161640495061874,0.03278256952762604,0.006344534456729889,2.7475047318148427e-05,5.94134917264455e-06,0.0010347446659579873,0.0003569909022189677,8.645668276585639e-05,5.267667802399956e-05,1.3861325669495272e-06,2.1986240881233243e-06,1.0,495.0
1.4301317605713848e-06,0.08925160020589828,0.07654772698879242,0.3429870307445526,0.01434597559273243,0.01798587292432785,2.4869750632205978e-05,5.051609264228318e-07,9.568701671014423e-07,0.004411472473293543,0.004495979752391577,0.016047177836298943,0.02500484697520733,0.10390780121088028,0.03240090608596802,0.04278797283768654,0.14565490186214447,0.4145702123641968,0.31763947010040283,0.06749404221773148,0.013829235918819904,0.19424240291118622,0.10470306128263474,5.1264738431200385e-05,0.0053561050444841385,0.4211789071559906,0.0074443090707063675,0.014313632622361183,0.005626280792057514,0.02134380303323269,1.3965622201794758e-05,1.7814225429901853e-05,0.13430194556713104,0.0006009268690831959,0.006793569773435593,0.010220924392342567,0.00020394414605107158,0.001826978288590908,0.9861947298049927,0.025915708392858505,0.09661822021007538,0.14573898911476135,0.009002462960779667,0.004387921653687954,1.7907902361002925e-07,3.4220272482343717e-07,1.3051374025963014e-06,4.949249341734685e-05,1.9194976630387828e-05,3.579463736969046e-05,1.3633248272526544e-06,2.79135832670363e-07,1.0,496.0
1.5101020380825503e-06,0.014649084769189358,0.015211262740194798,0.02391102723777294,0.21328310668468475,0.09997411072254181,0.00028202999965287745,6.903327971485851e-07,3.700598369960062e-07,0.12020482867956161,0.18930856883525848,0.08640015870332718,0.11694817245006561,0.014484093524515629,0.1635991334915161,0.21055352687835693,0.039376359432935715,0.13198253512382507,0.09889955073595047,0.440676212310791,0.3091825246810913,0.008314114063978195,0.0032329761888831854,0.0012200006749480963,0.0005661545437760651,0.004826266784220934,6.96165079716593e-05,0.0001560994569445029,0.002098528202623129,0.010731345042586327,0.00042282594949938357,0.0003128821263089776,0.005544209387153387,6.11909999861382e-05,0.03731684014201164,0.043171364814043045,0.01799714006483555,0.035035133361816406,0.005737924482673407,0.012537921778857708,0.0011133123189210892,0.008385257795453072,0.0018500561127439141,0.020456131547689438,0.7008371353149414,0.8168226480484009,0.00839990470558405,0.028245465829968452,0.09383842349052429,0.19334423542022705,5.009410870115971e-06,3.2885793643799843e-06,0.0,497.0
1.517615146440221e-06,0.5770018100738525,0.3839555084705353,0.003949816804379225,0.001499720150604844,0.004033966455608606,0.0011617500567808747,1.6787480490165763e-06,8.975137575362169e-07,0.6047754883766174,0.5000432729721069,0.761965274810791,0.76282799243927,0.033215031027793884,0.1514865905046463,0.15330399572849274,0.03150799870491028,0.006485491059720516,0.003416158491745591,0.5667864680290222,0.2666378915309906,0.0014089160831645131,0.0006510653765872121,0.004632632713764906,0.0017287879018113017,0.0370466411113739,0.0007545092375949025,0.0004123442340642214,0.002588453236967325,0.005232536233961582,0.019510630518198013,0.0129126301035285,0.018505042418837547,0.0012637032195925713,0.6331230401992798,0.735499382019043,0.013762342743575573,0.02382024936378002,0.009746881201863289,6.52963572065346e-05,0.01178380660712719,0.007375586777925491,0.004368545487523079,0.03881748393177986,0.6210778951644897,0.623588502407074,0.09771263599395752,0.024654623121023178,0.6149688363075256,0.6871746778488159,1.9921840248571243e-06,5.18961360285175e-06,2.0,498.0
1.928053961819387e-06,0.0587255023419857,0.028268862515687943,0.028326310217380524,0.15745384991168976,0.1393803060054779,1.5357885786215775e-05,1.6270259095563233e-07,4.585706676607515e-07,0.0170753113925457,0.00911631528288126,0.10032770037651062,0.10915257781744003,0.006512381136417389,0.13718362152576447,0.29398420453071594,0.044616106897592545,0.06778368353843689,0.0584300197660923,0.07704612612724304,0.02255491353571415,0.04577435553073883,0.03901072219014168,8.64360699779354e-05,6.845047028036788e-05,0.00015357309894170612,1.1566271496121772e-05,2.0336947272880934e-05,0.002035379409790039,0.0011440356029197574,0.023856600746512413,0.03174717724323273,0.0004611860786098987,0.014264147728681564,0.00018390729383099824,0.00013500434579327703,0.017827918753027916,0.026280637830495834,0.009156949818134308,5.002736725145951e-05,0.0009217014885507524,0.00014204475155565888,0.0637364462018013,0.1600198894739151,0.02776680700480938,0.04264576733112335,0.027413226664066315,0.08448081463575363,0.02131597138941288,0.03360520675778389,8.020319910428952e-06,1.3174552577766008e-06,1.0,499.0
2.2997694486548426e-06,0.38858455419540405,0.3170931041240692,0.0024767229333519936,0.0040770056657493114,0.009815149940550327,1.434955538570648e-05,3.8208469277378754e-07,1.2674217941821553e-06,0.2331615388393402,0.1115582212805748,0.10443976521492004,0.10442047566175461,0.007005210965871811,0.29101184010505676,0.3070930242538452,0.023372456431388855,0.07989072799682617,0.09043118357658386,0.39683911204338074,0.39209792017936707,0.002622052328661084,0.0038165475707501173,7.469193224096671e-05,0.0011708377860486507,0.007753052748739719,0.0005643717595376074,0.001486950903199613,0.011368793435394764,0.00024329990264959633,0.0004411490517668426,0.000608904636465013,0.002637209603562951,0.02450055256485939,0.00039068187470547855,0.0012130100512877107,0.03459177166223526,0.0015810219338163733,0.3723982870578766,9.900920849759132e-05,0.03944990411400795,0.006555870641022921,0.013705337420105934,0.01587478257715702,6.006769399391487e-05,1.104268176277401e-05,0.0008519566617906094,0.0011979046976193786,2.5295496016042307e-05,5.509182756213704e-06,2.7238220354774967e-06,7.173665039772459e-07,2.0,500.0
6.027262884344964e-07,0.44959136843681335,0.46228909492492676,0.0001219626356032677,0.013118472881615162,0.018451334908604622,0.00011301216727588326,1.7406433983069292e-07,1.8111566646439314e-07,0.6220000386238098,0.7266666889190674,0.7686277627944946,0.7921707034111023,0.009122283197939396,0.19985894858837128,0.25113242864608765,0.028322109952569008,0.0050551206804811954,0.0026309648528695107,0.5270918607711792,0.37910303473472595,0.001198694109916687,0.0003419967833906412,0.0005768191767856479,0.006187064573168755,0.0002543488808441907,2.103118049490149e-06,4.7997154979384504e-06,0.0017432483145967126,0.02931060828268528,0.11368119716644287,0.07071447372436523,0.00032769335666671395,0.007408997975289822,0.029410019516944885,0.011861350387334824,0.024111280217766762,0.15575800836086273,0.0024690479040145874,3.010725777130574e-05,0.004497204907238483,0.0003331196494400501,0.027361199259757996,0.15999913215637207,0.02866843342781067,0.03977392613887787,0.05195479094982147,0.01826251484453678,0.031009459868073463,0.07556968927383423,9.85522274277173e-06,2.498786216165172e-06,1.0,501.0
9.448478408558003e-07,0.003692391561344266,0.0036699920892715454,0.0898599922657013,0.5601410865783691,0.25760647654533386,8.483324563712813e-06,4.501829948821978e-07,3.016549214862607e-07,0.059199292212724686,0.04137419909238815,0.10061687231063843,0.12455037236213684,0.02402043715119362,0.161190003156662,0.16586220264434814,0.022675007581710815,0.09059931337833405,0.07156587392091751,0.24430230259895325,0.07847709953784943,0.013032720424234867,0.015253727324306965,1.5352263289969414e-05,0.004410351160913706,0.01735614240169525,9.560253965901211e-05,0.0043426272459328175,0.0008641605381853878,0.0022047667298465967,0.0007396392757073045,0.000850527489092201,0.0038272496312856674,0.0030319876968860626,0.0003967653610743582,0.00043438674765639007,0.00209294562228024,0.004208925645798445,0.8725870251655579,0.001243541482836008,0.3215159773826599,0.04277607426047325,0.14009888470172882,0.02178509533405304,4.447731782875053e-07,3.387656875020184e-07,3.979368557338603e-05,0.00016668997704982758,8.360792890016455e-06,1.1428763173171319e-05,1.3707272046303842e-06,2.385984316788381e-07,1.0,502.0
2.656987362570362e-06,0.08973503112792969,0.07628438621759415,0.0030043618753552437,0.021314598619937897,0.07706769555807114,8.893012818589341e-06,3.2243760870187543e-06,3.0117480491753668e-06,0.36163294315338135,0.1511407345533371,0.21290287375450134,0.10249300301074982,0.19682864844799042,0.07449022680521011,0.04960034415125847,0.1978297084569931,0.07833493500947952,0.15339593589305878,0.4825041592121124,0.5424593687057495,0.0016263608122244477,0.009442156180739403,0.00022007229563314468,1.175190664071124e-05,0.0003359323600307107,0.006085664965212345,8.730095032660756e-06,0.0044341543689370155,0.0005255728028714657,0.07873141765594482,0.17300774157047272,0.00468993978574872,0.004967723041772842,0.001435485784895718,0.0028096227906644344,0.05721258744597435,0.025945106521248817,0.20260797441005707,5.6864570069592446e-05,0.006567029282450676,0.001954567153006792,0.051498282700777054,0.03756848722696304,0.0004707173502538353,0.00019823352340608835,0.015160730108618736,0.20702476799488068,0.0002671025868039578,0.0002901754924096167,3.199749335180968e-05,2.178551540055196e-06,1.0,503.0
5.571893098021974e-07,0.001309225452132523,0.0010233846260234714,0.41135454177856445,0.447560578584671,0.31401434540748596,1.8348177036386915e-05,7.409199156427348e-07,6.718249210280192e-07,0.03015568107366562,0.01206949632614851,0.17523668706417084,0.19918455183506012,0.1830887496471405,0.03354446589946747,0.022668730467557907,0.18834762275218964,0.06268029659986496,0.036733899265527725,0.24551384150981903,0.02351786568760872,0.03912796080112457,0.070523701608181,3.866177212330513e-05,0.010516620241105556,0.6081620454788208,0.014294713735580444,0.006517056375741959,0.005247930064797401,0.010462705977261066,5.886793223908171e-05,0.00010701268911361694,0.05696556344628334,0.004138546530157328,0.004150624852627516,0.004120573867112398,0.00019586211419664323,0.0022097856272011995,0.9724955558776855,0.002075456315651536,0.04690041020512581,0.05425402149558067,0.016298899427056313,0.0059663779102265835,1.0691604046542125e-07,1.4608353637868277e-07,2.6225741294183536e-06,9.699795191409066e-05,1.4136441677692346e-05,1.7306423615082167e-05,3.5033126550843008e-06,3.5594624137047504e-07,1.0,504.0
1.415485485267709e-06,1.870857522590086e-05,8.213834917114582e-06,0.9307831525802612,0.833747148513794,0.863102912902832,0.00015706830890849233,8.540812814317178e-06,1.1801655546150869e-06,0.32131293416023254,0.2241072952747345,0.44701576232910156,0.4801923930644989,0.025971736758947372,0.19139572978019714,0.18428932130336761,0.016399169340729713,0.013027661480009556,0.017558125779032707,0.20006528496742249,0.4683310091495514,0.0024905968457460403,0.0034562780056148767,0.00036506864125840366,0.007730766665190458,0.42959508299827576,0.0012413220247253776,0.0027886065654456615,0.0030947765335440636,0.0037046645302325487,0.048981137573719025,0.06792686134576797,0.008367461152374744,0.0003626870457082987,0.08082892745733261,0.09528259932994843,0.009951695799827576,0.010904954746365547,0.018831482157111168,0.0004553239559754729,0.014196502976119518,0.003450504969805479,0.006627291440963745,0.053036127239465714,0.0007253914372995496,0.0007380965398624539,0.003922553732991219,0.019043345004320145,0.010799793526530266,0.016831019893288612,7.1857753027870785e-06,2.7462590423965594e-06,1.0,505.0
1.1978430620729341e-06,0.006373672746121883,0.009868872351944447,0.008153035305440426,0.6048188209533691,0.342262327671051,7.028227264527231e-05,2.1335061717309145e-07,1.5355966525021358e-06,0.004242654424160719,0.0011935817310586572,0.0470818430185318,0.02594066970050335,0.12599024176597595,0.13516953587532043,0.0298213642090559,0.0282757468521595,0.229536771774292,0.299062043428421,0.06636568158864975,0.03022833727300167,0.15151993930339813,0.3409236967563629,0.00028121378272771835,0.2822389304637909,0.31598836183547974,0.00023148173931986094,0.004879102110862732,0.00439675897359848,0.013684198260307312,0.00012638910266105086,0.0001556088827783242,0.03914056345820427,0.3497963845729828,0.08394535630941391,0.06975965946912766,0.0013832234544679523,0.005480926483869553,0.5677163600921631,2.4201060568884714e-06,0.035480234771966934,0.05189431458711624,0.001614667591638863,0.0049166870303452015,3.0181827241904102e-06,2.279651653225301e-06,1.6441128536826e-05,0.0003298422379884869,7.496344187529758e-05,2.734891495492775e-05,3.2277912396239117e-06,8.376078994842828e-07,1.0,506.0
5.179903382668272e-06,0.072303906083107,0.005128127988427877,0.00910143181681633,0.03534936159849167,0.3398607671260834,9.686974954092875e-05,7.595335773658007e-06,8.972939212981146e-06,0.6734330654144287,0.3697344660758972,0.5372209548950195,0.5378414392471313,0.014730011112987995,0.3344133198261261,0.3296065628528595,0.011920559220016003,0.00852683000266552,0.01941579394042492,0.4520891308784485,0.45382803678512573,0.00035292748361825943,0.002926757326349616,0.0009283613762818277,6.36102631688118e-05,0.05482546612620354,0.04937946796417236,0.000373575312551111,0.30384787917137146,0.0015176869928836823,0.0003173998848069459,0.0010776461567729712,0.2892192304134369,0.006933543831110001,0.176863431930542,0.3351885974407196,0.026825550943613052,0.0038557867519557476,0.2690066993236542,0.00013359937292989343,0.006788905244320631,0.006201121956110001,0.004964953754097223,0.2087363749742508,0.0018833043286576867,0.0009306090651080012,0.0004255860112607479,0.0233780425041914,0.5493310689926147,0.22927966713905334,2.426615174044855e-05,3.799951855398831e-06,1.0,507.0
1.0030887551693013e-06,0.0844302549958229,0.04188122600317001,0.04620172828435898,0.026919320225715637,0.03336005657911301,0.0006180588970892131,1.7628194655117113e-06,8.424739235124434e-07,0.12597209215164185,0.14330756664276123,0.1147405132651329,0.08596009016036987,0.1344577968120575,0.16836504638195038,0.03865932673215866,0.025524577125906944,0.08741883933544159,0.10135902464389801,0.4379502534866333,0.22268514335155487,0.00791342556476593,0.006458444520831108,0.002144007943570614,0.005191946402192116,0.07292680442333221,0.0005515891243703663,0.00035659282002598047,0.009446327574551105,0.040559884160757065,0.00012086589413229376,6.656819459749386e-05,0.09167937934398651,0.0004878455074504018,0.6528377532958984,0.7275373935699463,0.012528161518275738,0.012293587438762188,0.08590910583734512,0.0013199993409216404,0.001543501508422196,0.0031779033597558737,0.0011846302077174187,0.04536975175142288,0.7034196853637695,0.5761635303497314,0.013385295867919922,0.0005967905162833631,0.6086230278015137,0.6264833211898804,7.5323277997085825e-06,3.239423449485912e-06,0.0,508.0
8.914997806641622e-07,0.012057436630129814,0.0450432188808918,0.01351810060441494,0.19783928990364075,0.038059037178754807,0.00010608354932628572,1.2867830037066597e-06,3.49934879295688e-07,0.16993732750415802,0.2047499716281891,0.20503559708595276,0.19482073187828064,0.05786388739943504,0.0750584527850151,0.0807046964764595,0.07450095564126968,0.06005092337727547,0.06751398742198944,0.23953190445899963,0.43450552225112915,0.006279163993895054,0.004491549450904131,0.0011708461679518223,0.00043604124221019447,0.000751361483708024,2.8301012207521126e-05,2.9133630960131995e-05,0.0017242529429495335,0.006685575935989618,0.0009652877342887223,0.0007554456242360175,0.017764264717698097,0.0016352103557437658,0.019359737634658813,0.027165120467543602,0.015784678980708122,0.04437169432640076,0.028290776535868645,0.00033520409488119185,0.00041332253022119403,0.000769884092733264,0.005576050374656916,0.05031294748187065,0.8793729543685913,0.9056084156036377,0.04528006911277771,0.05527688190340996,0.4835229814052582,0.5809508562088013,6.499076334876008e-06,2.0960060282959603e-06,0.0,509.0
5.481550147123926e-07,0.0006531928083859384,0.0002822247624862939,0.5833656787872314,0.5483056306838989,0.37047573924064636,1.634376894799061e-05,8.362871284361972e-08,9.69696316133195e-07,0.0021308131981641054,0.0004961047088727355,0.5547412633895874,0.5294880270957947,0.15964917838573456,0.38567161560058594,0.03451652079820633,0.005331732798367739,0.007814273238182068,0.006301282439380884,0.009662880562245846,0.0033567617647349834,0.2447725534439087,0.4682268798351288,4.502668889472261e-05,0.0018391073681414127,0.001701467321254313,2.918510108429473e-05,0.00015126995276659727,0.13717329502105713,0.28551727533340454,1.851892375270836e-05,1.299448103964096e-05,0.0006595223094336689,0.004020174499601126,0.00018857834220398217,0.0001712333905743435,0.2201383411884308,0.11412844061851501,0.007690682075917721,0.0030358864460140467,0.011178506538271904,0.007175515405833721,0.11331275850534439,0.03177005425095558,0.010952853597700596,0.006045269779860973,0.0010707912733778358,9.246812260244042e-05,0.0014333103317767382,0.0014297406887635589,2.5055512651306344e-06,9.751931884238729e-08,1.0,510.0
9.274878607357095e-07,0.0008986270404420793,0.0006674840697087348,0.5677155256271362,0.3471968173980713,0.5098438858985901,0.00014108432515058666,2.7664841582009103e-06,1.1785786000473308e-06,0.022216763347387314,0.033516667783260345,0.02483365312218666,0.04519542306661606,0.011600835248827934,0.3618353009223938,0.3741118907928467,0.018789010122418404,0.2640381455421448,0.21567294001579285,0.10099013149738312,0.070452980697155,0.0284341461956501,0.024383604526519775,0.00026733826962299645,0.14905424416065216,0.4985013008117676,0.0006351168849505484,0.0016841350588947535,0.005009321961551905,0.006432882510125637,0.003823219332844019,0.003373696468770504,0.014897278510034084,0.0009974887361750007,0.03545137122273445,0.034767035394907,0.04516806825995445,0.011162652634084225,0.047152984887361526,0.0005747740506194532,0.01284985151141882,0.0012510105734691024,0.0021118945442140102,0.026879727840423584,0.0019863832276314497,0.0005953871877864003,0.005708115641027689,0.0034517415333539248,3.905095218215138e-05,6.743303401890444e-06,1.5619607438566163e-05,1.946835482158349e-06,0.0,511.0
6.349223440338392e-06,0.1706307977437973,0.06893858313560486,0.015642788261175156,0.010466227307915688,0.02606772631406784,0.00167289178352803,4.164987785770791e-06,4.138345502724405e-06,0.395307332277298,0.19575130939483643,0.22299356758594513,0.25959739089012146,0.1331249624490738,0.03306842967867851,0.04850982129573822,0.15859279036521912,0.07932531833648682,0.06094115972518921,0.7070336937904358,0.3857192099094391,0.0030243494547903538,0.004369066562503576,0.00902005285024643,0.002287165494635701,0.02902841754257679,0.00022318003175314516,0.0006164772203192115,0.0097819734364748,0.005911770276725292,0.006337926723062992,0.007244760636240244,0.002595172729343176,0.00021009369811508805,0.5088738203048706,0.7882775068283081,0.13077880442142487,0.10345953702926636,0.0004002464993391186,0.000312715710606426,0.021382039412856102,0.08420376479625702,0.006457438226789236,0.006347471848130226,0.8134373426437378,0.7455534934997559,0.06703945249319077,0.3191162943840027,0.6452426314353943,0.5876343250274658,2.236158479718142e-06,1.6583277101744898e-05,0.0,512.0
1.8466968185748556e-06,0.0048519945703446865,0.006406543310731649,0.025256242603063583,0.23429392278194427,0.05362056568264961,0.00039449153700843453,6.012009521327855e-07,4.430281990153162e-07,0.17289163172245026,0.26420626044273376,0.08415476977825165,0.17637094855308533,0.11838287115097046,0.058278147131204605,0.035050131380558014,0.0872911810874939,0.2007957100868225,0.08469799160957336,0.789600670337677,0.3846787214279175,0.010450751520693302,0.0015776256332173944,0.0023360447958111763,0.00014106092567089945,0.00972705613821745,0.0006551264086738229,0.00036767986603081226,0.008909282274544239,0.02726888097822666,0.07076806575059891,0.07539234310388565,0.00014947692397981882,4.1750536183826625e-06,0.17056140303611755,0.17166268825531006,0.06590575724840164,0.1354217529296875,0.00011617839481914416,0.01861407980322838,0.019346076995134354,0.02681860141456127,0.003185110632330179,0.006924005225300789,0.012114541605114937,0.023424498736858368,0.02447686344385147,0.2246224582195282,0.002035279758274555,0.008983013220131397,7.544829713879153e-06,4.307546078052837e-06,2.0,513.0
2.398109927526093e-06,0.2894122004508972,0.25578799843788147,0.0034692310728132725,0.01604939065873623,0.012112150900065899,0.001593606430105865,2.762666326816543e-06,1.5669889990022057e-06,0.0467437282204628,0.03016410395503044,0.05242825672030449,0.05091620236635208,0.024250894784927368,0.22195394337177277,0.2070799320936203,0.015994597226381302,0.2532813847064972,0.28365424275398254,0.3246472477912903,0.24807602167129517,0.021464362740516663,0.04935258626937866,0.002554901409894228,0.0007189025054685771,0.728054404258728,0.0545983649790287,0.00023543060524389148,0.14835646748542786,0.18374191224575043,0.13182300329208374,0.2773304581642151,0.00862050149589777,6.4755768107716e-05,0.8892583250999451,0.8292984366416931,0.0040734075009822845,0.014499831944704056,0.0030019073747098446,0.00035146946902386844,0.003206396009773016,0.004127741325646639,0.0010638405801728368,0.02406742051243782,0.0431179516017437,0.09314170479774475,0.005037469323724508,0.1517052948474884,0.023354945704340935,0.03826113045215607,1.2000751667073928e-05,2.3625010726391338e-05,1.0,514.0
1.7983342104344047e-07,0.0007647477323189378,0.00038593829958699644,0.3861745595932007,0.7530438303947449,0.6816502809524536,8.67272956384113e-06,3.8789849554632383e-07,1.386374037792848e-07,0.04992164671421051,0.03852527588605881,0.4834238886833191,0.48974207043647766,0.035581402480602264,0.11785609275102615,0.11919908225536346,0.04786081984639168,0.015686744824051857,0.011278249323368073,0.09380969405174255,0.04084664583206177,0.022273194044828415,0.028628407046198845,0.000160999596118927,0.00020234307157807052,0.00030078290728852153,2.0922852854710072e-05,2.606408997962717e-05,0.00015829564654268324,0.00029565280419774354,0.06449906527996063,0.06841348856687546,0.003334325971081853,0.00135709042660892,0.00074470677645877,0.0006531940307468176,0.0011645288905128837,0.002464307937771082,0.31039467453956604,0.0004193169588688761,0.0005496001685969532,0.00012143496860517189,0.00633349921554327,0.0349755734205246,0.0004585108545143157,0.00044157099910080433,0.02090904489159584,0.03310220316052437,0.004210558719933033,0.005072247236967087,2.2988284399616532e-05,5.868625976290787e-07,1.0,515.0
5.754245648859069e-06,0.13107773661613464,0.06723830103874207,0.008603503927588463,0.04696355387568474,0.06820037215948105,0.0007468986441381276,2.2952535800868645e-06,7.673828008591954e-07,0.22978544235229492,0.24430961906909943,0.45733559131622314,0.4792022705078125,0.00972700584679842,0.35848522186279297,0.358849436044693,0.006437812466174364,0.028278890997171402,0.010333804413676262,0.7437883019447327,0.27946898341178894,0.007695159409195185,0.001969297882169485,0.003094276413321495,0.006415941286832094,0.04498366639018059,8.329850243171677e-05,0.002435945672914386,0.003275287104770541,0.007745654787868261,0.0004884485970251262,0.00047862884821370244,0.03668228164315224,0.0020472840406000614,0.10450364649295807,0.09429694712162018,0.07715804874897003,0.1393035501241684,0.005308480933308601,0.00029053425532765687,0.0020196931436657906,0.011006789281964302,0.0014041808899492025,0.018954521045088768,0.8787332773208618,0.9047228693962097,0.08048948645591736,0.18508289754390717,0.052520401775836945,0.06349682062864304,3.275808921898715e-06,6.005550403642701e-06,0.0,516.0
3.9357919376925565e-06,0.1595935821533203,0.1306833028793335,0.08068626374006271,0.008293315768241882,0.011578411795198917,0.0008668230148032308,9.783576388144866e-06,2.900806975958403e-06,0.28203314542770386,0.1993059366941452,0.1049714908003807,0.09276075661182404,0.003183390013873577,0.6105974316596985,0.6121353507041931,0.0028529507108032703,0.12126931548118591,0.1340685784816742,0.6581957340240479,0.40332531929016113,0.0026686510536819696,0.004168957471847534,0.005657473113387823,0.0020882156677544117,0.05776873230934143,0.0005239926395006478,0.000638119294308126,0.00226508267223835,0.0019503420917317271,0.057165008038282394,0.054447777569293976,0.011082721874117851,0.0001495683245593682,0.39182382822036743,0.5591782331466675,0.01027692761272192,0.009875010699033737,0.004977126605808735,0.00027715120813809335,0.005218529142439365,0.008536170236766338,0.00272977352142334,0.024097345769405365,0.7946672439575195,0.7327090501785278,0.20249241590499878,0.27481985092163086,0.31411105394363403,0.27978768944740295,4.3767736315203365e-06,1.4327035387395881e-05,0.0,517.0
6.600294000236318e-07,0.9159348607063293,0.9089493155479431,0.00010761583689600229,0.0002936075907200575,0.0003311880282126367,0.0003880430303979665,5.353044798539486e-07,4.693052630955208e-07,0.7256937026977539,0.5791385173797607,0.8353471755981445,0.8516378402709961,0.017607247456908226,0.16445453464984894,0.19471774995326996,0.04236267879605293,0.0019484551157802343,0.0020176011603325605,0.1742369681596756,0.47342532873153687,0.00044810815597884357,0.0005750993150286376,0.0015515302075073123,0.02046929858624935,0.05822944641113281,0.00024078426940832287,0.00040670466842129827,0.003916951362043619,0.05390378460288048,0.010215619578957558,0.003038550028577447,0.0027995130512863398,0.001822856836952269,0.6816649436950684,0.5022956132888794,0.050185758620500565,0.11045550554990768,0.0013520554639399052,0.0001399769535055384,0.05004832148551941,0.013302427716553211,0.005434046499431133,0.09948715567588806,0.007351461797952652,0.007818274199962616,0.02912944182753563,0.0005982766160741448,0.030915642157197,0.08666054159402847,1.2114579703847994e-06,2.7003111426893156e-06,2.0,518.0
3.1055790259415517e-06,0.0142618827521801,0.009306736290454865,0.13579145073890686,0.2864190638065338,0.26850998401641846,0.0015708152204751968,5.806193257740233e-06,5.725414666812867e-06,0.004308172035962343,0.005912330467253923,0.16689208149909973,0.1817491352558136,0.0005314372247084975,0.939872682094574,0.9336802363395691,0.0003118936438113451,0.053997959941625595,0.044961582869291306,0.02945539355278015,0.025433840230107307,0.1747456192970276,0.12756599485874176,0.0014487809967249632,0.020537836477160454,0.3992737829685211,0.00946356076747179,0.0006336207734420896,0.026938220486044884,0.02784491516649723,0.005595759488642216,0.003961029928177595,0.06747068464756012,0.00019021698972210288,0.6061352491378784,0.5787488222122192,0.033763229846954346,0.014022738672792912,0.02377147413790226,0.0010690183844417334,0.00400905916467309,0.0011557659599930048,0.0049287015572190285,0.15908373892307281,0.7259913682937622,0.5820837020874023,0.024462198838591576,0.0033122366294264793,0.12364193052053452,0.07334226369857788,2.0512406990746967e-05,1.0907321666309144e-05,1.0,519.0
1.232454678756767e-06,0.12033326923847198,0.08330383896827698,0.0025861291214823723,0.029311003163456917,0.04397577419877052,5.733754369430244e-05,9.905112392516457e-07,6.930775953151169e-08,0.47900933027267456,0.6403108835220337,0.5080344676971436,0.48966461420059204,0.011886363849043846,0.2754959166049957,0.2774018943309784,0.010787315666675568,0.028129728510975838,0.013656551018357277,0.7704843282699585,0.5212711095809937,0.0008584472816437483,0.00023848646378610283,0.0001546331332065165,0.0007733532693237066,0.0363297164440155,0.0005901209660805762,0.01065946463495493,7.600464596180245e-05,0.22833535075187683,0.005854296963661909,0.001720456057228148,0.0014403305249288678,1.12350999188493e-05,0.006778203882277012,0.002054976299405098,0.006063586100935936,0.09213431179523468,0.015312199480831623,0.10440598428249359,0.023434394970536232,0.009141884744167328,0.014000966213643551,0.017638124525547028,0.0005314154550433159,0.0013611288741230965,0.005269995890557766,0.0010343380272388458,9.003365994431078e-05,0.0003814632073044777,6.743148333043791e-07,7.281069542841578e-07,1.0,520.0
2.0460743144212756e-06,0.0003324289864394814,0.00014491527690552175,0.3846718668937683,0.7571836113929749,0.830244779586792,0.0001180629842565395,4.1572097870812286e-06,2.148508428945206e-06,0.14840227365493774,0.038744039833545685,0.05691453441977501,0.04724467173218727,0.016224395483732224,0.3120303153991699,0.3085232079029083,0.00994070339947939,0.1958392858505249,0.21175646781921387,0.44297948479652405,0.17915453016757965,0.006455297116190195,0.02230795845389366,0.0007992030587047338,0.0005041508702561259,0.002716348273679614,0.00011853260366478935,0.00010899633343797177,0.011605667881667614,0.001838909462094307,0.0012765986612066627,0.0016508207190781832,0.006069477181881666,0.024368420243263245,0.008952208794653416,0.008565567433834076,0.025955520570278168,0.03030906803905964,0.007908596657216549,2.962628786917776e-05,0.0016569445142522454,0.0019715128000825644,0.0033531533554196358,0.028909903019666672,0.8710665702819824,0.8256791234016418,0.04255887120962143,0.12068671733140945,0.010495399124920368,0.006077982950955629,1.6005387806217186e-05,3.675240350275999e-06,0.0,521.0
1.7511489431853988e-06,0.002061250153928995,0.00032409612322226167,0.6851024627685547,0.5333020687103271,0.694872260093689,0.00047581762191839516,4.639864073396893e-06,2.263315991513082e-06,0.01771070435643196,0.00495088379830122,0.022042950615286827,0.027827026322484016,0.0038834877777844667,0.33900803327560425,0.4112970232963562,0.015025881119072437,0.33723992109298706,0.33286112546920776,0.3601866364479065,0.049570221453905106,0.04977959021925926,0.12369249016046524,0.004280185326933861,0.0021347689907997847,0.007144841365516186,3.609250416047871e-05,0.00014085070870351046,0.0009697095374576747,0.004886938259005547,0.003000404918566346,0.0022909215185791254,0.020319947972893715,0.0021018420811742544,0.15104153752326965,0.16281293332576752,0.022072525694966316,0.03387516364455223,0.010984325781464577,0.00017215935804415494,0.0009888760978356004,0.0018985378555953503,0.0010499695781618357,0.01266715582460165,0.8404931426048279,0.8349885940551758,0.29009538888931274,0.26755619049072266,0.056242503225803375,0.07234978675842285,9.228925591742154e-06,3.705380095198052e-06,0.0,522.0
1.5527897403444513e-06,0.16925270855426788,0.1377815157175064,0.12342519313097,0.005088380072265863,0.007542631588876247,1.2005593816866167e-05,6.471577762567904e-07,4.5172347995503515e-07,0.16338634490966797,0.0729987770318985,0.08011914044618607,0.07937471568584442,0.009482854045927525,0.08290238678455353,0.2618035078048706,0.06404875963926315,0.09967982769012451,0.11573335528373718,0.39128783345222473,0.32714569568634033,0.004092133138328791,0.007729794830083847,5.7995624956674874e-05,0.0017008461290970445,0.0022045085206627846,1.4767248103453312e-05,0.00020030641462653875,0.013844871893525124,0.0016862358897924423,0.005047404207289219,0.006764299236238003,0.0003453415702097118,0.0006021030130796134,0.00034142733784392476,0.000530401011928916,0.04843131825327873,0.012300149537622929,0.023043353110551834,0.0013891110429540277,0.044373769313097,0.0017101200064644217,0.11786895990371704,0.045688092708587646,0.0005453772027976811,0.00025168375577777624,0.0016657216474413872,0.0018801902187988162,0.0001313823595410213,9.752884943736717e-05,1.6996610838759807e-06,1.630479914638272e-06,2.0,523.0
1.5213132655844674e-06,0.0020539984107017517,0.00041561672696843743,0.7659121155738831,0.20914387702941895,0.3037107586860657,4.697344047599472e-05,1.1807341024905327e-06,5.795239417238918e-07,0.017795966938138008,0.01860623247921467,0.2525365948677063,0.25141996145248413,0.07247504591941833,0.0646342933177948,0.04313274472951889,0.0705675408244133,0.038129258900880814,0.03373304754495621,0.18457035720348358,0.06601588428020477,0.04443315789103508,0.027715574949979782,0.0004707640327978879,0.0002913361240644008,0.0007261283462867141,1.010196592687862e-05,5.866976425750181e-05,0.0029917992651462555,0.01398695819079876,0.13198603689670563,0.12919366359710693,0.0002594351244624704,5.5275715567404404e-05,0.0008331091958098114,0.0011642931494861841,0.04591665789484978,0.043878745287656784,0.001638738322071731,0.0050179301761090755,0.006134151481091976,0.001421131077222526,0.013342486694455147,0.01959521509706974,0.06556157022714615,0.06373314559459686,0.19206227362155914,0.20381972193717957,0.0016577012138441205,0.0021147422958165407,6.911620857863454e-06,1.703650013951119e-06,0.0,524.0
1.3027895420236746e-06,0.004171048291027546,0.006054144352674484,0.22536616027355194,0.2280379682779312,0.14213138818740845,6.305601800704608e-06,6.390182534232736e-07,1.4386553175427252e-06,0.008199860341846943,0.0037097230087965727,0.06833458691835403,0.06391867995262146,0.0168739203363657,0.3642912209033966,0.3210734724998474,0.0024412537459284067,0.1235644668340683,0.1419726312160492,0.05257055163383484,0.05949197709560394,0.05325935408473015,0.1355554312467575,1.6639687601127662e-05,0.0012610058765858412,0.013944304548203945,0.0001898140471894294,0.003255480667576194,0.004665859509259462,0.0031607835553586483,0.0004919565399177372,0.0005391182494349778,0.0010667842580005527,0.001096623484045267,0.00041759153828024864,0.0009078039438463748,0.037821754813194275,0.011869333684444427,0.43833956122398376,0.006689554546028376,0.24702386558055878,0.03144651651382446,0.11436343193054199,0.016370145604014397,7.378163445537211e-06,3.2521145385544514e-06,0.00016905253869481385,0.00024688331177458167,9.226329893863294e-06,8.93680589797441e-06,2.055260210909182e-06,2.3233297952174325e-07,1.0,525.0
5.206971991356113e-07,0.007813063450157642,0.0065820408053696156,0.449939489364624,0.03700566664338112,0.0196311566978693,4.486546913540224e-06,1.732577885604769e-07,6.111118864282616e-07,0.044261299073696136,0.010889475233852863,0.3067343533039093,0.26146095991134644,0.23554229736328125,0.03770429641008377,0.009875187650322914,0.15628840029239655,0.02967115305364132,0.030524419620633125,0.06573732942342758,0.03669097274541855,0.019770484417676926,0.08459053933620453,2.3850841898820363e-05,0.0032730847597122192,0.0037838772404938936,1.7409118299838156e-05,0.0002701533667277545,0.004538422916084528,0.0014105272712185979,0.0022486033849418163,0.0035242505837231874,0.00029723296756856143,0.021320080384612083,0.00025411933893337846,0.00020861756638623774,0.029042638838291168,0.036034904420375824,0.029526790603995323,7.378204463748261e-05,0.07567010074853897,0.03666258603334427,0.15562964975833893,0.01778297871351242,2.7253518055658787e-05,1.6761861843406223e-05,0.00042995004332624376,0.0011131680803373456,4.454251393326558e-05,5.3046383982291445e-05,1.3819101241097087e-06,3.902427749835624e-07,2.0,526.0
9.886841780826217e-07,0.02621358260512352,0.03188188001513481,0.06787481158971786,0.10517100244760513,0.02427472546696663,0.0001323404721915722,7.347321115958039e-07,9.641055385145592e-07,0.06238584592938423,0.01033705286681652,0.3133297860622406,0.286314457654953,0.5039809942245483,0.005382925737649202,0.006142346654087305,0.4739788770675659,0.02924369089305401,0.026056507602334023,0.1509278416633606,0.013855703175067902,0.025687746703624725,0.03221070021390915,0.0029418475460261106,0.0007831189432181418,0.0009137008455581963,2.608808790682815e-05,1.9822778995148838e-05,0.007748183328658342,0.00495503656566143,0.00592574430629611,0.009267618879675865,0.004965751897543669,0.00029091231408528984,0.1137600764632225,0.17170988023281097,0.02859540656208992,0.06334583461284637,0.004837876185774803,0.00045991205843165517,0.0029926171991974115,0.00048162860912270844,0.013874479569494724,0.09366025775671005,0.11510466784238815,0.1504746973514557,0.012922478839755058,0.2063898742198944,0.40863314270973206,0.483802855014801,1.162274020316545e-05,2.7686219254974276e-06,0.0,527.0
2.9338950753299287e-06,0.12521007657051086,0.08164410293102264,0.0013749857898801565,0.11547394841909409,0.0615701898932457,1.537918251415249e-05,8.001662195056269e-07,8.980763368526823e-07,0.11042002588510513,0.03613254427909851,0.029212601482868195,0.02288411557674408,0.009022384881973267,0.1039189025759697,0.23680421710014343,0.04826292395591736,0.2683267891407013,0.28269511461257935,0.6266124248504639,0.3513191342353821,0.00777125358581543,0.012486382387578487,9.755574137670919e-05,0.0026167575269937515,0.005770581774413586,7.710242789471522e-05,0.0008996169781312346,0.010454553179442883,0.00015800852270331234,0.003391687758266926,0.007977765053510666,0.009304340928792953,0.006693823728710413,0.0007936750189401209,0.0021052544470876455,0.006551825907081366,0.0019283336587250233,0.8196536302566528,0.00011391211592126638,0.04748896136879921,0.003907252103090286,0.030162625014781952,0.015414424240589142,8.944028195401188e-06,2.8321376248641172e-06,0.0003063126059714705,0.0027613106649369,3.080963506363332e-05,1.0490974091226235e-05,3.032889480891754e-06,1.4406103900910239e-06,2.0,528.0
2.747720827755984e-06,0.5839356780052185,0.5074115991592407,0.0010596859501674771,0.001387597294524312,0.002798626897856593,0.0006175101734697819,5.5740956668159924e-06,5.766000867879484e-06,0.2086506336927414,0.21962100267410278,0.14226321876049042,0.1732603758573532,0.18032345175743103,0.0541175976395607,0.03830224648118019,0.1527710258960724,0.13557730615139008,0.12319532781839371,0.5820287466049194,0.5205522179603577,0.0046530067920684814,0.0063560097478330135,0.018214412033557892,0.0008232212858274579,0.010467303916811943,0.00018120012828148901,0.0002634967095218599,0.0021966048516333103,0.009983203373849392,0.007044783793389797,0.004435124807059765,0.018299734219908714,0.00019906616944354028,0.4958967864513397,0.6688135266304016,0.06368058919906616,0.09468689560890198,0.0019043945940211415,0.0010649128817021847,0.0014335118466988206,0.013451501727104187,0.0014213029062375426,0.0070814830251038074,0.9464576244354248,0.9498504996299744,0.6947883367538452,0.7228482365608215,0.6435732841491699,0.712973415851593,3.607724693210912e-06,6.578231932508061e-06,0.0,529.0
1.5054231994326983e-07,0.001416701590642333,0.00010776422277558595,0.18275322020053864,0.6930520534515381,0.45835837721824646,4.780064045917243e-06,9.986753468638199e-08,7.04675784390929e-08,0.07589999586343765,0.009782780893146992,0.13724370300769806,0.21140077710151672,0.05377327278256416,0.6003717184066772,0.2928406596183777,0.0027811152394860983,0.07785087823867798,0.036793287843465805,0.213653564453125,0.02113248035311699,0.026415642350912094,0.03432145714759827,2.384711115155369e-05,0.026756424456834793,0.0025891971308737993,2.0543826394714415e-05,0.000146640173625201,0.0003545511281117797,0.00031332598882727325,0.07699894160032272,0.05285601690411568,0.0010045334929600358,0.09660238772630692,0.0015120209427550435,0.00044084255932830274,0.001596814370714128,0.016073158010840416,0.383279949426651,2.8789877433155198e-06,0.06463213264942169,0.008257696405053139,0.2664696276187897,0.03564494475722313,2.1887224193051225e-06,1.4906455589880352e-06,0.0019806798081845045,0.0003288478765171021,6.129331450210884e-05,0.0001004277219180949,3.0202502330212155e-06,7.01017413007321e-08,1.0,530.0
3.469951934675919e-06,0.059417519718408585,0.017819806933403015,0.2814650535583496,0.02811165153980255,0.05116801708936691,0.0007053404115140438,4.14082069255528e-06,2.7881976620847126e-06,0.17537495493888855,0.04797226935625076,0.32111454010009766,0.3009898066520691,0.0055841258727014065,0.2808636426925659,0.2892526090145111,0.021835071966052055,0.026934970170259476,0.02297501266002655,0.2059432417154312,0.059699662029743195,0.007078227587044239,0.0161905474960804,0.005247133783996105,0.000543185044080019,0.022841138765215874,0.0006596033344976604,0.00034036411670967937,0.00548552954569459,0.007381171453744173,0.07157085835933685,0.06841327250003815,0.01062252651900053,0.0008224105113185942,0.5597410798072815,0.5580497980117798,0.02563597448170185,0.05423619970679283,0.004869046155363321,8.965693996287882e-05,0.02188168279826641,0.0047813719138503075,0.008276010863482952,0.07360347360372543,0.22664885222911835,0.2868178188800812,0.12230231612920761,0.11583634465932846,0.6262818574905396,0.7553637027740479,3.893360371876042e-06,9.811841664486565e-06,1.0,531.0
2.1232132496606937e-07,8.933316712500528e-05,0.0007161740795709193,0.6211947202682495,0.813869297504425,0.023174675181508064,0.00012790851178579032,4.1174595821757976e-07,4.278251708456082e-08,0.04856039956212044,0.17422601580619812,0.04638899490237236,0.0650295689702034,0.21859504282474518,0.14829838275909424,0.055644307285547256,0.06874960660934448,0.27501237392425537,0.212576761841774,0.3890635073184967,0.5276349782943726,0.05310334637761116,0.002667293418198824,0.0028634301852434874,0.0028110151179134846,0.042711202055215836,0.000961060868576169,0.0019530841382220387,0.00016407966904807836,0.18992945551872253,0.018950186669826508,0.007261935621500015,0.001295291818678379,8.121525752358139e-06,0.332478404045105,0.05265773460268974,0.0008856026688590646,0.2699021100997925,0.0020229192450642586,0.01001006830483675,0.004356114659458399,0.017114907503128052,0.0005101761780679226,0.00243489071726799,0.004993667360395193,0.08707877993583679,0.046723347157239914,0.28066471219062805,0.00014114407531451434,0.005506917834281921,1.9420347143750405e-06,3.18839084911815e-07,1.0,532.0
1.7162491303679417e-06,0.11901682615280151,0.179225891828537,0.0014781950740143657,0.013472514227032661,0.010014384053647518,7.468281637557084e-06,2.130104803654831e-07,1.83001020559459e-07,0.0667150691151619,0.04556820169091225,0.054536983370780945,0.03919891640543938,0.1744670569896698,0.021692605689167976,0.0236569382250309,0.17742331326007843,0.19294504821300507,0.20010608434677124,0.242264986038208,0.2546200752258301,0.011078410781919956,0.009749303571879864,3.301990363979712e-05,0.006377705838531256,0.0007940634968690574,1.475170051890018e-06,8.003915718290955e-05,0.009836003184318542,0.003768600756302476,0.004492564592510462,0.005165108945220709,0.0007100929506123066,0.15072743594646454,0.00010859939357033,8.986322791315615e-05,0.017413772642612457,0.024810602888464928,0.017413748428225517,7.448941687471233e-06,0.006685737520456314,0.0010600493988022208,0.5094680786132812,0.27599024772644043,0.001460484811104834,0.0006514256820082664,0.003413657657802105,0.0013867411762475967,0.007912863045930862,0.006316833198070526,1.1591605471039657e-06,4.770736836690048e-07,1.0,533.0
3.5961105027126905e-07,0.050834186375141144,0.12673000991344452,0.06605423241853714,0.044893164187669754,0.021209897473454475,2.084327206830494e-05,1.6245637368683674e-07,4.757864502380471e-08,0.17400729656219482,0.19668427109718323,0.1746687889099121,0.2027493268251419,0.003680112073197961,0.24215050041675568,0.39721643924713135,0.029252437874674797,0.052621230483055115,0.036767616868019104,0.3909224271774292,0.3171657621860504,0.005122176371514797,0.0029527407605201006,0.00022173392062541097,9.39945675781928e-05,0.0007229135953821242,9.333648631582037e-05,6.408407352864742e-05,0.0015336390351876616,0.054704200476408005,4.411799454828724e-05,3.044954064534977e-05,0.03920905664563179,0.008250175043940544,0.006300681736320257,0.0015036924742162228,0.001779255922883749,0.036218997091054916,0.18430520594120026,0.0002579257416073233,0.0005288245738483965,0.0003025257319677621,0.004140347242355347,0.08115480840206146,0.005652027204632759,0.019996726885437965,0.0008364639361388981,0.000662229664158076,0.15025761723518372,0.3408685326576233,2.054738843071391e-06,2.577009183823975e-07,2.0,534.0
2.9567902402050095e-06,0.604997456073761,0.6311862468719482,4.8734327720012516e-05,0.0037188369315117598,0.0027927509509027004,2.1756697606178932e-05,1.5505480632782564e-07,1.6743832986776397e-07,0.39281654357910156,0.4065709710121155,0.20383122563362122,0.20073305070400238,0.026734594255685806,0.06605248898267746,0.12295525521039963,0.06653806567192078,0.05154620110988617,0.05052942410111427,0.8191003799438477,0.7129278182983398,0.0009772245539352298,0.00040995085146278143,7.05995989846997e-05,0.0010714224772527814,0.0019280454143881798,1.3662891433341429e-05,0.00034980394411832094,0.01328057050704956,0.07604874670505524,0.0020913470070809126,0.0021693147718906403,9.518898878013715e-05,0.0009890684159472585,0.0005762238288298249,0.000383638747734949,0.16144296526908875,0.41289570927619934,0.0013090004213154316,0.0005077786045148969,0.04738501459360123,0.003000034252181649,0.18556740880012512,0.012264561839401722,0.008055965416133404,0.009824590757489204,0.0014688876690343022,0.007005397230386734,7.007013482507318e-05,0.0001061770599335432,3.363201699357887e-07,7.732104450042243e-07,1.0,535.0
8.563878509448841e-06,0.24399061501026154,0.15493957698345184,0.022177889943122864,0.004948221147060394,0.00958212185651064,0.0009230720461346209,1.705592694634106e-06,1.1593750741667463e-06,0.1296733021736145,0.08219515532255173,0.016639014706015587,0.01592414267361164,0.02127177082002163,0.2684810161590576,0.26751241087913513,0.01893273927271366,0.49723708629608154,0.4619576334953308,0.6478241682052612,0.5760402679443359,0.006579154636710882,0.011987438425421715,0.001981122884899378,0.0019052677089348435,0.2095976024866104,0.0003940933384001255,0.010358885861933231,0.049920182675123215,0.039443932473659515,1.4068591553950682e-05,1.2904565664939582e-05,0.006851475685834885,0.006008976139128208,0.053443826735019684,0.21896108984947205,0.15286637842655182,0.15757934749126434,0.001002069329842925,0.00011844740220112726,0.007089809514582157,0.1383364349603653,0.001438210136257112,0.004201374016702175,0.9392738342285156,0.9272236824035645,0.00575093412771821,0.009031414985656738,0.12109941244125366,0.14006102085113525,5.76564730181417e-07,4.56371935797506e-06,0.0,536.0
5.801537668048695e-07,2.9489496228052303e-05,5.794824755867012e-05,0.7048725485801697,0.8814765810966492,0.553809642791748,2.190720806538593e-05,4.784273642144399e-06,9.769867119757691e-07,0.03941429778933525,0.025162605568766594,0.33692485094070435,0.3329150378704071,0.8114010691642761,0.0028755045495927334,0.0004145262355450541,0.7964345812797546,0.019794022664427757,0.02615812048316002,0.11861439794301987,0.17289681732654572,0.014141552150249481,0.06723842769861221,0.00038998026866465807,0.0011701465118676424,0.003611228195950389,5.8519286540104076e-05,0.00017162242147605866,0.00041549294837750494,0.00404906552284956,0.0306059829890728,0.032785650342702866,0.0032570855692029,0.00011831611482193694,0.005147204734385014,0.006038818042725325,0.004746089223772287,0.03573404252529144,0.05147320404648781,0.010408913716673851,0.006295892875641584,0.003836964489892125,0.01695120334625244,0.04997902736067772,0.00023211204097606242,0.0003306384605821222,0.002846227725967765,0.023273156955838203,0.003817969234660268,0.004971527960151434,1.0096197911479976e-05,3.100418098256341e-06,1.0,537.0
3.366142209415557e-06,0.03740021586418152,0.08950762450695038,0.04170876741409302,0.0502898134291172,0.015557299368083477,3.827135151368566e-05,1.8606199603254936e-07,3.6662225966210826e-07,0.2736448347568512,0.17917105555534363,0.046307239681482315,0.044392574578523636,0.05009438470005989,0.0653751939535141,0.09112975746393204,0.07183423638343811,0.21399454772472382,0.24721947312355042,0.7430676817893982,0.610822319984436,0.0021781381219625473,0.0018403411377221346,1.8258650015923195e-05,0.009257655590772629,0.034554384648799896,8.793373126536608e-06,0.0029588143806904554,0.019380206242203712,0.014211726374924183,0.00012819581024814397,0.0002667211228981614,4.50669031124562e-05,0.0018451886717230082,0.0006948075024411082,0.0006250612786971033,0.1608406901359558,0.25265786051750183,0.001103946939110756,0.00038847606629133224,0.7403280138969421,0.5192816257476807,0.14606407284736633,0.0037111490964889526,0.0002545859315432608,0.00019855983555316925,0.00013027706881985068,0.0025452759582549334,2.4238170226453803e-05,2.2722875655745156e-05,1.4832106387530075e-07,7.080399768710777e-07,1.0,538.0
1.126912593463203e-06,0.014441185630857944,0.3244451880455017,0.005065253935754299,0.13841558992862701,0.018656916916370392,0.0005362415686249733,6.220640784704301e-07,1.989040356420446e-06,0.14657583832740784,0.4519510269165039,0.030376579612493515,0.6833507418632507,0.12298378348350525,0.025864535942673683,0.1087992936372757,0.491735577583313,0.38077661395072937,0.0068527027033269405,0.8491016030311584,0.23699693381786346,0.0042709242552518845,0.0009527721558697522,0.0006027807830832899,0.3745732605457306,0.39352673292160034,0.0003139215987175703,0.000771898019593209,0.6086083650588989,0.1427525281906128,3.6695910239359364e-06,5.804731699754484e-06,0.08763173967599869,0.3172609806060791,0.10869404673576355,0.12510249018669128,0.028281860053539276,0.028799599036574364,0.08141760528087616,8.415124284510966e-06,0.027702143415808678,0.003812077920883894,0.0011071586050093174,0.09025653451681137,0.4408790171146393,0.4799708127975464,0.00012944158515892923,0.002425606595352292,0.006681058555841446,0.002459176816046238,1.863661623247026e-06,2.978298653033562e-06,1.0,539.0
6.467426828749012e-06,0.3594914972782135,0.5981121063232422,0.00015722880198154598,0.010756127536296844,0.0030306100379675627,0.0005128282937221229,1.3583335203293245e-06,3.4198544085484173e-07,0.09685121476650238,0.09227552264928818,0.019607743248343468,0.026700064539909363,0.03661063313484192,0.030512792989611626,0.11576283723115921,0.1576438844203949,0.28400397300720215,0.25261566042900085,0.6027129888534546,0.3995029926300049,0.007415600586682558,0.0052522276528179646,0.0005864953272975981,0.0015374690992757678,0.1376396119594574,0.00018242487567476928,0.00925759319216013,0.0015572995180264115,0.02602313831448555,8.422101382166147e-05,4.765810081153177e-05,0.01484132930636406,0.00041416482417844236,0.027606995776295662,0.02171708457171917,0.017634935677051544,0.06729617714881897,0.010955664329230785,0.005064881406724453,0.003568278858438134,0.021828480064868927,0.002382554579526186,0.024846147745847702,0.6968830823898315,0.8616429567337036,0.00596556905657053,0.007485294248908758,0.04937789589166641,0.19156381487846375,3.852514680602326e-07,2.7718926958186785e-06,0.0,540.0
5.255017185845645e-07,0.021215345710515976,0.01132015697658062,0.024069523438811302,0.18277916312217712,0.15658609569072723,0.00024437723914161325,1.398024522814012e-07,9.096943927033863e-07,0.004334011115133762,0.004006371833384037,0.03658575564622879,0.05034831911325455,0.006266135722398758,0.385966956615448,0.4119158685207367,0.005913916509598494,0.1937410533428192,0.16778267920017242,0.04745739698410034,0.020672347396612167,0.14778757095336914,0.08256756514310837,0.0003262146492488682,0.07491064816713333,0.7772800922393799,0.0006730863242410123,0.0022529016714543104,0.30640143156051636,0.2654918134212494,6.808523721701931e-06,5.705736839445308e-06,0.04819624125957489,0.0012062184978276491,0.04231380298733711,0.07593934237957001,0.012677368707954884,0.003542122896760702,0.09454745799303055,0.002091645495966077,0.001469193259254098,0.0067084841430187225,0.0006433400558307767,0.01362542249262333,0.0014711491530761123,0.0008106036111712456,0.0002518697874620557,4.919711864204146e-05,0.002447565319016576,0.0018227328546345234,3.805921551247593e-06,6.141851258689712e-07,1.0,541.0
5.30761644768063e-06,0.04382416605949402,0.01981481723487377,0.03506877273321152,0.056208979338407516,0.17135529220104218,0.0007381623145192862,3.2456853205076186e-06,2.068547019007383e-06,0.19423016905784607,0.09600913524627686,0.11538971960544586,0.0815010666847229,0.03642238304018974,0.133405864238739,0.1222052276134491,0.04303222522139549,0.09996317327022552,0.12816882133483887,0.36556172370910645,0.6451263427734375,0.0027655092999339104,0.00790720246732235,0.0012924488401040435,0.0004885311936959624,0.1304318904876709,0.0014960506232455373,0.008234169334173203,0.0030367006547749043,0.005946943536400795,0.006180061958730221,0.004683357663452625,0.0008863269467838109,0.006964653264731169,0.07256318628787994,0.08894182741641998,0.030562108382582664,0.09601815789937973,0.0003636223846115172,9.047928870131727e-06,0.06452903896570206,0.17839933931827545,0.001329698134213686,0.002662259852513671,0.7329409122467041,0.7839549779891968,0.09192436933517456,0.09155477583408356,0.0029712417162954807,0.003865406848490238,4.2371357267256826e-07,5.900839823880233e-06,0.0,542.0
7.110816682143195e-07,0.02036358416080475,0.027055591344833374,0.09390176832675934,0.16904805600643158,0.06070820614695549,0.0002666776126716286,7.787361369082646e-07,4.810383416042896e-07,0.02953103557229042,0.029011433944106102,0.1068950891494751,0.1227671280503273,0.004137709271162748,0.22692404687404633,0.3413403630256653,0.02942688949406147,0.07783576101064682,0.07354305684566498,0.13586165010929108,0.08015741407871246,0.02734800986945629,0.026825787499547005,0.0015451469225808978,0.000230974008445628,0.006545561831444502,0.00023387301189359277,0.00012612075079232454,0.001937049557454884,0.005234087817370892,0.0005965576274320483,0.00042842235416173935,0.011194244958460331,0.0005302092176862061,0.11042842268943787,0.11938896775245667,0.013463733717799187,0.01863698847591877,0.01693262718617916,0.000529666431248188,0.001744180335663259,0.0020558605901896954,0.001185114379040897,0.04724975675344467,0.5088432431221008,0.49370524287223816,0.028701234608888626,0.011049168184399605,0.1041165441274643,0.18392637372016907,3.6729172734339954e-06,3.017618837475311e-06,2.0,543.0
1.5427688992986077e-07,0.006558927241712809,0.009071627631783485,0.030058609321713448,0.31835705041885376,0.07876595854759216,6.854957518953597e-06,4.600525471687433e-08,2.6745562209384843e-08,0.20897503197193146,0.24665915966033936,0.17131182551383972,0.18700312077999115,0.03922129049897194,0.11319109052419662,0.1290448009967804,0.05578342080116272,0.06504024565219879,0.052045099437236786,0.3519527316093445,0.30347076058387756,0.005743443500250578,0.0008299460751004517,7.328194624278694e-05,0.0018667883705347776,0.0013102177763357759,1.0405185093986802e-05,0.0001508533750893548,0.00020516099175438285,0.0019219511887058616,0.004610637202858925,0.0038111272733658552,0.0008456598152406514,0.00020633390522561967,0.0006879366701468825,0.0003548275271896273,0.004290376789867878,0.034004002809524536,0.014769337140023708,0.001729236333630979,0.0013973541790619493,0.0014550955966114998,0.006287741474807262,0.008204747922718525,0.00029375540907494724,0.0005132150836288929,0.0041913134045898914,0.0057668075896799564,8.608721691416577e-05,0.00026471316232346,1.95908887690166e-06,2.2369468410943227e-07,2.0,544.0
2.2526030534208985e-06,0.34656867384910583,0.24432528018951416,0.0005048943567089736,0.0069099310785532,0.024700818583369255,4.9957670853473246e-05,1.0681213780117105e-06,1.5817931853234768e-06,0.02467610314488411,0.010473731905221939,0.05714647099375725,0.04920945689082146,0.0549454502761364,0.0985337644815445,0.13204945623874664,0.08794789761304855,0.17188695073127747,0.21595226228237152,0.12103072553873062,0.2511413097381592,0.016169264912605286,0.08850394189357758,0.00014995704987086356,4.980920493835583e-05,0.20247197151184082,0.08199350535869598,0.023270703852176666,0.0021727909334003925,3.890513471560553e-05,0.09957116842269897,0.11210056394338608,0.0014941309345886111,0.05752694606781006,0.0030705947428941727,0.008868264965713024,0.008854106068611145,0.0006339291576296091,0.11852872371673584,1.272797476303822e-06,0.04912961646914482,0.050097618252038956,0.006200007628649473,0.0020436341874301434,1.2572272680699825e-05,2.1472365006047767e-06,0.026936713606119156,0.006581226829439402,7.976302731549367e-05,2.5172863388434052e-05,6.812634296693432e-07,8.693520499036822e-07,1.0,545.0
1.1233105396968313e-06,0.000190596969332546,0.000335522519890219,0.5281892418861389,0.6710582375526428,0.4635052978992462,0.00024009398475755006,8.170676665031351e-06,1.1753885473808623e-06,0.009774526581168175,0.005127004813402891,0.39191192388534546,0.374307781457901,0.09866692125797272,0.05057576671242714,0.04778214544057846,0.10377257317304611,0.024880297482013702,0.022212667390704155,0.028516268357634544,0.02043490670621395,0.08577272295951843,0.15436261892318726,0.0004250697384122759,0.019994206726551056,0.4885883331298828,0.0015904230531305075,0.0006073247059248388,0.00130843510851264,0.018550992012023926,0.09677755832672119,0.12139152735471725,0.04445864260196686,0.0002091600908897817,0.2428087592124939,0.14361190795898438,0.0008744567749090493,0.01574830338358879,0.06371244043111801,0.0012795526999980211,0.007637853734195232,0.002555342623963952,0.011475672014057636,0.27781516313552856,0.0005593498353846371,0.001602980773895979,0.0014308277750387788,0.01482617948204279,0.05578697472810745,0.1429746448993683,1.2950735253980383e-05,7.903126970632002e-06,1.0,546.0
4.3654418391270156e-07,1.1581680155359209e-05,4.0188183447753545e-06,0.954938530921936,0.926021933555603,0.9429867267608643,0.00014861454837955534,2.453609795338707e-06,1.987108362300205e-06,0.030933842062950134,0.01864202879369259,0.3135795295238495,0.33389347791671753,0.022677162662148476,0.3550509810447693,0.3335381746292114,0.005974331870675087,0.0392293743789196,0.02937181480228901,0.13929028809070587,0.07978355139493942,0.04931754991412163,0.07165373861789703,0.0005358165362849832,0.019508089870214462,0.5934310555458069,0.002233926672488451,0.002243325812742114,0.003097106236964464,0.007568174507468939,0.03691316768527031,0.0802139863371849,0.006388287525624037,0.003950195852667093,0.18924660980701447,0.11047893762588501,0.0013333085225895047,0.01070408895611763,0.03281556814908981,3.701969762914814e-05,0.011418173089623451,0.014614680781960487,0.001967039657756686,0.003254278562963009,0.00010533730528550223,0.00012247216363903135,0.0009490484371781349,0.039115577936172485,0.00046921439934521914,0.0004038113111164421,1.101327779906569e-05,2.3799943846825045e-06,1.0,547.0
4.84451993543189e-06,0.038884930312633514,0.017783062532544136,0.09712983667850494,0.10771718621253967,0.213899627327919,5.658544250763953e-05,1.3669858844878036e-06,2.4824969386827433e-06,0.0442793108522892,0.011104008182883263,0.042136047035455704,0.05208691209554672,0.0263405442237854,0.035563189536333084,0.14354558289051056,0.13643991947174072,0.12828826904296875,0.12167233973741531,0.3674510717391968,0.05524377152323723,0.009784791618585587,0.03112819977104664,2.5557761546224356e-05,0.011146079748868942,0.07876504212617874,6.377772660925984e-05,0.017612282186746597,0.0011379496427252889,0.00037237670039758086,0.01755204051733017,0.011276415549218655,0.000565601687412709,0.020156020298600197,0.0008151564979925752,0.0010095887118950486,0.04313589632511139,0.009226933121681213,0.07740381360054016,5.72988428757526e-05,0.47734811902046204,0.080012746155262,0.12990142405033112,0.018906118348240852,1.0330771146982443e-05,2.616787924125674e-06,0.009542171843349934,0.0004850547993555665,2.429303276585415e-05,1.7580396161065437e-05,7.484778166144679e-07,1.7050218730219058e-06,2.0,548.0
5.554962854148471e-07,0.2411893904209137,0.19077038764953613,0.0005668753874488175,0.022709248587489128,0.01928897760808468,0.0009642301592975855,4.131663331463642e-07,7.035094995444524e-07,0.6495946049690247,0.6920698285102844,0.8572213649749756,0.846872866153717,0.08247902244329453,0.10778149962425232,0.06766953319311142,0.03205050528049469,0.0025470054242759943,0.0010428840760141611,0.4278779923915863,0.1804678589105606,0.0010531276930123568,0.00025772882509045303,0.0026505314745008945,0.02742573246359825,0.03151032701134682,3.48762005160097e-05,0.00024314523034263402,0.013481528498232365,0.04876675829291344,0.0016551314620301127,0.0012811829801648855,0.011108198203146458,0.00222745887003839,0.7526931762695312,0.6833166480064392,0.060999609529972076,0.17257989943027496,0.006198636256158352,9.676902845967561e-05,0.011800314299762249,0.004888719413429499,0.004780425690114498,0.05923203378915787,0.10539349168539047,0.09843388944864273,0.01783212646842003,0.004008156713098288,0.5606821179389954,0.592587947845459,7.261934115376789e-06,3.0625149065599544e-06,2.0,549.0
1.7562717857799726e-06,0.4492102265357971,0.5589420795440674,0.00015669134154450148,0.0043124244548380375,0.001635832479223609,6.915438461874146e-06,2.4765679995653045e-07,1.4410099424821965e-07,0.08851007372140884,0.05738571658730507,0.030487721785902977,0.02730630524456501,0.023220079019665718,0.08878990262746811,0.12686899304389954,0.054223645478487015,0.26144304871559143,0.27724984288215637,0.5442376732826233,0.5085500478744507,0.0067262789234519005,0.007275482174009085,1.5029851056169719e-05,0.002520892070606351,0.014581024646759033,0.00012409892224241048,0.0036057899706065655,0.0005696436273865402,0.00417542178183794,0.00046535764704458416,0.00047821906628087163,0.0014358487678691745,0.002012980403378606,0.0003221606311853975,0.0001487838599132374,0.005436144303530455,0.03637045994400978,0.36294156312942505,0.0014415462501347065,0.1030745580792427,0.04407671093940735,0.1147509515285492,0.014393100515007973,4.000509306933964e-06,4.572667421598453e-06,0.00010481858043931425,0.0002780781651381403,5.127402801008429e-06,1.5131356121855788e-05,3.2005371508603275e-07,3.348112613821286e-07,2.0,550.0
1.5882779962339555e-06,0.7663853764533997,0.8043928146362305,0.00013786175986751914,0.001133299432694912,0.0006179249612614512,1.7499301975476556e-05,4.097798296243127e-07,1.000284299834675e-07,0.15587913990020752,0.16961795091629028,0.12681345641613007,0.1417359858751297,0.7390700578689575,0.0009475192637182772,0.0025690041948109865,0.7793146371841431,0.08877435326576233,0.06877060234546661,0.7506309747695923,0.507617175579071,0.006071712356060743,0.001939389854669571,4.7953792090993375e-05,0.02901126816868782,0.14689554274082184,0.00040323121356777847,0.0291402880102396,5.343988232198171e-05,0.0038126823492348194,0.0016835592687129974,0.001891084248200059,0.0051710763946175575,0.0023444893304258585,0.006686120294034481,0.0015348567394539714,0.00018750721937976778,0.022990355268120766,0.7930220365524292,0.0005540477577596903,0.16196930408477783,0.31364861130714417,0.025087032467126846,0.0042183371260762215,1.0335732980593093e-07,3.6297248584560293e-07,1.4888134501234163e-05,0.00038766939542256296,4.602193257596809e-06,2.542742913647089e-05,2.2678092648220627e-07,7.600746130265179e-07,1.0,551.0
4.082269242644543e-06,0.014683544635772705,0.01598789542913437,0.05426621064543724,0.42204079031944275,0.25559669733047485,8.455829083686695e-05,2.1940181795798708e-06,2.3139725726650795e-06,0.009027416817843914,0.007649156730622053,0.012786136008799076,0.017140787094831467,0.008534030988812447,0.12833188474178314,0.22118261456489563,0.044747281819581985,0.40885451436042786,0.34834733605384827,0.2098933607339859,0.03784953057765961,0.06462334841489792,0.0316542349755764,0.00018715730402618647,0.00019819232693407685,0.00293654459528625,9.210484859067947e-05,0.00036151372478343546,0.0010282108560204506,0.00985730066895485,0.03362242132425308,0.020308053120970726,0.0018771867034956813,4.005449227406643e-06,0.0008950692135840654,0.001564085716381669,0.012237113900482655,0.016268400475382805,0.014151201583445072,0.09083281457424164,0.009988563135266304,0.0013447171077132225,0.013257065787911415,0.04413368180394173,0.4128437042236328,0.5300722122192383,0.3257240653038025,0.21647204458713531,0.0021078414283692837,0.003269063076004386,3.2657492283760803e-06,1.9969584172940813e-06,0.0,552.0
1.2837884924010723e-06,0.15964597463607788,0.18116362392902374,0.00011448338045738637,0.03367508947849274,0.010107439011335373,0.0020031570456922054,8.451536928077985e-07,9.006511163534014e-07,0.041423480957746506,0.08542453497648239,0.039108943194150925,0.04806436970829964,0.08029023557901382,0.11276216804981232,0.05546274408698082,0.03815334662795067,0.2545567750930786,0.2553277015686035,0.4375622272491455,0.3836444020271301,0.022579101845622063,0.011052603833377361,0.005410460755228996,0.051948823034763336,0.3309359848499298,0.0004326337075326592,0.0007627269951626658,0.015605520457029343,0.10098379105329514,0.0002824411785695702,0.00021779844246339053,0.03145216405391693,0.0003388355253264308,0.8723856806755066,0.9054321050643921,0.010957741178572178,0.030044035986065865,0.018192915245890617,0.0005058370879851282,0.0009602760546840727,0.01039950828999281,0.0005893759080208838,0.014180402271449566,0.6286700367927551,0.7440826892852783,0.00467668566852808,0.008347445167601109,0.13621097803115845,0.21459199488162994,5.289895852911286e-06,6.617216968152206e-06,1.0,553.0
4.037996404804289e-06,0.28334927558898926,0.47330063581466675,0.0034110420383512974,0.023327728733420372,0.005328913684934378,1.8162039850722067e-05,1.3653034613980708e-07,3.059640789615514e-07,0.35090935230255127,0.5876838564872742,0.4025856852531433,0.38754186034202576,0.00404558889567852,0.3442653715610504,0.31980931758880615,0.01362968422472477,0.01910095475614071,0.010889776982367039,0.29171639680862427,0.24246668815612793,0.0022996244952082634,0.00015175726730376482,2.360433791182004e-05,0.0014573311200365424,0.00729445880278945,4.051383075420745e-05,0.00017733749700710177,0.000665408035274595,0.0015953523106873035,0.01598300412297249,0.02412921003997326,0.00031175982439890504,0.0008243469637818635,0.0008657111902721226,0.0006482939352281392,0.009324092417955399,0.029978789389133453,0.015103509649634361,0.0008296294836327434,0.05108366906642914,0.005543951410800219,0.257142037153244,0.23443984985351562,0.00010626255971146747,0.00016595730266999453,0.0005838349461555481,0.016229184344410896,0.003717107465490699,0.014485924504697323,3.1160486742010107e-06,1.2329589935689e-06,1.0,554.0
2.6143684408452827e-06,0.08481895178556442,0.008707777597010136,0.0019424788188189268,0.0942753478884697,0.41411665081977844,0.0015396521193906665,6.795062859055179e-07,1.8055515056403237e-06,0.006270472891628742,0.0012693229364231229,0.025918755680322647,0.016480885446071625,0.1055733934044838,0.03453002870082855,0.030716881155967712,0.12153501063585281,0.29934778809547424,0.35038837790489197,0.05478023365139961,0.023583874106407166,0.08358792215585709,0.1531583070755005,0.002271668752655387,0.3775773048400879,0.11359613388776779,1.0953217497444712e-05,0.0007885145605541766,0.004353956785053015,0.009631423279643059,0.002628222107887268,0.002715875394642353,0.021656997501850128,0.011651276610791683,0.5566014051437378,0.5984760522842407,0.005478170700371265,0.016534555703401566,0.007705783937126398,2.4706757812964497e-06,0.004886936396360397,0.014165239408612251,0.0014944324502721429,0.03825541213154793,0.5929174423217773,0.6393289566040039,0.008344079367816448,0.013860474340617657,0.23798704147338867,0.2835639417171478,1.7730384342939942e-06,7.39091046852991e-06,1.0,555.0
5.906470050831558e-07,0.07116007059812546,0.04765978083014488,0.0876714363694191,0.014324886724352837,0.022822894155979156,1.5386325685540214e-05,5.425231393019203e-07,5.504270461642591e-08,0.23894205689430237,0.24295483529567719,0.1792188435792923,0.19344303011894226,0.24024033546447754,0.015988480299711227,0.02162899635732174,0.23126384615898132,0.07033544033765793,0.052135393023490906,0.4830285906791687,0.1807846873998642,0.002362231258302927,0.0022367776837199926,7.660319533897564e-05,0.00012494968541432172,0.000576270220335573,4.269039709470235e-05,0.00026083094417117536,0.00012110805255360901,0.19834446907043457,0.016365094110369682,0.004699308425188065,0.0002837334468495101,0.00011874007032020018,0.00028598023345693946,3.796194869210012e-05,0.003672907128930092,0.10597116500139236,0.005958102643489838,0.005492435302585363,0.003910582512617111,0.0004502164665609598,0.09639730304479599,0.03551824018359184,0.06076414883136749,0.23169972002506256,0.18809302151203156,0.01846211962401867,0.0007847239030525088,0.003552536014467478,6.833079169155098e-07,3.517070865655114e-07,1.0,556.0
8.241258910857141e-07,0.06286861002445221,0.11172111332416534,0.010374540463089943,0.0211741104722023,0.006273236125707626,7.407199882436544e-05,6.050097454135539e-07,2.693660405839182e-07,0.182190403342247,0.24323202669620514,0.33553650975227356,0.32050567865371704,0.009809697046875954,0.26255854964256287,0.25104111433029175,0.015241820365190506,0.038115620613098145,0.03460302576422691,0.45711180567741394,0.3867059051990509,0.00763814989477396,0.0021535102277994156,0.0015548415249213576,0.0002608329232316464,0.0001626419398235157,1.9016491933143698e-05,5.280495315673761e-06,0.002639086451381445,0.013971290551126003,0.011670416221022606,0.00857531651854515,0.004733989480882883,0.00014650810044258833,0.019918300211429596,0.0298087690025568,0.013876750133931637,0.031034069135785103,0.013330189511179924,0.0015075943665578961,0.0008869825978763402,0.00048030709149315953,0.012465644627809525,0.069400854408741,0.6511110067367554,0.6558760404586792,0.03920592740178108,0.040342122316360474,0.2660941779613495,0.3760792315006256,9.463715286983643e-06,2.3314896679949015e-06,0.0,557.0
2.91047786049603e-06,0.004156042356044054,0.0021276979241520166,0.04086488112807274,0.4976669251918793,0.4752366840839386,2.3336975573329255e-05,5.466541210807918e-07,8.846379841997987e-07,0.049825575202703476,0.019542424008250237,0.0230353195220232,0.021076306700706482,0.05367923527956009,0.015356066636741161,0.09495330601930618,0.24710948765277863,0.28342610597610474,0.2722207009792328,0.27790114283561707,0.07751892507076263,0.011771057732403278,0.023470694199204445,2.3018581487121992e-05,0.000913494557607919,0.002249279525130987,1.6238496755249798e-05,0.00019753184460569173,0.019554825499653816,0.02173757553100586,0.003401638939976692,0.00407753000035882,7.310439104912803e-05,0.0017013869946822524,0.0002475276996847242,0.0001661726419115439,0.13909022510051727,0.20262254774570465,0.0010595127241685987,0.0007457397296093404,0.05599345266819,0.005819935351610184,0.45265626907348633,0.0865880474448204,0.003855722723528743,0.00395978894084692,0.002431520028039813,0.006080187391489744,0.0004298655840102583,0.0006586211966350675,1.797778281797946e-06,1.6002877600840293e-06,2.0,558.0
1.3601249975181418e-06,0.037832681089639664,0.027033954858779907,0.002559458836913109,0.1391114741563797,0.15772628784179688,1.9701054043252952e-05,7.238753028104838e-07,3.084795480390312e-06,0.17920704185962677,0.01739913411438465,0.22964751720428467,0.16279128193855286,0.015472144819796085,0.21231281757354736,0.21444043517112732,0.02531702257692814,0.03968275710940361,0.07471517473459244,0.23486340045928955,0.08066574484109879,0.003445892594754696,0.041026923805475235,0.0002080925041809678,0.00012509548105299473,0.00042275781743228436,8.62928427523002e-05,5.828359644510783e-05,0.016522163525223732,0.0004232897481415421,0.010818453505635262,0.01805849000811577,0.0007604503189213574,0.0010897854808717966,0.00031826223130337894,0.0007098913192749023,0.07618923485279083,0.006079766433686018,0.031972214579582214,0.0003472413227427751,0.00391716742888093,0.00035516906064003706,0.012635990977287292,0.048467736691236496,0.18915259838104248,0.07000885158777237,0.22690196335315704,0.20793059468269348,0.0007691541104577482,0.0005489007453434169,8.448743756162003e-06,1.2075361155439168e-06,1.0,559.0
1.3304525054991245e-06,0.17926575243473053,0.08386800438165665,0.021114235743880272,0.02035117894411087,0.05308163911104202,2.7650130505207926e-05,2.717353879688744e-07,2.671755225946981e-07,0.033196017146110535,0.026579057797789574,0.007247996050864458,0.00559174083173275,0.17604191601276398,0.018906649202108383,0.025900963693857193,0.18719634413719177,0.6119193434715271,0.595228910446167,0.4539370536804199,0.32009264826774597,0.013411195017397404,0.012845195829868317,7.71762861404568e-05,0.0028191283345222473,0.032827552407979965,0.00015478668501600623,0.008435330353677273,0.0003888695500791073,0.0019029106479138136,0.006526025477796793,0.0036690698470920324,0.0009586913511157036,0.1456352323293686,0.003236060030758381,0.002191882813349366,0.004200671799480915,0.016083108261227608,0.14163877069950104,2.412501771686948e-06,0.10041716694831848,0.019437095150351524,0.006901356391608715,0.0008181144366972148,2.241012225567829e-05,1.6497877368237823e-05,0.00211128662340343,0.0006567093078047037,1.4436333231060416e-06,1.8029257944363053e-06,2.9974245308039826e-07,4.092838139513333e-07,1.0,560.0
1.742722361086635e-06,0.06125956401228905,0.05068068206310272,0.002879837527871132,0.08218444138765335,0.05872815474867821,1.1921293662453536e-05,8.92303901878222e-08,4.660480499296682e-07,0.16833361983299255,0.10190219432115555,0.07132676243782043,0.07693909853696823,0.00857717264443636,0.2474014163017273,0.27578896284103394,0.02393173612654209,0.1206991896033287,0.13903789222240448,0.3124563992023468,0.4139901101589203,0.004322068765759468,0.005712599027901888,1.644959775148891e-05,0.0008553503430448472,0.028341636061668396,0.0005776056786999106,0.0043053398840129375,0.027838891372084618,0.005454660393297672,7.212688160507241e-06,1.9473614884191193e-05,0.0005087348981760442,0.003301951102912426,0.00017207564087584615,0.00019622287072706968,0.071865513920784,0.031042885035276413,0.07529564201831818,0.0015640105120837688,0.27925318479537964,0.40984290838241577,0.028284741565585136,0.0017574129160493612,1.2198095646454021e-05,8.100609193206765e-06,1.548424370412249e-05,0.00043863413156941533,1.9310054995003156e-06,1.3659980595548404e-06,4.890405875812576e-07,2.9311047455848893e-07,1.0,561.0
4.421426638145931e-07,0.0011026368010789156,0.0017179945716634393,0.17903397977352142,0.6365612149238586,0.21854440867900848,9.149452671408653e-05,7.693693646615429e-07,5.587297664533253e-07,0.023378172889351845,0.013291766867041588,0.4863942563533783,0.46338409185409546,0.2912676930427551,0.011547945439815521,0.01331631001085043,0.28995615243911743,0.01445967797189951,0.01386396773159504,0.045210398733615875,0.021919801831245422,0.05224022641777992,0.05047197639942169,0.0011381019139662385,0.00015442153380718082,0.000741182011552155,5.47643139725551e-05,3.206181645509787e-05,0.0016317592235282063,0.0034080639015883207,0.00274618249386549,0.0021432910580188036,0.012247342616319656,0.00039995761471800506,0.03107607550919056,0.03898228704929352,0.026324104517698288,0.05463407561182976,0.019697245210409164,0.0009483565227128565,0.0015236790059134364,0.0014270828105509281,0.006306449882686138,0.03660847619175911,0.6324212551116943,0.6832355260848999,0.04126068204641342,0.04169674217700958,0.4928685426712036,0.6153957843780518,5.871526809642091e-06,1.4200650184648111e-06,0.0,562.0
2.2830608941148967e-06,0.00023288081865757704,0.00045560221769846976,0.501990795135498,0.6950463056564331,0.5040645599365234,0.0009872806258499622,5.267056621960364e-06,2.5364015527884476e-06,0.02264898456633091,0.011605149134993553,0.049079351127147675,0.05728425458073616,0.020441647619009018,0.21109023690223694,0.21281348168849945,0.014107410795986652,0.19277530908584595,0.2058905065059662,0.13748447597026825,0.026217538863420486,0.056922491639852524,0.04745731130242348,0.0012023075250908732,0.009694939479231834,0.4838109612464905,0.0032021100632846355,0.0005354004097171128,0.010253465734422207,0.05757366120815277,0.04294862225651741,0.06408081203699112,0.027552127838134766,0.00022090879792813212,0.5582915544509888,0.5115511417388916,0.0027881506830453873,0.02259761281311512,0.02869126759469509,0.0010198306990787387,0.003955792170017958,0.0016922644572332501,0.00554215582087636,0.20223161578178406,0.010585536248981953,0.044887296855449677,0.002011348959058523,0.07097093760967255,0.07176545262336731,0.13058145344257355,3.6209545214660466e-05,9.536238394503016e-06,1.0,563.0
4.943948965774325e-07,0.017412109300494194,0.013263491913676262,0.016425564885139465,0.2691308259963989,0.05404038354754448,0.00023118022363632917,1.9172672693912318e-07,2.456704635278584e-07,0.26629072427749634,0.31500279903411865,0.550879716873169,0.5459764003753662,0.027239708229899406,0.17117653787136078,0.21261240541934967,0.04856907203793526,0.01273365505039692,0.010614867322146893,0.3191588819026947,0.24763135612010956,0.00648528803139925,0.0011367920087650418,0.002549978904426098,0.0021902595181018114,0.001240842742845416,7.30504098100937e-06,1.619173417566344e-05,0.004359709098935127,0.020411362871527672,0.01254770252853632,0.015353075228631496,0.001103828544728458,4.798818918061443e-05,0.12655974924564362,0.14417608082294464,0.07483290880918503,0.18101122975349426,0.00021410260524135083,0.0013622618280351162,0.002680941252037883,0.007706054020673037,0.006965974811464548,0.02504833973944187,0.09226583689451218,0.09280849248170853,0.051226552575826645,0.13962265849113464,0.2884506583213806,0.43079644441604614,1.1040176104870625e-05,2.588798679425963e-06,0.0,564.0
3.362768552506168e-07,0.271922767162323,0.17408376932144165,0.012302407994866371,0.004942716099321842,0.03884376585483551,1.4893730622134171e-05,4.096758914329257e-07,3.395280145923607e-07,0.27342501282691956,0.2710171341896057,0.3236091136932373,0.4215832054615021,0.4408320486545563,0.021654078736901283,0.021487031131982803,0.47222426533699036,0.029709212481975555,0.0228355024009943,0.6690468192100525,0.31330475211143494,0.003232786664739251,0.004349316470324993,0.00041624720324762166,1.3987588317831978e-05,0.0001683054433669895,0.006120729725807905,3.317347591291764e-06,0.00397831154987216,0.004377273377031088,0.005200610961765051,0.006239597219973803,0.0005892652552574873,6.842424045316875e-05,0.013820824213325977,0.027393309399485588,0.07461530715227127,0.02648252807557583,0.06526247411966324,0.003472062759101391,0.011004018597304821,0.0020910664461553097,0.00563966017216444,0.0020975132938474417,0.0002124853926943615,0.000149577870615758,0.0010279238922521472,0.028791047632694244,1.6456957382615656e-05,5.1969386731798295e-06,2.2169244402903132e-05,1.051414301400655e-06,1.0,565.0
8.777797120274045e-06,0.02550792321562767,0.033482614904642105,0.05957527831196785,0.1279868483543396,0.0948873907327652,0.0005006118444725871,5.595965831162175e-06,2.9833272492396645e-06,0.13861925899982452,0.07626993954181671,0.02095584198832512,0.013473046012222767,0.003360276110470295,0.3234335780143738,0.32370689511299133,0.015165679156780243,0.3496568500995636,0.3947030305862427,0.42137667536735535,0.41696375608444214,0.004788061138242483,0.007908952422440052,0.002453064313158393,0.0006864860188215971,0.06304091215133667,0.005267641972750425,0.0003311163454782218,0.01797601953148842,0.002626860048621893,0.19833241403102875,0.36542749404907227,0.013695343397557735,0.005365102551877499,0.6960444450378418,0.7316427230834961,0.003957656677812338,0.009160870686173439,0.020765792578458786,7.596103841933655e-06,0.03213322162628174,0.010686581954360008,0.00802652258425951,0.1066908910870552,0.0006405471358448267,0.0006994395516812801,0.0012643258087337017,0.03558674454689026,0.0866670310497284,0.05984123796224594,1.469279686716618e-05,2.5330040443805046e-05,1.0,566.0
8.430478146692622e-07,0.0001337611465714872,0.00019233310013078153,0.7994318008422852,0.4977949857711792,0.30647149682044983,2.3273969418369234e-05,5.680986987499637e-07,1.840869856550853e-07,0.46696045994758606,0.387938529253006,0.6660763025283813,0.627920389175415,0.14163918793201447,0.018110303208231926,0.051399461925029755,0.23282386362552643,0.008140063844621181,0.00534444022923708,0.3070961534976959,0.2703406810760498,0.001585951540619135,0.0007511524599976838,5.074967339169234e-05,0.0018250029534101486,0.0034189647994935513,2.0838999262196012e-05,0.000672094349283725,0.004054992459714413,0.005520825739949942,0.005416368134319782,0.004721392877399921,0.0005000855890102684,0.022279584780335426,0.0002473099739290774,0.0002836625790223479,0.06657588481903076,0.08990316092967987,0.008427213877439499,5.443721602205187e-05,0.026764007285237312,0.005017915740609169,0.19137902557849884,0.06994219869375229,0.0014335077721625566,0.0009739134111441672,0.007280963473021984,0.001708555268123746,0.001679583452641964,0.002260835375636816,1.5438283753610449e-06,3.371120271822292e-07,1.0,567.0
4.009715723896079e-07,0.00354753783904016,0.006693367846310139,0.10389665514230728,0.4685623347759247,0.24935069680213928,3.115437357337214e-05,1.802678468720842e-07,3.391888583337277e-07,0.007061905227601528,0.006090310402214527,0.14441831409931183,0.1618242710828781,0.010006271302700043,0.19172467291355133,0.2088349312543869,0.02737157978117466,0.05788259953260422,0.050417833030223846,0.07095181941986084,0.04779289290308952,0.06557230651378632,0.0699579119682312,0.00011385889956727624,0.001914287800900638,0.009371367283165455,5.8527042710920796e-05,0.0010689180344343185,0.0005727370735257864,0.006157472264021635,0.0007757210405543447,0.00044277060078457,0.0015753521583974361,0.0005637716967612505,0.0032120977994054556,0.0020525262225419283,0.02868158183991909,0.03987910971045494,0.014084302820265293,0.0019124401733279228,0.00548891257494688,0.00467783585190773,0.002722323639318347,0.010589547455310822,0.000842579232994467,0.000785635900683701,0.004351367242634296,0.0007714685634709895,6.659060454694554e-05,0.00011742515198420733,1.7229334616786218e-06,7.002964252933452e-07,1.0,568.0
1.1623552609307808e-06,0.0006227769772522151,0.00010436477168696001,0.542425811290741,0.3240325450897217,0.638187825679779,0.00058202282525599,6.660948656644905e-06,4.722784069599584e-06,0.32256951928138733,0.18805310130119324,0.43442654609680176,0.45278695225715637,0.012262169271707535,0.44596514105796814,0.43799322843551636,0.0038298158906400204,0.017164800316095352,0.01756465807557106,0.35998037457466125,0.3137553036212921,0.002514609834179282,0.007154922466725111,0.0058278534561395645,0.0011236474383622408,0.10840431600809097,0.0014983552973717451,0.0005830978625454009,0.024912960827350616,0.0017171072540804744,0.17594335973262787,0.2273336946964264,0.008282201364636421,0.03559965267777443,0.46000799536705017,0.5438100099563599,0.012206885032355785,0.00999597366899252,0.005504549480974674,7.156295396271162e-07,0.011668774299323559,0.004598254803568125,0.0015455996617674828,0.019723543897271156,0.03560464084148407,0.018957434222102165,0.36490166187286377,0.5219919681549072,0.21966439485549927,0.1552543193101883,9.127836165134795e-06,3.5559744446800323e-06,1.0,569.0
3.7174953604335315e-07,0.004130814224481583,0.004100916441529989,0.11918219923973083,0.23282741010189056,0.172105610370636,0.0006403060397133231,1.5356522453657817e-06,6.01794113208598e-07,0.6002209782600403,0.5507640242576599,0.7162730693817139,0.7239659428596497,0.03158317506313324,0.17151837050914764,0.16394390165805817,0.02499743551015854,0.007630358450114727,0.008201598189771175,0.5979467630386353,0.46462249755859375,0.0010433412389829755,0.0008405580301769078,0.00597743084654212,0.0009212365257553756,0.023821281269192696,0.0005076621891930699,0.00018988210649695247,0.005844311788678169,0.010140646249055862,0.002503377618268132,0.0023521247785538435,0.01517239585518837,0.00027625952498055995,0.6248657703399658,0.7609119415283203,0.010143134742975235,0.01590580865740776,0.016194868832826614,0.00024184008361771703,0.003187858033925295,0.0017204864416271448,0.0004989853478036821,0.012842741794884205,0.3871902525424957,0.3775995969772339,0.03785555437207222,0.07524409890174866,0.10148051381111145,0.1394841969013214,6.752357876393944e-06,3.4082966067217058e-06,0.0,570.0
1.4706525917063118e-06,0.24199478328227997,0.07683655619621277,0.00025291997008025646,0.003027134109288454,0.08022427558898926,9.015568139147945e-06,9.031514878188318e-07,3.416109279896773e-07,0.20220792293548584,0.05738250911235809,0.09600590914487839,0.05638609081506729,0.06846341490745544,0.07487921416759491,0.0675988718867302,0.08236702531576157,0.14183318614959717,0.16054175794124603,0.27668362855911255,0.5826721787452698,0.00264838058501482,0.0066718971356749535,5.5142354540294036e-05,0.0002828788128681481,0.0076363543048501015,0.001266678562387824,0.0017860117368400097,0.001094078877940774,0.0006052516982890666,0.0055499752052128315,0.005495918449014425,0.0010121772065758705,3.377711254870519e-05,0.0004130277375224978,0.000663359125610441,0.04762926325201988,0.006571479141712189,0.08771529048681259,0.02106410451233387,0.0295940563082695,0.00432769488543272,0.023305673152208328,0.014169247820973396,0.00021728218416683376,8.483967394568026e-05,0.005459155421704054,0.0016979735810309649,8.67636117618531e-06,9.937284630723298e-06,7.512446131840989e-07,4.79442235246097e-07,1.0,571.0
1.7525138673590845e-06,0.05026647448539734,0.04760443791747093,0.006094508338719606,0.11199773848056793,0.1082502007484436,0.0008834594045765698,4.149965207034256e-06,6.414697395484836e-07,0.2829386293888092,0.2330927848815918,0.04801297187805176,0.051053110510110855,0.02125806361436844,0.12372522056102753,0.17849861085414886,0.060739435255527496,0.2523529827594757,0.26326683163642883,0.6370948553085327,0.5825791358947754,0.003392147133126855,0.002835823455825448,0.0025349317584186792,0.0033340961672365665,0.18285804986953735,0.0003944861236959696,0.0005726813105866313,0.0014901722315698862,0.007866756990551949,0.0058212014846503735,0.004797277040779591,0.19912348687648773,0.00022069344413466752,0.407075434923172,0.5109097957611084,0.0028674656059592962,0.007635378744453192,0.057967085391283035,0.0007673103245906532,0.0002558256092015654,0.0008851961465552449,0.0005033123306930065,0.018537158146500587,0.8674845695495605,0.9264083504676819,0.13765384256839752,0.1204216331243515,0.48710817098617554,0.7436823844909668,3.2615660074952757e-06,4.260399691702332e-06,0.0,572.0
2.795453156068106e-06,0.008434101939201355,0.004848284646868706,0.020734595134854317,0.3979143500328064,0.3696024715900421,0.0012366657610982656,3.0508808777085505e-06,2.2055771751183784e-06,0.02274405024945736,0.04879920557141304,0.029358476400375366,0.13492965698242188,0.5904024839401245,0.0021120060700923204,0.0050532142631709576,0.69101881980896,0.3294355869293213,0.10271858423948288,0.5692138075828552,0.04629897326231003,0.07541194558143616,0.008676948957145214,0.010111017152667046,0.017263928428292274,0.022212592884898186,6.830538768554106e-05,0.00032668645144440234,0.000885390501935035,0.002529954770579934,0.015063873492181301,0.01142954733222723,0.028926555067300797,0.00010304452007403597,0.43068230152130127,0.6270490288734436,0.020828459411859512,0.020429104566574097,0.003015481401234865,0.0005207963986322284,0.0014646045165136456,0.007480036001652479,0.0008394381729885936,0.017403846606612206,0.7255685329437256,0.7889832854270935,0.14027781784534454,0.6557512283325195,0.08852384984493256,0.09681001305580139,7.726791409368161e-06,1.8103763068211265e-05,0.0,573.0
5.548533226829022e-05,0.003258737502619624,0.0010703380685299635,0.6233698725700378,0.09010658413171768,0.5011587142944336,0.0002388760622125119,3.914636909030378e-05,4.017503670183942e-06,0.25902530550956726,0.0011374028399586678,0.9737398624420166,0.4592476785182953,0.00021114539413247257,0.8988175988197327,0.9749333262443542,0.0011884679552167654,0.00015421728312503546,0.03427640348672867,0.0323936752974987,0.19462032616138458,0.004436561372131109,0.24267999827861786,0.0006461429875344038,0.002044878900051117,0.022161751985549927,0.0002649676753208041,0.017080850899219513,0.08767111599445343,0.02616850659251213,0.021594960242509842,0.029232004657387733,0.0014060623943805695,0.054224126040935516,0.0014109067851677537,0.0035859376657754183,0.14001686871051788,0.283314973115921,0.0026176089886575937,7.84269068390131e-05,0.1257038563489914,0.025757165625691414,0.23805512487888336,0.07539305835962296,0.03439593315124512,0.029593413695693016,0.009471055120229721,0.07280527800321579,0.011208838783204556,0.002794385887682438,1.934232841449557e-06,1.5880144701441168e-06,1.0,574.0
9.767081792233512e-07,0.09232964366674423,0.1297622174024582,0.00778427068144083,0.015794401988387108,0.03228349611163139,0.0011015848722308874,2.413647735011182e-06,5.120458808960393e-06,0.28662389516830444,0.3803667426109314,0.4135633111000061,0.43761923909187317,0.00566864525899291,0.6668887734413147,0.6469200849533081,0.003317498369142413,0.04114672914147377,0.027718791738152504,0.5490946173667908,0.4481528103351593,0.0028283498249948025,0.00403389148414135,0.004679774399846792,0.00021356168144848198,0.04139590263366699,0.008405076339840889,0.0004898260813206434,0.0071805319748818874,0.004457504488527775,0.07015372067689896,0.052116263657808304,0.0033868267200887203,0.00020982744172215462,0.6609652042388916,0.7568835020065308,0.03507513180375099,0.02931462600827217,0.0005689027602784336,5.449788659461774e-05,0.015101835131645203,0.0321902371942997,0.004313458688557148,0.006536176893860102,0.6658052206039429,0.6515357494354248,0.6145994663238525,0.23205918073654175,0.35037896037101746,0.4569793939590454,1.775542727955326e-06,2.7952585242019268e-06,0.0,575.0
1.166950255537813e-06,0.22057119011878967,0.16675642132759094,0.002236219123005867,0.009971734136343002,0.03984283655881882,8.847063327266369e-06,9.565809477862786e-07,1.34637119231229e-07,0.6424623727798462,0.3643290400505066,0.484824001789093,0.4075530171394348,0.024391235783696175,0.13756828010082245,0.1825597584247589,0.055086106061935425,0.009655737318098545,0.024202214553952217,0.2615361213684082,0.584953248500824,0.00034899296588264406,0.0006746809813193977,1.716886254143901e-05,0.0010472956346347928,0.1325354427099228,0.007209473755210638,0.01769433543086052,0.00021582590125035495,0.053180281072854996,9.945039892045315e-06,9.15102100407239e-06,0.009892014786601067,0.0006379103870131075,0.001551050110720098,0.0006546558579429984,0.0006910839583724737,0.009878045879304409,0.8890384435653687,0.031034357845783234,0.12822093069553375,0.04064242169260979,0.027370451018214226,0.028427159413695335,1.0008423032559222e-06,2.1562100300798193e-06,4.462178367248271e-06,0.00012397958198562264,3.5112007026327774e-05,7.146607822505757e-05,4.744819364077557e-07,1.846600099497664e-07,2.0,576.0
9.822889296629e-06,0.7420647144317627,0.7766242027282715,0.00012533512199297547,0.0014062323607504368,0.0007841254700906575,3.7337835237849504e-05,3.139902560178598e-07,9.808769618757651e-07,0.3175296485424042,0.28404611349105835,0.47806328535079956,0.4819735884666443,0.00885645393282175,0.2547495365142822,0.2453320175409317,0.019007951021194458,0.011726434342563152,0.012905709445476532,0.2913488745689392,0.6707581281661987,0.0012669831048697233,0.0005485115689225495,8.657143189338967e-05,0.0009127628291025758,0.0049339220859110355,7.537933015555609e-06,0.0009851227514445782,0.008708160370588303,0.007923807948827744,0.11947676539421082,0.11790589988231659,3.9548238419229165e-05,0.0007555225747637451,0.00010798414587043226,0.00015728922153357416,0.16800247132778168,0.09902255237102509,0.00027370156021788716,0.00026675622211769223,0.06841633468866348,0.010679909028112888,0.2427557408809662,0.04635472968220711,0.06826508790254593,0.056929852813482285,0.23862126469612122,0.2704848349094391,0.0023048114962875843,0.0086038988083601,3.525667864323623e-07,1.4198104736351524e-06,1.0,577.0
2.9544280550908297e-06,0.05040362477302551,0.06671684980392456,0.0026377164758741856,0.11253106594085693,0.0750952661037445,0.0007970219012349844,4.309370069677243e-06,1.0927047924269573e-06,0.2305600941181183,0.15469089150428772,0.06815530359745026,0.079230397939682,0.0758650079369545,0.04350130632519722,0.06068458408117294,0.11316034197807312,0.20100004971027374,0.15914086997509003,0.5544307827949524,0.25271356105804443,0.005219177808612585,0.005031332839280367,0.0012987860245630145,0.007475361227989197,0.2710903584957123,0.0002965460007544607,0.0037653192412108183,0.004574840888381004,0.0052828374318778515,0.0005285453516989946,0.0005708926473744214,0.049062877893447876,0.0001833262067520991,0.1307910680770874,0.1860630363225937,0.0191334318369627,0.01765107549726963,0.020201057195663452,0.0026436010375618935,0.0007618451490998268,0.0033918763510882854,0.0007504573441110551,0.02324795536696911,0.9025009274482727,0.8850934505462646,0.03331230580806732,0.04538746550679207,0.09771465510129929,0.09904198348522186,4.207397068967111e-06,1.2344376045803074e-05,0.0,578.0
3.2788589123811107e-06,0.4261743426322937,0.39444291591644287,0.0004508215351961553,0.006229649297893047,0.00848099123686552,0.0009508015937171876,1.6357706726921606e-06,1.3312330793269211e-06,0.4718075394630432,0.43998339772224426,0.3048536479473114,0.28565895557403564,0.01756923459470272,0.3211299180984497,0.3143389821052551,0.007615820970386267,0.036612413823604584,0.04474626109004021,0.5816926956176758,0.6190953850746155,0.000919214216992259,0.0008760317577980459,0.00136580690741539,0.09172523766756058,0.5633448362350464,0.0001753007381921634,0.005348063539713621,0.009583013132214546,0.005464195739477873,0.032938096672296524,0.04272377863526344,0.007086046971380711,0.0003019364667125046,0.10224732756614685,0.17993834614753723,0.005940873175859451,0.004571875557303429,0.004389826208353043,7.081968942657113e-05,0.0027280438225716352,0.013895757496356964,0.0006197491893544793,0.007416916079819202,0.7112164497375488,0.556011438369751,0.05836805701255798,0.198750302195549,0.02131381444633007,0.014713669195771217,1.2925883083880763e-06,9.122718438447919e-06,1.0,579.0
1.561564772600832e-06,0.005413047503679991,0.09127869457006454,0.0006240095244720578,0.472948282957077,0.02659432776272297,0.0006548311212100089,5.624287382488546e-07,5.057726752966119e-07,0.05493529886007309,0.15799063444137573,0.2049911469221115,0.23062297701835632,0.4930039346218109,0.005807563196867704,0.012552530504763126,0.44663506746292114,0.06094560772180557,0.030113914981484413,0.43174153566360474,0.18319691717624664,0.03206592798233032,0.0017324165673926473,0.0017176265828311443,0.002010177355259657,0.06314235180616379,0.0003908674116246402,0.0010248046601191163,0.005746142938733101,0.019894471392035484,0.005123991519212723,0.004422276746481657,0.0014920806279405951,5.036739821662195e-06,0.12140429764986038,0.1858706772327423,0.0594370998442173,0.1873839944601059,0.0001584619312779978,0.03780727833509445,0.010924603790044785,0.01900200918316841,0.0019900600891560316,0.030230505391955376,0.040626008063554764,0.10799585282802582,0.022489849478006363,0.08363311737775803,0.044869206845760345,0.1453223079442978,2.9665061447303742e-06,2.4836738248268375e-06,1.0,580.0
1.1845970675494755e-06,0.009324802085757256,0.003221510211005807,0.4107682406902313,0.1938222497701645,0.3027173578739166,4.5389169827103615e-05,1.4406457182758459e-07,1.9833431963434123e-07,0.6067291498184204,0.5878514647483826,0.5645017623901367,0.5589337944984436,0.013330062851309776,0.15955574810504913,0.24686174094676971,0.04418772831559181,0.011295787990093231,0.00825608242303133,0.7162466645240784,0.6572964191436768,0.0006842443835921586,0.00019893220451194793,0.00016016724111977965,0.001317000132985413,0.0032367613166570663,1.6238325770245865e-05,0.00024739085347391665,0.0053207362070679665,0.008032742887735367,0.0010962369851768017,0.0012284062104299664,0.0002909547765739262,0.03559312969446182,0.002222769195213914,0.001842948840931058,0.09132523834705353,0.16869761049747467,0.0017687564250081778,1.9104872990283184e-05,0.010093631222844124,0.0052520716562867165,0.008330734446644783,0.0047546266578137875,0.006212457083165646,0.005856561940163374,0.0030011313501745462,0.008250061422586441,0.00028622517129406333,0.0005149694043211639,2.06882509701245e-06,1.099420728678524e-06,2.0,581.0
2.0233749182807514e-06,0.005658181384205818,0.0019002128392457962,0.4977494478225708,0.12906894087791443,0.2098446935415268,0.0008592308149673045,4.469342002266785e-06,5.437442723632557e-06,0.10768891125917435,0.019200075417757034,0.019595623016357422,0.014207704924046993,0.016423078253865242,0.26570719480514526,0.26760509610176086,0.013780120760202408,0.47060638666152954,0.5149922966957092,0.4844849109649658,0.3902796506881714,0.008062880486249924,0.03787842392921448,0.008991510607302189,0.04088428616523743,0.042722783982753754,1.614324537513312e-05,0.0005196628626435995,0.005764440633356571,0.003305796766653657,0.056237608194351196,0.061355993151664734,0.0010137477656826377,0.0008204310433939099,0.5902491807937622,0.6755935549736023,0.034902073442935944,0.025517389178276062,0.0004863675858359784,1.6885658624232747e-05,0.020479395985603333,0.03418361395597458,0.0032324381172657013,0.004965825472027063,0.18661190569400787,0.11257819831371307,0.5247704982757568,0.7601379156112671,0.11613915860652924,0.11596644669771194,3.4902836887340527e-06,5.8384262047184166e-06,1.0,582.0
4.098152658116305e-06,0.0034782057628035545,0.0067494697868824005,0.04117593914270401,0.3449312448501587,0.16038887202739716,3.758845559787005e-05,2.957117203550297e-06,4.882442112830176e-07,0.03652222082018852,0.04883759841322899,0.06329633295536041,0.06148397549986839,0.02603563666343689,0.11487602442502975,0.10437847673892975,0.029996391385793686,0.13263511657714844,0.14273151755332947,0.24587608873844147,0.24267525970935822,0.015390396118164062,0.011385660618543625,0.0001838920434238389,0.00023974012583494186,0.004393470473587513,0.00010277387627866119,0.0001621209376025945,0.00037863850593566895,0.008253643289208412,0.25204887986183167,0.29412317276000977,0.0019543226808309555,0.00028576955082826316,0.0065689547918736935,0.0033713513985276222,0.00446891225874424,0.051829829812049866,0.011538255959749222,0.0011825772235170007,0.00909454096108675,0.0030034976080060005,0.06656091660261154,0.24722875654697418,0.00048746622633188963,0.0013326267944648862,0.00693667633458972,0.08328575640916824,0.04482578858733177,0.11328764259815216,1.1330410416121595e-05,3.6360097510623746e-06,2.0,583.0
2.8034005481458735e-06,0.029534989967942238,0.003069956786930561,0.058504484593868256,0.10060206800699234,0.5475610494613647,7.68200188758783e-05,6.60756199977186e-07,1.3401343039731728e-06,0.38424840569496155,0.17595075070858002,0.2690489590167999,0.20846442878246307,0.0032343193888664246,0.2944769263267517,0.38910534977912903,0.01983897015452385,0.034383658319711685,0.05283988267183304,0.453177273273468,0.5161853432655334,0.001022796262986958,0.004367371555417776,0.00013816669525112957,0.011214641854166985,0.02244328334927559,5.8155401347903535e-05,0.00953098013997078,0.0909944400191307,0.005002685356885195,9.607272659195587e-05,8.576177060604095e-05,0.0006632370641455054,0.05378485098481178,0.0006352990167215466,0.0014215873088687658,0.2375824898481369,0.02071637474000454,0.011398248374462128,5.1240494940429926e-05,0.059320129454135895,0.010959167964756489,0.01110157836228609,0.006791816558688879,0.004270295612514019,0.0007714093662798405,0.003077550558373332,0.00035979534732177854,3.615413515944965e-05,5.985704319755314e-06,8.457818125862104e-07,9.499599400442094e-07,1.0,584.0
8.226416866818909e-06,0.07551165670156479,0.15912693738937378,0.0013535544276237488,0.07336091250181198,0.01282837800681591,0.0013802291359752417,1.7941010810318403e-06,1.3204577271608287e-06,0.22915199398994446,0.36743712425231934,0.16654613614082336,0.24833472073078156,0.016451353207230568,0.22825954854488373,0.2602076828479767,0.04082278534770012,0.10544129461050034,0.05170295387506485,0.639750599861145,0.39000236988067627,0.007968464866280556,0.0010410883696749806,0.00494472635909915,0.007054583169519901,0.019662104547023773,3.5505727282725275e-05,0.0010202743578702211,0.0016029035905376077,0.025541292503476143,0.005448618438094854,0.003370311576873064,0.008373338729143143,4.044863089802675e-05,0.15183253586292267,0.17862588167190552,0.07039301842451096,0.18746785819530487,0.001156984711997211,0.00997697003185749,0.00976625457406044,0.0475667379796505,0.006793385837227106,0.01644955575466156,0.827045202255249,0.8984928131103516,0.12638747692108154,0.19147516787052155,0.36036446690559387,0.570591151714325,2.37460312746407e-06,7.122732768038986e-06,0.0,585.0
1.5453131254616892e-06,0.004312997683882713,0.0020786160603165627,0.31755706667900085,0.42749083042144775,0.42898687720298767,7.669324077141937e-06,5.029708063375438e-07,1.3664280231751036e-06,0.0033682093489915133,0.0013449917314574122,0.3186601400375366,0.3216896653175354,0.12093981355428696,0.039626531302928925,0.025609206408262253,0.11976496875286102,0.021511757746338844,0.019804978743195534,0.020127329975366592,0.00656263530254364,0.16587364673614502,0.35798361897468567,2.565756176409195e-06,0.0009307469590567052,0.007471813354641199,0.0002670150133781135,0.00010579927038634196,0.0017626691842451692,0.0007378046866506338,0.01193385012447834,0.02117154188454151,0.0001259505661437288,0.0006108818924985826,0.0002076178352581337,0.00010035603190772235,0.009343496523797512,0.011377092450857162,0.05725280940532684,0.007399314548820257,0.2247919738292694,0.08125541359186172,0.7816901206970215,0.27415257692337036,4.272431397112086e-06,2.8417882731446298e-06,0.00031872588442638516,0.0012933453544974327,0.00030799699015915394,0.00036396918585523963,3.7729669202235527e-06,8.867733072293049e-07,1.0,586.0
1.5856112440815195e-06,0.0030096208211034536,0.06154210865497589,0.0032231993973255157,0.39335960149765015,0.020571917295455933,3.7766203604405746e-05,7.06207003986492e-08,3.417471248212678e-07,0.45378416776657104,0.5918428301811218,0.6242464184761047,0.6032027006149292,0.029599830508232117,0.1519358903169632,0.1443948894739151,0.03519053012132645,0.02164391800761223,0.010015102103352547,0.6710909008979797,0.5137304067611694,0.0021980246528983116,0.00030339916702359915,0.00011100784467998892,0.0022991285659372807,0.004480588715523481,2.3141177734942175e-05,0.0013379012234508991,0.14322054386138916,0.26397985219955444,0.0001484178501414135,0.0002267364034196362,5.808285277453251e-05,0.0016526591498404741,0.0003798553952947259,0.00025750877102836967,0.33275696635246277,0.685465931892395,0.00021581580222118646,0.0004127573629375547,0.0892944186925888,0.04341332986950874,0.09674923121929169,0.0025583524256944656,0.028454728424549103,0.06403470039367676,0.0006432186928577721,0.0207917932420969,1.4811619621468708e-05,2.624356966407504e-05,4.240854707404651e-07,6.860745429548842e-07,2.0,587.0
2.9424327294691466e-06,0.023396776989102364,0.03860956057906151,0.005926521960645914,0.14506559073925018,0.07006639987230301,0.0002270433760713786,8.536217137589119e-07,5.161462013347773e-07,0.12761172652244568,0.04561171680688858,0.00589772779494524,0.0055854846723377705,0.003539079800248146,0.34917011857032776,0.28734761476516724,0.013403053395450115,0.5758234262466431,0.5725228786468506,0.36630335450172424,0.21034257113933563,0.004891223274171352,0.006591775454580784,0.001199771766550839,7.636695227120072e-05,0.013603619299829006,0.0003136762825306505,0.0007311062072403729,0.008435389958322048,0.009041838347911835,0.004680908750742674,0.003791273571550846,0.006401393562555313,0.0006143583450466394,0.020823290571570396,0.029502546414732933,0.03346144035458565,0.023462830111384392,0.009537884034216404,0.00026958860689774156,0.002701560268178582,0.002240997040644288,0.001546185463666916,0.029866432771086693,0.19025518000125885,0.1805717945098877,0.41129741072654724,0.20223067700862885,0.019365504384040833,0.029380084946751595,3.1492845664615743e-06,6.879694183226093e-07,0.0,588.0
2.1365949010032637e-07,0.000993755180388689,0.0003790369664784521,0.45550671219825745,0.3579036593437195,0.4232725203037262,0.00012711744057014585,8.304177185891604e-07,8.837290010887955e-07,0.13077466189861298,0.06906317919492722,0.31156471371650696,0.5410482883453369,0.5818232893943787,0.30212265253067017,0.002320343628525734,0.02216879278421402,0.032205741852521896,0.008397362194955349,0.21571236848831177,0.044406771659851074,0.00815716665238142,0.02271692268550396,0.00034211206366308033,0.07306092977523804,0.2782682776451111,0.0008253664127551019,0.0005994589300826192,0.0006413226365111768,0.004633248317986727,0.0012736881617456675,0.00045286526437848806,0.042926590889692307,0.000380796060198918,0.3088984489440918,0.3271237015724182,0.0037632163148373365,0.003123433329164982,0.3411201536655426,0.004318915773183107,0.019418993964791298,0.0635998398065567,0.002965592546388507,0.06294140219688416,8.431245987594593e-06,3.3694375360937556e-06,0.0033138995058834553,7.568554428871721e-05,0.004560986068099737,0.004337406251579523,1.487598547100788e-05,8.153327826221357e-07,1.0,589.0
2.0235313513694564e-06,0.004747855477035046,0.0017290438991039991,0.33296871185302734,0.3321455121040344,0.4779546856880188,0.0018319381633773446,9.176582352665719e-06,1.08112162706675e-05,0.014556617476046085,0.017090946435928345,0.01995297335088253,0.02527177892625332,0.0006448848871514201,0.8526386022567749,0.8697910308837891,0.0018194295698776841,0.45454397797584534,0.43891870975494385,0.29972097277641296,0.04505538195371628,0.06572891026735306,0.057439543306827545,0.004265288356691599,0.006753395777195692,0.24798670411109924,0.0028722346760332584,0.0015619253972545266,0.006830889731645584,0.0020964869763702154,0.0994420051574707,0.10216262191534042,0.028452755883336067,0.0048615592531859875,0.49609532952308655,0.5041273832321167,0.010508486069738865,0.009940234012901783,0.005490378011018038,5.328699899109779e-06,0.0028547991532832384,0.00645598815754056,0.0013309827772900462,0.014010000973939896,0.4416145384311676,0.24013662338256836,0.7259430885314941,0.37600207328796387,0.07167186588048935,0.02543666400015354,1.325657285633497e-05,9.285576197726186e-06,0.0,590.0
1.9987037376267835e-06,0.1120835542678833,0.01748720183968544,0.0081791365519166,0.02483457140624523,0.1735711246728897,0.00038216073880903423,7.227319656522013e-06,2.0217933069943683e-06,0.06210584193468094,0.032239608466625214,0.11163029074668884,0.09358532726764679,0.30835190415382385,0.01345896441489458,0.011286398395895958,0.31055498123168945,0.11002539843320847,0.1256113350391388,0.4231579601764679,0.34286725521087646,0.011816060170531273,0.035115111619234085,0.002753441222012043,0.00345660001039505,0.026856938377022743,7.173448102548718e-05,0.0004808150988537818,0.0009319231612607837,0.0018722490640357137,0.005597980692982674,0.004425723105669022,0.026647651568055153,0.004820018541067839,0.18587914109230042,0.24798758327960968,0.009188083000481129,0.021632596850395203,0.009966581128537655,3.1799943826626986e-05,0.001429211930371821,0.004889114294201136,0.0011800667271018028,0.01991320587694645,0.8294476270675659,0.7940119504928589,0.275552362203598,0.17116639018058777,0.2895597219467163,0.2239154875278473,2.4252606181107694e-06,8.490608706779312e-06,0.0,591.0
1.120144020205771e-06,0.0384543240070343,0.06298445910215378,0.008874592371284962,0.05537497624754906,0.02718852087855339,5.338710980140604e-05,6.431425845221383e-07,7.330432367780304e-07,0.08732640743255615,0.05466819927096367,0.05233722925186157,0.056456416845321655,0.0031575763132423162,0.5288883447647095,0.5312091112136841,0.0021956635173410177,0.1637350618839264,0.1571432203054428,0.6266165375709534,0.21407675743103027,0.013778053224086761,0.01043633185327053,0.00015263742534443736,0.007069593761116266,0.22639790177345276,0.0022576507180929184,0.0012329352321103215,0.0061948420479893684,0.004373442847281694,3.566750820027664e-05,4.9244907131651416e-05,0.03368156775832176,0.0010096176993101835,0.06334487348794937,0.09988484531641006,0.0025621196255087852,0.0034665283747017384,0.5848828554153442,0.002309193601831794,0.05716394633054733,0.10779328644275665,0.003812108188867569,0.03409022465348244,1.7641800695855636e-06,1.1870070011354983e-06,1.5886562323430553e-05,0.00012651426368393004,0.0005789714632555842,0.0006867978372611105,5.171719749341719e-06,1.0302436521669733e-06,1.0,592.0
4.290370156923018e-07,0.03426709771156311,0.027562445029616356,0.22212381660938263,0.01958114095032215,0.01472291350364685,4.936660388921155e-06,2.8074541091882566e-07,7.02712199540656e-08,0.1951795220375061,0.23831896483898163,0.23453742265701294,0.2347063273191452,0.014466877095401287,0.259705126285553,0.2752528786659241,0.008552489802241325,0.04106565937399864,0.03796102851629257,0.29735156893730164,0.29633793234825134,0.0034243420232087374,0.0020613844972103834,1.759090810082853e-05,0.005608536768704653,0.01216430775821209,3.9045775338308886e-05,0.0011832459131255746,0.000351384689565748,0.003586765844374895,0.0012397239916026592,0.0009557524463161826,0.001281284261494875,0.001162448083050549,0.0005168419447727501,0.00024286485859192908,0.002661519218236208,0.011110318824648857,0.22370757162570953,0.0019746527541428804,0.04964650422334671,0.025365950539708138,0.06904126703739166,0.041198574006557465,4.02012938138796e-06,3.622017629822949e-06,0.00033281842479482293,0.0001692480145720765,7.922269287519157e-05,0.00022456127044279128,1.2803882327716565e-06,2.3266224502549449e-07,2.0,593.0
6.7104324443789665e-06,0.028820987790822983,0.01201042253524065,0.16780081391334534,0.11484383791685104,0.23410415649414062,4.3269366869935766e-05,1.1261702184128808e-06,5.014731527808181e-07,0.08004818111658096,0.03865253925323486,0.009117464534938335,0.007998069748282433,0.0044763959012925625,0.2741927206516266,0.25781485438346863,0.01847609132528305,0.4764036238193512,0.43596580624580383,0.4105982482433319,0.1986285001039505,0.0057187993079423904,0.00710664875805378,0.00010507486877031624,0.0008155524265021086,0.0029480350203812122,9.399512236996088e-06,0.0008501916308887303,0.0035596597008407116,0.00624424684792757,0.08186911791563034,0.0637173056602478,0.00037869263906031847,0.0010461689671501517,0.0005060562398284674,0.0004751092055812478,0.09812331944704056,0.08362500369548798,0.005880695302039385,0.0005186372436583042,0.037334341555833817,0.0012596079614013433,0.06800374388694763,0.03272385150194168,0.007933786138892174,0.006129313260316849,0.03743038699030876,0.010735820978879929,8.222142059821635e-05,0.00011853870819322765,2.262526095364592e-06,2.379835677857045e-06,1.0,594.0
6.550198463628476e-07,0.007179226726293564,0.0012233683373779058,0.3486533761024475,0.24694406986236572,0.3484708368778229,8.776431786827743e-05,3.3736557725205785e-06,6.809068509028293e-07,0.08187686651945114,0.011517956852912903,0.4618202745914459,0.4792790412902832,0.3032952845096588,0.008716520853340626,0.016124337911605835,0.32941538095474243,0.012259379960596561,0.015429114922881126,0.09441716969013214,0.049915798008441925,0.014141028746962547,0.06896845996379852,0.0002790432481560856,0.012246073223650455,0.485797643661499,0.007229313720017672,0.0003616937028709799,0.0066503603011369705,0.004359025973826647,0.007551947142928839,0.016634590923786163,0.023955967277288437,0.006085330154746771,0.2686590850353241,0.28183671832084656,0.0008729499531909823,0.008192529901862144,0.1043315902352333,2.5851546524791047e-05,0.03302507847547531,0.005461469758301973,0.011917334981262684,0.09909606724977493,2.911771480285097e-05,4.504777825786732e-05,7.943867240101099e-05,0.004073678515851498,0.003178589278832078,0.0026867163833230734,4.54334849564475e-06,5.399637757363962e-06,1.0,595.0
4.3428690332802944e-07,0.001231643371284008,0.0003915218694601208,0.5623987913131714,0.4520919620990753,0.556043267250061,0.0015055829426273704,4.133379661652725e-06,3.879102678183699e-06,0.022531738504767418,0.02780013158917427,0.2257818728685379,0.19281016290187836,0.05949952080845833,0.30884966254234314,0.17045296728610992,0.01001494750380516,0.05537903308868408,0.0662778988480568,0.10342401266098022,0.09655050933361053,0.04663104563951492,0.06674177199602127,0.0029448634013533592,0.002629449823871255,0.4057968258857727,0.009329577907919884,0.0001809870300348848,0.03226441890001297,0.012501096352934837,0.021653760224580765,0.022649915888905525,0.07891877740621567,0.006919465959072113,0.8438953161239624,0.8879042267799377,0.0030851452611386776,0.004695249255746603,0.0352490171790123,7.876716153987218e-06,0.0006962230545468628,0.0014519888209179044,0.0004784473276231438,0.026573648676276207,0.766510009765625,0.7467648983001709,0.19737493991851807,0.05910006910562515,0.3097552955150604,0.3291897177696228,1.2885689102404285e-05,5.241626695351442e-06,0.0,596.0
1.4347600654218695e-06,0.428075909614563,0.5051261186599731,4.751460801344365e-05,0.013399862684309483,0.00576801085844636,0.0022820907179266214,1.6813885395094985e-06,6.485541348411061e-07,0.3638976514339447,0.38535571098327637,0.30839353799819946,0.3105472922325134,0.008448617532849312,0.35388582944869995,0.3298269212245941,0.009953203611075878,0.05089100822806358,0.045428577810525894,0.7709882855415344,0.603015661239624,0.002337282057851553,0.0014005342964082956,0.0015815232181921601,0.0008120272541418672,0.3252599239349365,0.0062950304709374905,0.0007626391015946865,0.005071710795164108,0.018732497468590736,0.0011945717269554734,0.0009291158057749271,0.019616402685642242,0.00011985442688455805,0.5988872051239014,0.7211618423461914,0.005805047228932381,0.013209966011345387,0.013250411488115788,0.0011366348480805755,0.0005433111218735576,0.0021936523262411356,0.0016613731859251857,0.03945787250995636,0.8035848140716553,0.8268942832946777,0.020179517567157745,0.016067631542682648,0.7459311485290527,0.7593767642974854,3.4923180010082433e-06,5.197394784772769e-06,1.0,597.0
1.0172993825108279e-06,0.0036834494676440954,0.0016148383729159832,0.24728529155254364,0.4333292543888092,0.3956507444381714,1.312273889197968e-05,6.683753213110322e-07,3.5864829328602355e-07,0.35424041748046875,0.09391925483942032,0.4039302170276642,0.44518396258354187,0.1130712628364563,0.01950152963399887,0.053224120289087296,0.20434468984603882,0.015995264053344727,0.014423402026295662,0.3922420144081116,0.17880795896053314,0.002278456464409828,0.004900848027318716,1.1852100215037353e-05,0.021490465849637985,0.03310887888073921,5.89476439927239e-05,0.011788676492869854,0.002615390345454216,0.005617996212095022,3.6428755265660584e-05,2.5762432414921932e-05,0.0030960903968662024,0.004869136027991772,0.00031862378818914294,0.000266554590780288,0.011741208843886852,0.012506225146353245,0.7670291662216187,0.003994497004896402,0.3858983814716339,0.15095049142837524,0.15716785192489624,0.02601730450987816,1.933465455294936e-06,9.563319736116682e-07,7.074375753290951e-05,1.7181950170197524e-05,1.2716464880213607e-05,1.9868884919560514e-05,5.97065877627756e-07,2.3449396735486516e-07,2.0,598.0
1.5036109743959969e-06,0.001006904523819685,0.0033348568249493837,0.09575752168893814,0.6345179080963135,0.2343360185623169,0.0008770744898356497,7.993890903890133e-06,2.882916760427179e-06,0.06672520190477371,0.08909505605697632,0.17225271463394165,0.16016186773777008,0.1191379725933075,0.050554122775793076,0.04298758506774902,0.11533620208501816,0.08310103416442871,0.08582247793674469,0.17481081187725067,0.3024783432483673,0.018449122086167336,0.016593627631664276,0.005616467446088791,0.0012826171005144715,0.05304621160030365,0.0004582340188790113,0.0008008333970792592,0.0018225887324661016,0.00439043901860714,0.006931311450898647,0.005531679838895798,0.03786048665642738,0.00019432300177868456,0.5121464729309082,0.6240750551223755,0.010548259131610394,0.026008306071162224,0.013145873323082924,0.0011104001896455884,0.001619257964193821,0.005737293045967817,0.0017894486663863063,0.0168889332562685,0.8657394051551819,0.9034820795059204,0.16339972615242004,0.21999748051166534,0.829863429069519,0.8659648895263672,5.273741862765746e-06,8.432886716036592e-06,0.0,599.0
1.1421192311900086e-06,0.01002183835953474,0.009184428490698338,0.08183801919221878,0.4477204978466034,0.22781065106391907,7.3446344686090015e-06,1.9843005816255754e-07,1.9597636935486662e-07,0.0081297867000103,0.0097569664940238,0.0052973683923482895,0.006913436576724052,0.46071794629096985,0.0032546515576541424,0.005939645227044821,0.4956674575805664,0.6376976370811462,0.6314860582351685,0.14535564184188843,0.03887767717242241,0.09655319154262543,0.029858453199267387,1.2289380720176268e-05,0.00946020521223545,0.009564308449625969,2.6589146727928892e-05,0.0037277142982929945,0.0007732529775239527,0.0018070387886837125,0.003922715317457914,0.005388044752180576,0.0006220742943696678,0.0057694027200341225,0.0008245763019658625,0.0003297605144325644,0.0042670913971960545,0.08015606552362442,0.6647840738296509,0.00022426556097343564,0.25151222944259644,0.05919267237186432,0.25094079971313477,0.005249717738479376,7.587253776364378e-07,1.0170200539505458e-06,4.780717790708877e-05,0.0011133759981021285,1.4064752349440823e-06,1.3890345371692092e-06,6.878906333440682e-07,3.5749138760365895e-07,1.0,600.0
9.215866612066748e-07,0.0005171045777387917,0.00024900640710256994,0.3947082757949829,0.6362595558166504,0.7460280060768127,8.361925210920162e-06,1.7147655739790935e-07,1.4481064454230363e-06,0.0020808062981814146,0.002524870913475752,0.5493763089179993,0.5372402667999268,0.009019465185701847,0.3441908061504364,0.3418475389480591,0.009074350818991661,0.012517299503087997,0.0063170031644403934,0.011480583809316158,0.003403234761208296,0.25546133518218994,0.18776896595954895,1.333644559053937e-05,0.0005680577596649528,0.0016497940523549914,0.00018198482575826347,0.0001284427271457389,0.04247735068202019,0.029504187405109406,3.226280750823207e-05,5.770902498625219e-05,0.0009705391130410135,0.001298505812883377,8.940806583268568e-05,9.395030792802572e-05,0.052122022956609726,0.04002060741186142,0.07411612570285797,0.01770767569541931,0.014407732523977757,0.003153105266392231,0.3879408538341522,0.1345994621515274,0.00047368885134346783,0.0004940330982208252,6.151529669295996e-05,0.000971781206317246,0.001541618607006967,0.0010398398153483868,7.932740118121728e-06,2.832659333762422e-07,1.0,601.0
3.307491624582326e-06,0.00016068275726865977,9.329144813818857e-05,0.5314857363700867,0.7415177822113037,0.8964084386825562,0.0006023856694810092,4.571442332235165e-06,9.692094863567036e-06,0.0074061257764697075,0.013872718438506126,0.005687406752258539,0.011245494708418846,0.008667491376399994,0.41537585854530334,0.43766704201698303,0.00741095095872879,0.5952862501144409,0.604327917098999,0.35053735971450806,0.06046033278107643,0.09791320562362671,0.0676664188504219,0.0018925953190773726,7.792950054863468e-05,0.010592236183583736,0.010209986008703709,8.287754462799057e-05,0.03168740123510361,0.00023808158584870398,0.07795074582099915,0.1291801780462265,0.003575586713850498,0.012220806442201138,0.38340526819229126,0.7777971625328064,0.05558593571186066,0.0016217852244153619,0.06857352703809738,2.0099003450013697e-05,0.05483889952301979,0.008341376669704914,0.007887520827353,0.06668876111507416,0.00020105839939787984,2.6842391889658757e-05,0.004591227509081364,0.016184121370315552,0.01082691177725792,0.0019455215660855174,0.00013119319919496775,5.2272748689574655e-06,1.0,602.0
1.5402621329485555e-06,0.30698201060295105,0.3423515856266022,0.0003574269940145314,0.0059616705402731895,0.006818336900323629,4.4338161387713626e-05,6.358280302265484e-07,5.220710477260582e-07,0.30790260434150696,0.2901858985424042,0.37151429057121277,0.3829568028450012,0.016235046088695526,0.2509456276893616,0.26126429438591003,0.01710410602390766,0.04384400323033333,0.030541984364390373,0.7094695568084717,0.6102155447006226,0.0020776332821696997,0.0020751829724758863,0.00011029593588318676,0.001275853719562292,0.07215389609336853,0.000495176122058183,0.029399869963526726,0.0026472182944417,0.0005064061260782182,0.013021617196500301,0.01088766660541296,0.001901815994642675,0.014940192922949791,0.0019442628836259246,0.0025426018983125687,0.011233343742787838,0.0033450534101575613,0.3520885109901428,2.1250387362670153e-05,0.15542452037334442,0.010451777838170528,0.013750587590038776,0.004137817304581404,9.633234731154516e-05,3.214267053408548e-05,0.005663747433573008,0.0010762879392132163,6.8273475335445255e-06,3.336578174639726e-06,3.0156689945215476e-07,4.5082356336934026e-07,2.0,603.0
1.1544916560524143e-06,3.5367276723263785e-05,2.5771058062673546e-05,0.9600343704223633,0.9606305360794067,0.857243537902832,4.1779818275244907e-05,2.0781940293090884e-06,3.0519749998347834e-06,0.004079472739249468,0.00872456282377243,0.19389742612838745,0.19348441064357758,0.0002623238251544535,0.9719640016555786,0.965274453163147,4.791959872818552e-05,0.06257464736700058,0.031257811933755875,0.02855837531387806,0.026855867356061935,0.3198592960834503,0.10561392456293106,0.00012131413677707314,0.009837359189987183,0.13014419376850128,0.0015925014158710837,0.01048696506768465,0.0014063302660360932,0.01182287186384201,0.0008217996219173074,0.0012692949967458844,0.016309522092342377,0.0005497271777130663,0.01598825491964817,0.022610783576965332,0.00044070955482311547,0.003570403903722763,0.9692542552947998,0.010719259269535542,0.5947871208190918,0.27752426266670227,0.030856074765324593,0.005017897579818964,6.402308372344123e-08,6.625677428928611e-08,9.039036740432493e-06,0.0003244491817895323,3.0624149076174945e-05,3.130085315206088e-05,5.9809394770127255e-06,3.0195195677151787e-07,1.0,604.0
9.235072866431437e-07,3.9085865864763036e-05,2.7296253392705694e-05,0.8491144180297852,0.8396406173706055,0.7853796482086182,0.0001568725419929251,1.702785880297597e-06,6.301207122305641e-06,0.014484822750091553,0.0010177536169067025,0.24827809631824493,0.23744091391563416,0.005846811458468437,0.5539595484733582,0.544532060623169,0.0013388947118073702,0.03460318222641945,0.034480221569538116,0.07854966819286346,0.015284176915884018,0.049675632268190384,0.3199341297149658,0.0006602996145375073,0.00724233640357852,0.21487835049629211,0.0001587987644597888,0.009852786548435688,0.006531085353344679,0.004137974698096514,0.0022240278776735067,0.004016352817416191,0.004732913337647915,0.005250760819762945,0.03794878348708153,0.07417213171720505,0.02611197717487812,0.03499383106827736,0.00990559533238411,5.507398600457236e-05,0.02380479872226715,0.008706629276275635,0.0012114298297092319,0.005606986582279205,0.0023600503336638212,0.0023432704620063305,0.002829517237842083,0.06472763419151306,0.0012960496824234724,0.0007721363799646497,3.058256879739929e-06,1.2859622984251473e-06,1.0,605.0
2.5271725689890445e-07,0.4041766822338104,0.3872818052768707,0.0018568848026916385,0.006165273953229189,0.005237237550318241,0.00011051702313125134,5.214261378228002e-08,1.6889485721094388e-07,0.39332008361816406,0.541927695274353,0.35627779364585876,0.3923339545726776,0.18532595038414001,0.04782339558005333,0.07073026150465012,0.1711617410182953,0.02718484215438366,0.013778947293758392,0.4992726445198059,0.2764075994491577,0.0018090559169650078,0.0002428192674415186,0.0007705629686824977,0.0009922557510435581,0.009456201456487179,0.00019624773995019495,0.00017832334560807794,0.007694773375988007,0.015280941501259804,0.010481582954525948,0.007967857643961906,0.0006442067679017782,2.355121750952094e-06,0.16425968706607819,0.0852096751332283,0.028830813243985176,0.1192261129617691,0.00034306588349863887,0.03397638723254204,0.008240929804742336,0.0086649926379323,0.00040593830635771155,0.0013869189424440265,0.004735155496746302,0.01236777938902378,0.17105460166931152,0.03818568214774132,0.000210610160138458,0.0017151572974398732,1.7992756511375774e-06,2.443728988055227e-07,1.0,606.0
3.91267849408905e-06,0.005631678272038698,0.0032685718033462763,0.44475966691970825,0.21909308433532715,0.213557168841362,0.0013662291457876563,1.4207410004019039e-06,2.3776351554261055e-06,0.0029076184146106243,0.0006227143458090723,0.015766466036438942,0.01327628456056118,0.06732248514890671,0.056606508791446686,0.04409943148493767,0.07787499576807022,0.4543977379798889,0.46239936351776123,0.08180497586727142,0.01930910162627697,0.16711336374282837,0.25929927825927734,0.001528192195110023,0.0057764663361012936,0.587790846824646,0.003108714474365115,0.010771792382001877,0.024301161989569664,0.07365871965885162,0.006273854989558458,0.007080490235239267,0.006808705162256956,0.00029565728618763387,0.2386525422334671,0.2841859757900238,0.009603064507246017,0.021409479901194572,0.008050357922911644,0.00031356027466244996,0.0019271484343335032,0.00431546987965703,0.0006648150156252086,0.004526703618466854,0.27692148089408875,0.4665152430534363,0.007006385363638401,0.07562295347452164,0.00105480186175555,0.0012678964994847775,2.317928419870441e-06,7.005641691648634e-06,1.0,607.0
6.014159225742333e-06,0.4563679099082947,0.3639225959777832,0.0019862500485032797,0.012125033885240555,0.01440184935927391,0.0001931969600263983,2.1375233245635172e-06,3.284661488578422e-06,0.05751243233680725,0.0349840484559536,0.0535394661128521,0.12075156718492508,0.13699015974998474,0.0015337535878643394,0.057797230780124664,0.6762646436691284,0.11427883058786392,0.057472750544548035,0.3759163022041321,0.10158701241016388,0.012832721695303917,0.015522153116762638,0.0010020440677180886,0.00010053101868834347,0.003979434259235859,0.0006218111957423389,0.00012612424325197935,0.05489610880613327,0.003496684366837144,0.001751563511788845,0.00335380039177835,0.008874399587512016,0.007625019643455744,0.027648305520415306,0.05796964094042778,0.03454440459609032,0.025422025471925735,0.00897916778922081,3.1086256058188155e-05,0.004404967650771141,0.000983330886811018,0.011277404613792896,0.1489063799381256,0.0912327840924263,0.10469841212034225,0.0035444749519228935,0.1370164453983307,0.6777887344360352,0.5513957738876343,5.647584202961298e-06,8.52251559990691e-06,1.0,608.0
2.9149196052458137e-06,0.22587263584136963,0.23833738267421722,0.007420715410262346,0.004015614278614521,0.0037039045710116625,0.0005498240934684873,2.792806981233298e-06,1.0783071502373787e-06,0.11794601380825043,0.1116894781589508,0.12894561886787415,0.1103488877415657,0.07313399761915207,0.05972365662455559,0.060887277126312256,0.0776434913277626,0.0946565642952919,0.10688529908657074,0.3262992203235626,0.500217080116272,0.008380523882806301,0.007433510851114988,0.003657652996480465,0.0005957505200058222,0.0111275315284729,0.00021209128317423165,0.0003452487289905548,0.0031067451927810907,0.009740132838487625,0.0021328898146748543,0.0016868372913450003,0.006134468596428633,0.00020466042042244226,0.37024959921836853,0.5254342555999756,0.042662058025598526,0.09456808865070343,0.0052342722192406654,0.0010238600661978126,0.011614270508289337,0.01253210287541151,0.0061612906865775585,0.018109256401658058,0.7385876178741455,0.7666223049163818,0.024152256548404694,0.04008841887116432,0.5512220859527588,0.6248106360435486,1.700510779301112e-06,5.2189761845511384e-06,0.0,609.0
7.476538144146616e-07,0.3106657862663269,0.4308035671710968,0.00613765325397253,0.006479355506598949,0.0013420635368674994,0.003608180908486247,1.7016593574226135e-06,9.010394705910585e-07,0.11177946627140045,0.1673383116722107,0.04570802301168442,0.042626649141311646,0.035847634077072144,0.14724738895893097,0.16801336407661438,0.05778151750564575,0.31607210636138916,0.400493323802948,0.2715984284877777,0.4280446469783783,0.012547099031507969,0.0077731008641421795,0.017479050904512405,0.01590106263756752,0.4991275668144226,0.0025623501278460026,0.0001552950998302549,0.00905272550880909,0.26605749130249023,0.08205480128526688,0.07002808153629303,0.019320886582136154,7.324049875023775e-06,0.9837405681610107,0.9734860062599182,0.002001080894842744,0.007346699014306068,0.003761008847504854,0.0028391033411026,0.0007081322255544364,0.004520948510617018,0.00019369498477317393,0.008393428288400173,0.18926548957824707,0.4502817988395691,0.14533834159374237,0.3932206630706787,0.0795154869556427,0.34170013666152954,1.6040256014093757e-05,1.2309016710787546e-05,1.0,610.0
2.0167574348306516e-06,0.07937214523553848,0.0284277256578207,0.010133597999811172,0.05007248371839523,0.11003587394952774,7.338495197473094e-05,1.779263470780279e-06,8.155637374329672e-07,0.0741727277636528,0.04860256239771843,0.021888677030801773,0.01787225715816021,0.010343894362449646,0.26537030935287476,0.24354517459869385,0.016164591535925865,0.3808089792728424,0.38335898518562317,0.32011619210243225,0.19392000138759613,0.009610292501747608,0.010862364433705807,0.0006133278366178274,0.0008738992037251592,0.0014752750284969807,1.135825823439518e-05,9.255202166968957e-05,0.0005842142854817212,0.0005531976348720491,0.023666420951485634,0.024570023640990257,0.05822109058499336,0.04517660290002823,0.010187207721173763,0.005927320569753647,0.0007965496624819934,0.0031276692170649767,0.2799214720726013,5.5372784117935225e-06,0.0006214778404682875,0.00011070181062677875,0.00807709526270628,0.22452639043331146,0.26849764585494995,0.2802305817604065,0.3082483112812042,0.24725185334682465,0.57810378074646,0.5428537130355835,7.296950116142398e-06,1.6586442370680743e-06,1.0,611.0
9.861371808028707e-08,0.0010296219261363149,0.0024901777505874634,0.30743226408958435,0.39068764448165894,0.28773459792137146,7.468060630344553e-06,9.19870259963318e-08,2.1951557016564038e-07,0.09864789992570877,0.10166902095079422,0.3923175036907196,0.388603538274765,0.0028012439142912626,0.5748910903930664,0.5787252187728882,0.003663485636934638,0.021516315639019012,0.01576990820467472,0.22372758388519287,0.15269586443901062,0.011745408177375793,0.009244376793503761,0.0001442672946723178,0.00018160277977585793,0.0012026872718706727,0.00032197023392654955,7.367679063463584e-05,0.003409345168620348,0.0022351108491420746,3.952256156480871e-05,3.4735636290861294e-05,0.005630874074995518,0.00027893311926163733,0.001426680595614016,0.0025239670649170876,0.014805132523179054,0.00315918424166739,0.2547304034233093,0.011089256964623928,0.0008424752741120756,0.0010693611111491919,0.000956478004809469,0.0058484552428126335,0.00030415799119509757,0.000205866017495282,0.0005149408825673163,0.0006416806136257946,0.0002513537765480578,0.0002326799585716799,9.241545740223955e-06,1.936843148087064e-07,1.0,612.0
6.56704332868685e-06,0.4654955267906189,0.4853712320327759,0.0003527255030348897,0.004151974804699421,0.00492542190477252,0.002257567597553134,3.906265646946849e-06,4.20843252868508e-06,0.6619011759757996,0.5979772806167603,0.6106628775596619,0.6309992074966431,0.0359622947871685,0.12104111909866333,0.13364990055561066,0.06072664633393288,0.016997700557112694,0.015153449028730392,0.7322121858596802,0.57611483335495,0.0011211246019229293,0.0005801599472761154,0.009379408322274685,0.00899896677583456,0.04916553944349289,0.00029986584559082985,0.0006217444315552711,0.008856432512402534,0.017451710999011993,0.004482863005250692,0.00433106767013669,0.018522363156080246,0.0001725735201034695,0.6351464986801147,0.7719038128852844,0.05699920654296875,0.10561782121658325,0.0020680734887719154,0.0009445588220842183,0.004432459827512503,0.019109873101115227,0.004900806117802858,0.026148905977606773,0.8936277627944946,0.9218177795410156,0.09179936349391937,0.33564579486846924,0.7862151861190796,0.8329983949661255,4.047295533382567e-06,1.7990207197726704e-05,0.0,613.0
1.6495847603437142e-06,0.008833875879645348,0.009371976368129253,0.024379726499319077,0.28200826048851013,0.14372381567955017,0.0013195732608437538,2.0733878045575693e-06,9.755101473274408e-07,0.054871201515197754,0.030062828212976456,0.08845128118991852,0.09774289280176163,0.448367178440094,0.006368559319525957,0.0072016934864223,0.4597421884536743,0.14719723165035248,0.11847978085279465,0.46336302161216736,0.13422457873821259,0.031148046255111694,0.018231289461255074,0.005516716744750738,0.006001154892146587,0.07749847322702408,0.0002509240002837032,0.000956615200266242,0.001333017717115581,0.007043049670755863,0.0010166188003495336,0.0007260650745593011,0.015856020152568817,0.00021660517086274922,0.5743516683578491,0.6511445641517639,0.014222279191017151,0.04572669416666031,0.0032968923915177584,0.0006884784670546651,0.003169570118188858,0.0335623174905777,0.0005411835736595094,0.010523430071771145,0.6962398290634155,0.8315083980560303,0.021771831437945366,0.09232824295759201,0.11433637887239456,0.17197085916996002,2.1016485334257595e-06,1.050010268954793e-05,0.0,614.0
6.486091592705634e-07,0.018965691328048706,0.009091734886169434,0.13556651771068573,0.10663073509931564,0.13202401995658875,8.091722520475741e-06,4.432707783053047e-07,1.5452277466465603e-06,0.012805144302546978,0.010730884037911892,0.054953135550022125,0.12983974814414978,0.02903953567147255,0.6485306024551392,0.33996817469596863,0.0015164215583354235,0.1937183290719986,0.07518193870782852,0.14055511355400085,0.053359922021627426,0.0496940091252327,0.1136377826333046,8.466309373034164e-05,0.00025429113884456456,0.07677315175533295,0.02526545152068138,0.007821492850780487,0.013025367632508278,0.002727640327066183,6.60032083033002e-06,1.5797784726601094e-05,0.12097649276256561,0.0028798242565244436,0.004169269930571318,0.009078467264771461,0.000518418790306896,0.0002773521118797362,0.9942561388015747,0.005606053397059441,0.05271173268556595,0.0769990086555481,0.0013037908356636763,0.0018177469028159976,2.753457692961092e-07,2.0198859829179128e-07,1.717601548989478e-06,0.0002816277847159654,1.2345871255092788e-05,6.140747245808598e-06,5.676851287717e-06,1.9109749871404347e-07,1.0,615.0
8.60574402850034e-07,0.03234276548027992,0.0072447569109499454,0.3257134258747101,0.11537807434797287,0.3071345090866089,0.0002231357793789357,1.5730574887129478e-06,1.215084125760768e-06,0.010363158769905567,0.010490542277693748,0.019710611552000046,0.023825185373425484,0.5639809370040894,0.0037833829410374165,0.003371952101588249,0.5784549713134766,0.2694787085056305,0.25153273344039917,0.06475076079368591,0.03521646559238434,0.04799288511276245,0.06470561027526855,0.0004482658114284277,0.0014034089399501681,0.2929644286632538,0.005918869283050299,0.0015439646085724235,0.0026096911169588566,0.0003351900086272508,0.15446636080741882,0.11600970476865768,0.0024388697929680347,0.0025764170568436384,0.1263859122991562,0.20275181531906128,0.007116824388504028,0.0012562876800075173,0.02394743077456951,1.9206496290280484e-05,0.012219850905239582,0.005645288620144129,0.001054001390002668,0.007446793373674154,0.00013846938963979483,6.165801460156217e-05,0.10139534622430801,0.007433475460857153,0.0012683197855949402,0.0005585874896496534,5.310933374857996e-06,2.2793929019826464e-06,1.0,616.0
1.0501286169528612e-06,0.02045709826052189,0.012801938690245152,0.32533344626426697,0.027154136449098587,0.06780558079481125,0.00036617254954762757,9.006803338706959e-07,8.755147860028956e-07,0.4810071885585785,0.4421854615211487,0.5116570591926575,0.5239617228507996,0.10245253145694733,0.18182912468910217,0.08926153928041458,0.02998296171426773,0.03338140994310379,0.02850843220949173,0.7070848345756531,0.6273208260536194,0.00308245699852705,0.0019535126630216837,0.002639960264787078,0.0001711031363811344,0.0033236704766750336,9.41710386541672e-05,0.00018465812900103629,0.012518378905951977,0.039042603224515915,0.0009144433424808085,0.0006617195322178304,0.0026964345015585423,0.0002909658651333302,0.1358545571565628,0.2159869521856308,0.07717881351709366,0.09460041671991348,0.001184553955681622,0.0006805151351727545,0.004194377455860376,0.02031257003545761,0.0019467646488919854,0.002208398189395666,0.9168800711631775,0.9112331867218018,0.08206022530794144,0.03559654578566551,0.4848702549934387,0.5922678709030151,1.4533957255480345e-06,2.177845317419269e-06,0.0,617.0
1.3287217370816506e-06,0.017299950122833252,0.03316865116357803,0.08616447448730469,0.10318687558174133,0.13008204102516174,1.79941034730291e-05,2.7862600404660043e-07,9.19729643555911e-07,0.6745584011077881,0.7396719455718994,0.7561677098274231,0.7582552433013916,0.009519841521978378,0.2496851086616516,0.2718757688999176,0.024016764014959335,0.004622282925993204,0.00295470142737031,0.5219879150390625,0.4819837808609009,0.0004860323097091168,0.0001715620601316914,2.98856775771128e-05,0.008050838485360146,0.016619497910141945,0.00022244139108806849,0.0037571857683360577,0.009894845075905323,0.0013432084815576673,2.9524553610826842e-05,4.3691848986782134e-05,0.0028759364504367113,0.0158790722489357,0.0002753037551883608,0.0012316012289375067,0.01743892952799797,0.0034062459599226713,0.7086299657821655,0.0006590965203940868,0.12445420771837234,0.04767824709415436,0.03401296213269234,0.008672897703945637,5.390592377807479e-06,1.9009356719834614e-06,3.276988718425855e-05,0.00031442573526874185,1.945954136317596e-05,6.972821665840456e-06,3.278474423495936e-06,4.3769182411779184e-07,1.0,618.0
6.863808152957063e-07,0.0005184065084904432,0.0006918114377185702,0.6137462258338928,0.31652092933654785,0.19720442593097687,0.0002729094121605158,8.418956554123724e-07,9.96898620542197e-07,0.030702028423547745,0.021313756704330444,0.30758848786354065,0.2675477862358093,0.01802503503859043,0.403198778629303,0.3264552652835846,0.0023186695761978626,0.028036002069711685,0.020532852038741112,0.06937746703624725,0.07139701396226883,0.027547067031264305,0.036057718098163605,0.0018571818945929408,0.000516391359269619,0.0527854785323143,0.002405492588877678,0.0011753023136407137,0.08476690202951431,0.1444239765405655,6.138464414107148e-06,6.670649327134015e-06,0.03656705468893051,0.0004021989007014781,0.3517152667045593,0.37850648164749146,0.06870095431804657,0.09827861934900284,0.01620500721037388,0.0048283739015460014,0.003246268955990672,0.020308058708906174,0.0007756219711154699,0.042024996131658554,0.1010872945189476,0.14748622477054596,0.000585165515076369,0.001345191616564989,0.11926770210266113,0.16428788006305695,6.4893906710494775e-06,8.178598704944307e-07,0.0,619.0
5.9009576034441125e-06,0.7885763645172119,0.06490831077098846,0.0002972635847982019,0.00036377887590788305,0.0691816583275795,0.00015617167809978127,3.1960698834154755e-06,1.0464865454196115e-06,0.6776518225669861,0.30902260541915894,0.6316244602203369,0.23775726556777954,0.031026216223835945,0.02524782158434391,0.17209409177303314,0.2038002759218216,0.007266437169164419,0.06938979774713516,0.4729875326156616,0.6267712116241455,0.00034236785722896457,0.0016646547010168433,0.00043686627759598196,0.00784317497164011,0.0554671585559845,0.00033179481397382915,0.0016385321505367756,0.007756039500236511,0.00030408400925807655,0.20771439373493195,0.19281220436096191,0.0018880239222198725,0.3065115213394165,0.01710471324622631,0.03119770810008049,0.04312930628657341,0.006798471324145794,0.005049705505371094,8.699495168684734e-08,0.056232500821352005,0.00958922877907753,0.01022050529718399,0.03758050501346588,0.0022435190621763468,0.0003851899818982929,0.08356184512376785,0.009096591733396053,0.001957757631316781,0.0013026290107518435,1.1174819292136817e-06,2.994372607645346e-06,1.0,620.0
2.4192590899474453e-06,0.6601971387863159,0.6321290731430054,5.947335466771619e-06,0.004862871486693621,0.005209464579820633,4.694728340837173e-05,6.562377308227951e-08,1.9816681628981314e-07,0.26251155138015747,0.20242588222026825,0.356926292181015,0.3737731873989105,0.09533539414405823,0.023125318810343742,0.0734846219420433,0.19404707849025726,0.02753087691962719,0.019367950037121773,0.6324109435081482,0.37106069922447205,0.002591756172478199,0.001404583570547402,4.383629493531771e-05,0.006399364676326513,0.021502986550331116,1.077931301551871e-05,0.01068971212953329,0.019292278215289116,0.03407507762312889,0.0001883386285044253,0.00020927579316776246,7.668278703931719e-05,0.0002955183736048639,0.00017473151092417538,0.00014820545038674027,0.2794284522533417,0.2576218545436859,0.00046897493302822113,0.00347173772752285,0.1279686540365219,0.07705799490213394,0.16284023225307465,0.003927739802747965,0.007243217434734106,0.00505520636215806,0.0015999508323147893,0.0012216526083648205,9.634374146116897e-05,0.00014104841102380306,5.972150773914109e-08,4.518880700743466e-07,1.0,621.0
5.5644663916609716e-06,0.6333998441696167,0.478403240442276,0.0030422895215451717,0.0010417242301627994,0.003801703220233321,0.00048006841097958386,1.6917064158405992e-06,6.024418439665169e-07,0.3673398494720459,0.24930283427238464,0.31293800473213196,0.326597660779953,0.051429443061351776,0.04551367834210396,0.09681820869445801,0.12260528653860092,0.027393652126193047,0.026524748653173447,0.4063541293144226,0.45699766278266907,0.001632856554351747,0.0017146593891084194,0.0005708042881451547,0.004259057808667421,0.08017614483833313,8.377182530239224e-05,0.0038753654807806015,0.0031246303115040064,0.004517467226833105,0.0006031133234500885,0.00047949375584721565,0.0031640292145311832,0.0032031103037297726,0.0168044101446867,0.027561653405427933,0.02621646411716938,0.03855716809630394,0.004354349337518215,0.0001291599910473451,0.014323202893137932,0.02210143953561783,0.006014835089445114,0.03682649880647659,0.8078532218933105,0.7940701842308044,0.014114614576101303,0.016689350828528404,0.11579705774784088,0.16132010519504547,4.079647055732494e-07,5.035707090428332e-06,0.0,622.0
1.5014229575172067e-06,0.005378363188356161,0.0031112362630665302,0.0025145295076072216,0.5828138589859009,0.5909266471862793,0.0007568676955997944,6.289560133154737e-06,1.7583632825335371e-06,0.7006922960281372,0.5332057476043701,0.7342046499252319,0.7446188926696777,0.09738070517778397,0.07090267539024353,0.06411843001842499,0.09537926316261292,0.00841109175235033,0.00907956063747406,0.6518998146057129,0.5563138723373413,0.000908170361071825,0.0014480692334473133,0.0024232687428593636,0.0011518651153892279,0.039062079042196274,0.0005446924478746951,0.0008706875378265977,0.004012011457234621,0.009589921683073044,0.00024152183323167264,0.00017222091264557093,0.07102333009243011,0.0005402689566835761,0.16568857431411743,0.316468209028244,0.038618333637714386,0.05744033306837082,0.011209620162844658,0.0016202157130464911,0.000517043168656528,0.004083951935172081,0.0013271116185933352,0.028650984168052673,0.9472572207450867,0.9444397687911987,0.0926540419459343,0.06159330531954765,0.7255744338035583,0.7228749990463257,6.292956186371157e-06,6.74762623020797e-06,1.0,623.0
5.427125415735645e-07,6.66245432512369e-06,7.449382337654242e-06,0.9513510465621948,0.9497408866882324,0.9063244462013245,0.0010568262077867985,8.23901700641727e-06,5.135354967933381e-06,0.07957145571708679,0.03313947841525078,0.2541818618774414,0.19763067364692688,0.02988753654062748,0.3418557345867157,0.25549831986427307,0.004937652498483658,0.05070444568991661,0.0692029744386673,0.20227991044521332,0.20585674047470093,0.020181700587272644,0.054961442947387695,0.007945842109620571,0.006584419868886471,0.1970517337322235,0.0017586203757673502,0.0003032525710295886,0.02392699383199215,0.016736751422286034,0.03011753410100937,0.044625554233789444,0.029636146500706673,0.004930657334625721,0.8991428017616272,0.8736563324928284,0.0035372960846871138,0.011326543055474758,0.050275932997465134,1.5129985513340216e-05,0.0022885347716510296,0.0014113488141447306,0.0009611098794266582,0.0326920785009861,0.11316103488206863,0.1794249415397644,0.061915382742881775,0.40750572085380554,0.12526077032089233,0.22969476878643036,2.455415415170137e-05,3.921375082427403e-06,0.0,624.0
1.7317166793873184e-06,0.03283930569887161,0.03496314212679863,0.0036343461833894253,0.25487956404685974,0.11377998441457748,0.0005621769814752042,1.1295767308183713e-06,7.130918220354943e-07,0.040252506732940674,0.034882593899965286,0.012587976641952991,0.013351070694625378,0.12072823196649551,0.034748949110507965,0.03564087674021721,0.13646885752677917,0.4797370433807373,0.44889724254608154,0.42054569721221924,0.17363592982292175,0.023475825786590576,0.018323631957173347,0.0019641867838799953,0.010210973210632801,0.13775578141212463,8.887144940672442e-05,0.00254405802115798,0.0010289507918059826,0.004224488511681557,0.00013471681450027972,0.00010345813643652946,0.04320376366376877,0.00029609425109811127,0.2038044035434723,0.21681807935237885,0.01486150547862053,0.027079373598098755,0.010554805397987366,0.0019374988041818142,0.0007024551741778851,0.01733393780887127,0.00011781232024077326,0.006865812465548515,0.7675318717956543,0.8346895575523376,0.022042838856577873,0.054609354585409164,0.011460157111287117,0.018912339583039284,2.403112148385844e-06,5.186101134313503e-06,0.0,625.0
3.576659992177156e-06,0.00999397225677967,0.0004759758885484189,0.6493548154830933,0.11402906477451324,0.2669268846511841,0.0003330869658384472,3.840530553134158e-06,2.5322299279650906e-06,0.039322562515735626,0.003538592252880335,0.22600583732128143,0.1962088793516159,0.21779552102088928,0.024347560480237007,0.013538387604057789,0.20464961230754852,0.033405184745788574,0.046068403869867325,0.055773962289094925,0.03253883123397827,0.01465923897922039,0.1276932954788208,0.0026260195299983025,0.0016028790269047022,0.006859946064651012,4.456992246559821e-05,0.0001925019023474306,0.007634937763214111,0.004084947053343058,0.050603270530700684,0.059325046837329865,0.006845628377050161,0.00864182785153389,0.10550830513238907,0.12041378021240234,0.03451047092676163,0.047422751784324646,0.003267592051997781,1.0717155419115443e-05,0.015399344265460968,0.005388834048062563,0.011251227930188179,0.10795371979475021,0.2659783959388733,0.21604813635349274,0.1603444218635559,0.12863674759864807,0.5237956643104553,0.4595450758934021,3.702345793499262e-06,4.711573637905531e-06,0.0,626.0
1.1253359843976796e-06,0.0012493951944634318,0.002193023916333914,0.438801646232605,0.41680318117141724,0.19601969420909882,7.872652531659696e-06,2.3417283046001103e-07,1.2440842738214997e-06,0.09846775233745575,0.04701462760567665,0.37629935145378113,0.34516867995262146,0.0017632689559832215,0.6218039989471436,0.6459578275680542,0.003862600540742278,0.025261931121349335,0.017017807811498642,0.20627358555793762,0.046210795640945435,0.01520115789026022,0.01565500535070896,2.2421858375309967e-05,0.0005429801531136036,0.011457298882305622,0.0018256535986438394,0.0013002465711906552,0.07017956674098969,0.006367587484419346,7.4542281254252885e-06,2.884960667870473e-05,0.0015572254778817296,0.001063728122971952,0.00016577319183852524,0.0003957082808483392,0.017920907586812973,0.006987802684307098,0.7746940851211548,0.021522585302591324,0.19606344401836395,0.12188193947076797,0.0780029371380806,0.012182844802737236,9.669352039054502e-07,7.218368409667164e-07,2.101466179738054e-06,0.0006869882927276194,8.448276275885291e-06,4.201570845907554e-06,5.777835667686304e-06,2.871146307370509e-07,1.0,627.0
1.162252260655805e-06,0.051394909620285034,0.012815498746931553,0.041070155799388885,0.05503357574343681,0.134980708360672,1.1685468052746728e-05,2.961636766940501e-07,5.07270158323081e-07,0.1105385571718216,0.08994624018669128,0.14438042044639587,0.1530831754207611,0.01358521543443203,0.34728172421455383,0.3568229675292969,0.006329488009214401,0.059149663895368576,0.057143472135066986,0.3050270080566406,0.3081497550010681,0.0059710233472287655,0.0077467868104577065,0.00014950986951589584,0.00019733887165784836,0.0009305723360739648,2.814028994180262e-05,0.00019741001597139984,0.004902845714241266,0.00013281377323437482,0.029138389974832535,0.04961409419775009,0.0006802324205636978,0.006520803552120924,0.00038522740942426026,0.000842527428176254,0.029682138934731483,0.004423139616847038,0.01910022832453251,3.1103219953365624e-05,0.003279386553913355,0.00035390560515224934,0.00927459541708231,0.01308127585798502,0.003606578102335334,0.00168442667927593,0.024330630898475647,0.06698130071163177,0.0009715812630020082,0.0005893149645999074,5.911259449931094e-06,9.021942446452158e-07,1.0,628.0
1.5074157317940262e-06,0.11066991835832596,0.047573406249284744,0.023812200874090195,0.011767873540520668,0.046885810792446136,0.00023726557265035808,1.0524837534831022e-06,8.316477533298894e-07,0.14942936599254608,0.08277883380651474,0.10951187461614609,0.10396786034107208,0.025689836591482162,0.2632559835910797,0.2625827491283417,0.010280958376824856,0.09902726113796234,0.10956204682588577,0.3748230040073395,0.5540313124656677,0.0044449022971093655,0.009649292565882206,0.0012857273686677217,0.0005055920337326825,0.053676486015319824,0.0006104567437432706,0.0015180346090346575,0.015382882207632065,0.0009273712057620287,0.00015400700794998556,0.00022191093012224883,0.011543482542037964,0.009853498078882694,0.05767805501818657,0.11488885432481766,0.01572875864803791,0.00961066409945488,0.007009334862232208,1.2769572094839532e-05,0.0022870630491524935,0.027266565710306168,0.00017140900308731943,0.003952489234507084,0.808419942855835,0.6329308748245239,0.01092900987714529,0.02651257812976837,0.022936157882213593,0.010201757773756981,1.3633820117320283e-06,3.7194035940046888e-06,1.0,629.0
2.0137881620030385e-06,0.029320934787392616,0.02735348418354988,0.058368705213069916,0.19374293088912964,0.18280798196792603,1.5340319805545732e-05,1.8613081920193508e-06,5.603477006843605e-07,0.04394722729921341,0.01932605355978012,0.016608433797955513,0.007664764765650034,0.0014364115195348859,0.6489813923835754,0.641218900680542,0.006792717147618532,0.4048999547958374,0.4452892541885376,0.13407965004444122,0.3345089852809906,0.010950049385428429,0.02307523414492607,8.343611261807382e-05,2.0585834135999903e-05,0.002435514936223626,0.0037559829652309418,0.00020760456391144544,0.0008403990650549531,0.0013601176906377077,0.20168422162532806,0.12205159664154053,0.0005289628752507269,0.0005038340459577739,0.000507771095726639,0.0010122933890670538,0.03243786469101906,0.008894216269254684,0.12969288229942322,0.0007177401566877961,0.07094990462064743,0.002275151666253805,0.04790867120027542,0.01738535426557064,5.191249510971829e-05,2.5447638108744286e-05,0.06145204231142998,0.005310283042490482,1.4813074812991545e-05,2.1568992451648228e-05,4.102508682990447e-06,6.243672032724135e-07,1.0,630.0
4.744457328342833e-06,0.0063115074299275875,0.005024260375648737,0.0127598000690341,0.7082363367080688,0.5333303809165955,4.353143958724104e-05,2.7832322757603833e-06,8.9148193183064e-07,0.03668801486492157,0.022689400240778923,0.002660387894138694,0.0030346265994012356,0.04084836319088936,0.01277279295027256,0.10084499418735504,0.25221261382102966,0.7634749412536621,0.7568153738975525,0.4224608242511749,0.1372041553258896,0.016417672857642174,0.02211044915020466,6.98711010045372e-05,0.001249839668162167,0.022203948348760605,5.757138569606468e-05,0.005376807413995266,0.005085310898721218,0.003934361040592194,0.00384843279607594,0.005460698623210192,0.0043672826141119,0.001015641144476831,0.001493761781603098,0.002005780814215541,0.013876600190997124,0.02604825608432293,0.4191991686820984,0.0015276364283636212,0.1134909987449646,0.003547925967723131,0.08495302498340607,0.042148247361183167,0.00010792434477480128,0.00012258198694325984,0.0002044367283815518,0.004317454528063536,4.335598350735381e-05,3.8336551369866356e-05,1.5419597048094147e-06,2.5452532099734526e-06,1.0,631.0
2.5099254798988113e-06,0.515752911567688,0.5699203610420227,0.00011412827007006854,0.006423551123589277,0.006352339871227741,4.8492242058273405e-05,2.593758097191312e-07,6.965271950321039e-07,0.496177077293396,0.554466724395752,0.7125353813171387,0.6923589706420898,0.007869708351790905,0.2845238149166107,0.2787439227104187,0.024192817509174347,0.006477915681898594,0.003923183307051659,0.38599810004234314,0.2548508644104004,0.0011467125732451677,0.0005034154746681452,0.0001817158772610128,2.6069657906191424e-05,0.00029138976242393255,0.0005421740934252739,7.768441719235852e-06,0.08685828745365143,0.05222056061029434,0.00433298060670495,0.004261616617441177,0.00014083243149798363,0.003917003516107798,0.0009881402365863323,0.00110897037666291,0.24876083433628082,0.18651778995990753,0.0010364954359829426,0.00021167048544157296,0.012536003254354,0.0008780210628174245,0.1499849110841751,0.1447526067495346,0.06406521797180176,0.05107010528445244,0.008793930523097515,0.017638444900512695,0.008142338134348392,0.004937995225191116,7.785878551658243e-06,9.640062899052282e-07,0.0,632.0
4.944349711877294e-06,0.689318060874939,0.7421689033508301,0.0003211024450138211,0.0008223322220146656,0.0005124784074723721,0.0005130976787768304,6.959813845242024e-07,3.8400872881538817e-07,0.3211396336555481,0.44224637746810913,0.47689563035964966,0.46215614676475525,0.05680364370346069,0.08517786860466003,0.09821657836437225,0.07311254739761353,0.02567150443792343,0.0186463650316,0.4650246202945709,0.580875039100647,0.003753207391127944,0.0006658274214714766,0.0013012400595471263,0.00041860347846522927,0.012273685075342655,0.00019947047985624522,0.000721082033123821,0.004404152277857065,0.02092135138809681,0.0010836960282176733,0.0008127312758006155,0.004703470040112734,0.00012982418411411345,0.04984964057803154,0.07460372895002365,0.05276376008987427,0.11199658364057541,0.0023065414279699326,0.003007293911650777,0.008184166625142097,0.017964515835046768,0.00701631186529994,0.014058945700526237,0.8419674634933472,0.8909235596656799,0.01423530001193285,0.019103089347481728,0.4215812087059021,0.643688976764679,6.953942488507892e-07,2.723668785620248e-06,0.0,633.0
8.184185276149947e-07,0.09922023117542267,0.021784717217087746,0.02052459865808487,0.026750775054097176,0.11801178008317947,6.167878018459305e-05,1.1662567089842923e-07,2.768978220046847e-07,0.09268869459629059,0.24307355284690857,0.1768105924129486,0.3723148703575134,0.02877308428287506,0.060926299542188644,0.12439489364624023,0.07956745475530624,0.07924824208021164,0.020829880610108376,0.5575949549674988,0.1666603684425354,0.008447851985692978,0.002476039808243513,0.00035343237686902285,0.0012596251908689737,0.0047189719043672085,2.0466837668209337e-05,0.00024282667436636984,0.012247405014932156,0.0025720354169607162,0.0015936087584123015,0.0034024149645119905,0.0014636473497375846,0.020672759041190147,0.005383107345551252,0.009869706816971302,0.012367285788059235,0.02542708069086075,0.0021929999347776175,4.865661594521953e-06,0.004405137617141008,0.0029034109320491552,0.002344487002119422,0.017261136323213577,0.005555149167776108,0.007661744020879269,0.0007577391224913299,0.03424900397658348,0.006993777118623257,0.005327167920768261,2.356995764785097e-06,2.5367112357344013e-06,1.0,634.0
1.7714953628455987e-06,0.02700272761285305,0.010006483644247055,0.15722523629665375,0.17243213951587677,0.2022417038679123,5.438370862975717e-06,4.244982108048134e-07,4.551192205326515e-07,0.003243853570893407,0.0013194569619372487,0.02508208341896534,0.024138500913977623,0.11169641464948654,0.024945130571722984,0.02887735888361931,0.12737177312374115,0.28525078296661377,0.28840839862823486,0.033040601760149,0.012169699184596539,0.1495634764432907,0.16164015233516693,1.3166099051886704e-05,0.005715750157833099,0.013340828940272331,7.070766878314316e-05,0.0010749538196250796,0.00017157413822133094,0.0003440407745074481,0.010775668546557426,0.02141422964632511,0.0021903023589402437,0.0033280423376709223,0.0011099051916971803,0.0005758032784797251,0.000839657848700881,0.010054054670035839,0.7699514627456665,0.0004734863468911499,0.15379589796066284,0.04021112620830536,0.12599050998687744,0.031140003353357315,1.713428332550393e-07,2.4550723765059956e-07,4.835181971429847e-05,0.0022439544554799795,1.5546285794698633e-05,3.1033418053993955e-05,2.7762578156398376e-06,6.307578246378398e-07,2.0,635.0
1.6996351632769802e-06,0.008885910734534264,0.0584716834127903,0.1086176410317421,0.1915770024061203,0.017892606556415558,0.0001308083301410079,2.3691991373198107e-06,6.531148528665653e-07,0.31154027581214905,0.2166527956724167,0.400804340839386,0.3443865180015564,0.3394954204559326,0.007575573865324259,0.018585719168186188,0.3071110248565674,0.019895078614354134,0.020130779594182968,0.3136093020439148,0.2807199954986572,0.003828011453151703,0.0012734722113236785,0.0020672252867370844,0.002108486369252205,0.006730928551405668,2.774714994302485e-05,0.00016524200327694416,0.0015146855730563402,0.008284884504973888,0.03059459663927555,0.02791699767112732,0.005327213555574417,3.968250166508369e-05,0.03184255585074425,0.04140722006559372,0.022088510915637016,0.03445672616362572,0.004003690090030432,0.003840881632640958,0.0033851049374789,0.0017024994594976306,0.0035421967040747404,0.05381438881158829,0.0572507306933403,0.0782228484749794,0.29235851764678955,0.6206086874008179,0.12288019806146622,0.2294522225856781,7.724440365564078e-06,3.727439207068528e-06,2.0,636.0
1.1835311397589976e-06,0.0013051374116912484,0.0043682861141860485,0.4626654088497162,0.4887443780899048,0.22889012098312378,0.00023393455194309354,1.2452213695723913e-06,1.5394545016533812e-06,0.011736767366528511,0.006758653558790684,0.04649820178747177,0.0535275824368,0.014387243427336216,0.1464875191450119,0.19131694734096527,0.04131169617176056,0.2338062822818756,0.22849559783935547,0.0841384008526802,0.03114932030439377,0.09391184151172638,0.08595801144838333,0.0003127204836346209,0.046501122415065765,0.6895673274993896,0.00244295340962708,0.0020422853995114565,0.007722420152276754,0.025196805596351624,0.015462135896086693,0.037593815475702286,0.011496521532535553,0.0030422343406826258,0.1765976995229721,0.14096888899803162,0.0007405554060824215,0.011041137389838696,0.12285447865724564,7.108356658136472e-05,0.013467108830809593,0.007503859233111143,0.0076554822735488415,0.015570925548672676,5.036326183471829e-05,9.76539304247126e-05,8.07054020697251e-05,0.011291390284895897,0.0002241841284558177,0.0002093081275233999,8.382517080463003e-06,6.470264906965895e-06,1.0,637.0
1.2585328477143776e-06,0.011729915626347065,0.005280667915940285,0.021163327619433403,0.24360813200473785,0.46851015090942383,1.213741870742524e-05,3.494529892122955e-07,1.929087602547952e-06,0.35031187534332275,0.13524878025054932,0.27499598264694214,0.27519360184669495,0.006452741101384163,0.421205997467041,0.4309127628803253,0.008275811560451984,0.02721809223294258,0.03468961641192436,0.3503990173339844,0.36957770586013794,0.001639363239519298,0.004901852924376726,7.297037518583238e-05,0.0005808800342492759,0.004664352163672447,0.0006395073723979294,0.0008819922222755849,0.0396307110786438,0.0003502796171233058,0.00016594812041148543,0.00024953330284915864,0.0016363317845389247,0.02049200050532818,0.0002656400029081851,0.0009794356301426888,0.11696652323007584,0.004326998256146908,0.14098107814788818,0.00012838028487749398,0.022914931178092957,0.0064116474241018295,0.007518910337239504,0.007723232265561819,0.0003544032806530595,6.471761298598722e-05,0.001100956811569631,0.001691860263235867,1.199649523186963e-05,3.1468407541979104e-06,4.9112272790807765e-06,5.446205477710464e-07,1.0,638.0
2.394467173871817e-06,0.01752336695790291,0.018290860578417778,0.05999612435698509,0.11987639218568802,0.07655928283929825,0.0011524155270308256,2.2654949134448543e-06,5.191744207877491e-07,0.6201528310775757,0.6456470489501953,0.8143395185470581,0.8087633848190308,0.010010295547544956,0.2596512734889984,0.26061850786209106,0.02470262162387371,0.0035045670811086893,0.0021648211404681206,0.33768177032470703,0.35601964592933655,0.0006826980388723314,0.00034699231036938727,0.0011188371572643518,0.004740959033370018,0.21239063143730164,0.0010936068138107657,0.003253448288887739,0.009328828193247318,0.03223709762096405,0.0006431533838622272,0.0005148727213963866,0.02200736477971077,0.00018125628412235528,0.2075732946395874,0.23233842849731445,0.020543448626995087,0.0458221398293972,0.01304665021598339,0.0020300312899053097,0.013194498606026173,0.005839753895998001,0.005706270691007376,0.0807986631989479,0.3855228126049042,0.48755356669425964,0.0027720117941498756,0.005661658942699432,0.2111022025346756,0.3464476764202118,2.3421778223564615e-06,5.880761364096543e-06,0.0,639.0
2.699286369534093e-06,0.11059723794460297,0.053971875458955765,0.019903328269720078,0.012936432845890522,0.03389554098248482,0.0004758742870762944,2.9816321784892352e-06,1.4047861895960523e-06,0.13267925381660461,0.08668509125709534,0.175248920917511,0.14909768104553223,0.014498258009552956,0.22935821115970612,0.21034358441829681,0.024169597774744034,0.07037803530693054,0.07911159098148346,0.186716690659523,0.27099108695983887,0.00626858975738287,0.012735585682094097,0.0020597667898982763,0.0008697882294654846,0.011749334633350372,0.00014496159565169364,0.0004636704397853464,0.002984793856739998,0.005544808227568865,0.002212813124060631,0.0018813959322869778,0.007526689674705267,0.0007950803264975548,0.19815538823604584,0.25566938519477844,0.027725012972950935,0.0499567985534668,0.008854403160512447,0.000383357226382941,0.009640634059906006,0.012782314792275429,0.007972083985805511,0.04943336546421051,0.7579556107521057,0.7069249749183655,0.030306722968816757,0.019749898463487625,0.61196368932724,0.6607934236526489,2.3667714685871033e-06,5.375176897359779e-06,0.0,640.0
4.6025616029510275e-07,9.322013647761196e-05,0.00013014556316193193,0.6414174437522888,0.9180004596710205,0.7764232158660889,0.00012365337170194834,1.753572178131435e-06,9.919756394083379e-07,0.0033774208277463913,0.0027402497362345457,0.04092913866043091,0.051343563944101334,0.820380449295044,0.001037981128320098,0.0012885654577985406,0.8341357111930847,0.2623773515224457,0.1980387270450592,0.06071148067712784,0.006886179558932781,0.20812982320785522,0.19269850850105286,0.0003081291215494275,0.012061931192874908,0.7745100855827332,0.005976864602416754,0.0006654454628005624,0.04746855050325394,0.014499333687126637,0.0010406376095488667,0.0016460376791656017,0.1343614012002945,0.003568136366084218,0.057465702295303345,0.17119447886943817,0.0005865369457751513,0.0023959078826010227,0.4755997657775879,0.0004605837457347661,0.0031624638941138983,0.003253370989114046,0.001989498734474182,0.06487201899290085,6.461980228777975e-05,0.00010761285375338048,8.125274325720966e-05,0.002568394411355257,0.0017167181940749288,0.0023023115936666727,6.947279871383216e-06,1.7907625533553073e-06,1.0,641.0
1.0352696335758083e-06,0.02176232635974884,0.030683374032378197,0.022036153823137283,0.13363392651081085,0.1314389556646347,2.4981643491628347e-06,2.3846564545237925e-06,2.597810464521899e-07,0.3688519597053528,0.12129376083612442,0.5249441862106323,0.1965705007314682,0.24171137809753418,0.04263016954064369,0.0567002110183239,0.3575522303581238,0.009702224284410477,0.08716532588005066,0.10213006287813187,0.683982253074646,0.0012389152543619275,0.01067736092954874,6.448246858781204e-05,2.5209570594597608e-05,0.00024095970729831606,0.013845744542777538,2.576591896286118e-06,0.0012780288234353065,0.014780135825276375,0.00771063519641757,0.01109325885772705,0.0013098390772938728,5.516460441867821e-05,0.0007119661895558238,0.0008579472196288407,0.023227710276842117,0.0439581573009491,0.08999348431825638,0.017710812389850616,0.011015555821359158,0.001948183635249734,0.0950038805603981,0.0622650608420372,0.00012764362327288836,0.00023081769177224487,0.00030770699959248304,0.03918588161468506,5.194562254473567e-05,5.093400977784768e-05,1.889953637146391e-05,9.921080845742836e-07,1.0,642.0
2.0708623651444213e-06,0.21228431165218353,0.25818750262260437,0.0008286098600365222,0.019932327792048454,0.00877127330750227,0.00010193089838139713,1.7202707169872156e-07,6.690654004160024e-07,0.3522859513759613,0.5515568256378174,0.0490044541656971,0.08500290662050247,0.03825509175658226,0.09566321223974228,0.12308085709810257,0.06744249910116196,0.24931809306144714,0.20321661233901978,0.8681447505950928,0.6520270109176636,0.0018478523707017303,0.00033913381048478186,0.0007132755126804113,0.0023604542948305607,0.008208203129470348,2.4221577405114658e-05,0.0014926049625501037,0.005126367323100567,0.02743571624159813,0.0029928446747362614,0.0020315591245889664,0.00026615694514475763,0.00035884181852452457,0.0034629248548299074,0.0031019889283925295,0.11126021295785904,0.17139886319637299,0.0004538988578133285,0.00026481589884497225,0.021468371152877808,0.05782540142536163,0.002346932888031006,0.0002585284528322518,0.27322453260421753,0.31537163257598877,0.10558845847845078,0.2626156806945801,1.2082527973689139e-05,2.5060453481273726e-05,4.1021971242116706e-07,1.344268639513757e-06,0.0,643.0
5.9449143918755e-06,0.0038118783850222826,0.0018726936541497707,0.1489049792289734,0.5176368951797485,0.36746135354042053,0.002741220872849226,1.8280394215253182e-05,8.436007192358375e-06,0.23495665192604065,0.22663754224777222,0.40574607253074646,0.4110058844089508,0.07552482932806015,0.11862615495920181,0.09040338546037674,0.0444151945412159,0.03833833709359169,0.02890150621533394,0.3723827302455902,0.30568453669548035,0.0076319077052176,0.005998020991683006,0.012147140689194202,0.0019340899307280779,0.05091841518878937,0.0018088511424139142,0.0005857815849594772,0.009821014478802681,0.012499059550464153,0.02162250131368637,0.018370946869254112,0.015394840389490128,0.0002365700638620183,0.6808544397354126,0.8579515218734741,0.11028466373682022,0.13431593775749207,0.001214338350109756,0.0006881232257001102,0.0055764601565897465,0.013139801099896431,0.01056759711354971,0.033384714275598526,0.9440768957138062,0.950659453868866,0.29607170820236206,0.34165823459625244,0.7861828207969666,0.8290196657180786,1.5600238839397207e-05,2.5441449906793423e-05,0.0,644.0
3.818897766905138e-06,0.001667376491241157,0.0008481962722726166,0.3340771794319153,0.739069938659668,0.7108160257339478,0.002037981990724802,1.094160779757658e-05,3.3112914934463333e-06,0.3917662799358368,0.27335917949676514,0.5311110615730286,0.5313031077384949,0.013162636198103428,0.2510538399219513,0.27669650316238403,0.02909318171441555,0.02215930074453354,0.017558151856064796,0.3470865488052368,0.35607969760894775,0.0034405291080474854,0.006942644249647856,0.0032331401016563177,0.010801780968904495,0.1981857419013977,0.0009604626684449613,0.0008845941047184169,0.02587301842868328,0.050202082842588425,0.011383830569684505,0.009958566166460514,0.09021193534135818,0.00034231547033414245,0.6788402795791626,0.8091012835502625,0.03735613077878952,0.053194329142570496,0.018835855647921562,0.00045298831537365913,0.012538495473563671,0.0032481872476637363,0.011457143351435661,0.04075431451201439,0.8313348293304443,0.8442094326019287,0.036790113896131516,0.019256968051195145,0.7738684415817261,0.8818131685256958,2.8717622626572847e-06,1.2546101061161608e-05,0.0,645.0
3.367853651070618e-06,0.3037746846675873,0.1443345546722412,0.10640069842338562,0.005303036887198687,0.005216029938310385,0.0015453612431883812,5.3363996812549885e-06,1.6739630837037112e-06,0.2043587565422058,0.019240567460656166,0.07952011376619339,0.06954431533813477,0.03231365606188774,0.20861417055130005,0.19387643039226532,0.026341313496232033,0.17953774333000183,0.21910828351974487,0.46911922097206116,0.24317026138305664,0.0077546127140522,0.03145249933004379,0.008913758210837841,0.014102059416472912,0.40084338188171387,0.0010205864673480392,0.0013444493524730206,0.006466223858296871,0.023851770907640457,0.09710681438446045,0.12028201669454575,0.006405768916010857,1.9182187315891497e-05,0.5948240756988525,0.6631083488464355,0.0024487716145813465,0.005559359677135944,0.0017408335115760565,0.0006405990570783615,0.003395708277821541,0.006945133674889803,0.0007800945895723999,0.0037319278344511986,0.2777128219604492,0.44300124049186707,0.0772269144654274,0.8079376220703125,0.07397791743278503,0.11671292781829834,3.5776936329057207e-06,1.7701051547192037e-05,1.0,646.0
4.684074610850075e-06,0.3052828907966614,0.38077738881111145,0.015171734616160393,0.0037221722304821014,0.0030116504058241844,0.0012906836345791817,3.588252184272278e-06,1.6658078720865888e-06,0.09375885128974915,0.22693699598312378,0.06303706765174866,0.10141246765851974,0.0491793155670166,0.036634594202041626,0.0774337574839592,0.12066824734210968,0.1364927589893341,0.09606536477804184,0.5490313768386841,0.2559390068054199,0.010049564763903618,0.0020226940978318453,0.003542176680639386,0.012038013897836208,0.1858902871608734,0.0003461106971371919,0.0003003433521371335,0.005988584365695715,0.01494391355663538,0.2011236548423767,0.19609059393405914,0.005453889723867178,0.0005960273556411266,0.701938271522522,0.6900227069854736,0.00756820710375905,0.0209745392203331,0.00783573742955923,0.00010126454435521737,0.007987144403159618,0.0019662047270685434,0.0058598085306584835,0.0910269245505333,0.012997247278690338,0.02120869606733322,0.04073131084442139,0.198184996843338,0.3736831843852997,0.43977978825569153,1.1028706467186566e-05,1.7265325368498452e-05,1.0,647.0
7.351617341555539e-07,0.007628625258803368,0.0026217414997518063,0.009286569431424141,0.3305988907814026,0.2556968927383423,1.180050185212167e-05,2.0826828972531075e-07,1.1725387594196945e-07,0.09043769538402557,0.07511751353740692,0.0724557563662529,0.09779148548841476,0.11642065644264221,0.029210781678557396,0.046525366604328156,0.13021132349967957,0.13234694302082062,0.10632754117250443,0.5771021842956543,0.22035053372383118,0.00946945883333683,0.005407726392149925,0.00014142900181468576,0.0012896471889689565,0.0005517174140550196,7.002996426308528e-06,3.603389995987527e-05,0.0035186265595257282,0.0003997976891696453,0.003107471624389291,0.0077200718224048615,0.005660622380673885,0.004460487049072981,0.000770054291933775,0.0013023826759308577,0.0056413016282022,0.006280195899307728,0.04299365356564522,7.585484127048403e-05,0.0006991542177274823,0.0005694148712791502,0.010981742292642593,0.09009864181280136,0.0008324600639753044,0.0008048851159401238,0.0008094453369267285,0.027741707861423492,0.005803899839520454,0.0043420190922915936,1.0248236321785953e-05,1.2287883919270826e-06,1.0,648.0
8.987746014099685e-07,0.015604324638843536,0.010561008006334305,0.18744829297065735,0.043161068111658096,0.04634791985154152,1.0106765330419876e-05,3.5175338553017355e-07,2.1381869430570077e-07,0.43660223484039307,0.36021170020103455,0.4713800549507141,0.4619036018848419,0.028855402022600174,0.19076837599277496,0.18724477291107178,0.009879911318421364,0.01448456384241581,0.01305498369038105,0.5193285942077637,0.3801644742488861,0.0011170810321345925,0.0007379344315268099,5.067369784228504e-05,0.004494349472224712,0.003917956259101629,1.2936119674122892e-05,0.0004425552033353597,0.00487073278054595,0.0003714561171364039,0.003249876666814089,0.0036353440955281258,0.0022331164218485355,0.0016194884665310383,0.00040659093065187335,0.001030180137604475,0.020464450120925903,0.0018746476853266358,0.1104668453335762,0.0006994964787736535,0.0077391332015395164,0.0019011724507436156,0.03531176969408989,0.08422769606113434,0.00027064449386671185,7.325720798689872e-05,0.0028985226526856422,0.0011355829192325473,0.0029820080380886793,0.00229322025552392,5.660752322000917e-06,5.723556455450307e-07,2.0,649.0
8.793808206064568e-07,0.0013943512458354235,0.0014051441103219986,0.5414954423904419,0.293422132730484,0.18178346753120422,1.717929626465775e-05,2.403427856734197e-07,2.2805772914580302e-07,0.010692805051803589,0.004092119634151459,0.018171748146414757,0.020088041201233864,0.17415614426136017,0.02363661676645279,0.027126934379339218,0.15785424411296844,0.34812629222869873,0.34960776567459106,0.104176826775074,0.020303335040807724,0.06407203525304794,0.07650041580200195,1.9204846466891468e-05,0.00196442031301558,0.018814995884895325,0.00022118553170002997,0.00433698995038867,0.0018959769513458014,0.07006553560495377,2.0303888959460892e-05,1.3558920727518853e-05,0.001691579120233655,0.0010002056369557977,0.0007578500080853701,0.00026640878058969975,0.013033971190452576,0.07081708312034607,0.11720185726881027,0.018182577565312386,0.09070779383182526,0.08052892982959747,0.04073122516274452,0.01336689479649067,3.0321576559799723e-05,5.502432395587675e-05,7.902109064161777e-05,4.247210017638281e-05,2.0080364265595563e-05,5.9295733080944046e-05,6.599809125873435e-07,9.539247258771866e-08,1.0,650.0
8.203228389902506e-07,0.001483476022258401,0.0014865758130326867,0.09954933822154999,0.7606155872344971,0.5427566170692444,9.768276868271641e-06,1.8536347567987832e-07,7.739813554508146e-07,0.007937580347061157,0.009541010484099388,0.2376348227262497,0.209925577044487,0.07567251473665237,0.06411543488502502,0.044117845594882965,0.06674079596996307,0.028628626838326454,0.03934648633003235,0.1037629246711731,0.046265266835689545,0.059158582240343094,0.04825420677661896,2.7814709028461948e-05,0.0016010627150535583,0.006207904778420925,9.126300574280322e-05,0.0005395515472628176,0.007729870732873678,0.001996997743844986,0.0008720774785615504,0.0013365136692300439,0.0005143698654137552,0.004495329223573208,0.0006590504199266434,0.0008211235981434584,0.021048197522759438,0.016688646748661995,0.1453702300786972,0.0003380356647539884,0.13098768889904022,0.014669124968349934,0.09783228486776352,0.008556987158954144,8.341726243088488e-06,5.132211754244054e-06,0.00011937662202399224,0.0007560250232927501,2.5237302907044068e-05,1.937984961841721e-05,2.06741697184043e-06,4.0117390653904295e-07,1.0,651.0
1.2941115983267082e-06,0.004631265066564083,0.036128781735897064,0.001584092155098915,0.4476829171180725,0.08259072154760361,7.198347702797037e-06,1.964239402241219e-07,3.7938687569294416e-07,0.0869426503777504,0.04820575937628746,0.07042739540338516,0.04655678942799568,0.039201024919748306,0.07627415657043457,0.08585979044437408,0.055788129568099976,0.13308697938919067,0.17435459792613983,0.2063147872686386,0.5448634624481201,0.005377026740461588,0.011097727343440056,7.171911420300603e-06,0.003959681838750839,0.006733785383403301,1.365361731586745e-05,0.0008388345595449209,0.006212571635842323,0.0012376019731163979,0.0029125495348125696,0.004123482387512922,0.00010471388668520376,0.004318749997764826,6.485847552539781e-05,6.016440238454379e-05,0.03682815283536911,0.02142113633453846,0.011351007968187332,0.00018038095731753856,0.07325676828622818,0.016598757356405258,0.47372865676879883,0.053452908992767334,0.00011713070125551894,5.216493445914239e-05,0.001822141231968999,0.0015286104753613472,0.00010557915811659768,0.00015255842299666256,4.848134835810924e-07,4.452243160812941e-07,1.0,652.0
1.6730182323954068e-06,0.02747269533574581,0.027870772406458855,0.0036483316216617823,0.06448652595281601,0.08638565242290497,0.00013421560288406909,4.322218103425257e-07,3.4252792602273985e-07,0.24376057088375092,0.266740620136261,0.5348751544952393,0.494647353887558,0.03333231434226036,0.09238298237323761,0.08828490227460861,0.043908003717660904,0.017597973346710205,0.009079483337700367,0.516822338104248,0.2784385681152344,0.0038890123832970858,0.0014293207786977291,0.00036287540569901466,0.00036823266418650746,0.004305789712816477,7.74760264903307e-05,0.0003210583236068487,0.011424532160162926,0.011421429924666882,0.0011528442846611142,0.0009692485327832401,0.0006339864921756089,0.00017616334662307054,0.0023476677015423775,0.0032377969473600388,0.12310446053743362,0.055867403745651245,0.0010690413182601333,0.002349242102354765,0.005405469331890345,0.005246996879577637,0.00603987742215395,0.034472815692424774,0.41657692193984985,0.26313304901123047,0.04711122810840607,0.01446361280977726,0.006205610930919647,0.007161546964198351,2.907941961893812e-06,2.0971815501980018e-06,1.0,653.0
4.313155272939184e-07,4.508778602030361e-06,2.9539594834204763e-05,0.9516014456748962,0.9471640586853027,0.7010112404823303,3.8432572182500735e-05,1.6143360426212894e-06,2.6098693979292875e-06,0.0038543599657714367,0.002614799654111266,0.4014478027820587,0.36013177037239075,0.0517653226852417,0.27643418312072754,0.10184767842292786,0.007502786815166473,0.015030037611722946,0.01748550496995449,0.007041058037430048,0.008167998865246773,0.1856522560119629,0.2185474932193756,0.00010250901686958969,0.010273702442646027,0.3872390389442444,0.0030041032005101442,0.001965901581570506,0.001160817570053041,0.0020378141198307276,0.0004518034984357655,0.0005947304307483137,0.02129187248647213,0.000926996348425746,0.031522899866104126,0.04144531488418579,0.0025493591092526913,0.004087702836841345,0.3145749568939209,0.004100209102034569,0.018881773576140404,0.05068463832139969,0.013125685043632984,0.1208975538611412,7.838147212169133e-06,6.549899808305781e-06,8.571254147682339e-05,0.0006286702118813992,0.007533463649451733,0.010304356925189495,1.19983260447043e-05,5.981795538900769e-07,1.0,654.0
6.380276317941025e-06,0.2517275810241699,0.275578111410141,0.0025171968154609203,0.021248405799269676,0.01833830401301384,0.0013912486610934138,5.5427417464670725e-06,3.5917478271585423e-06,0.3061603307723999,0.3049941956996918,0.1827872097492218,0.20327799022197723,0.4674952030181885,0.005969594232738018,0.009578854776918888,0.48152050375938416,0.0760183110833168,0.06471278518438339,0.6095470190048218,0.4452112019062042,0.003359544789418578,0.0025388256181031466,0.006552042439579964,0.004578692372888327,0.04323306307196617,0.00026591343339532614,0.0007046349346637726,0.004809868987649679,0.01567678339779377,0.0018544101621955633,0.0013375156559050083,0.02098534069955349,0.0008198113646358252,0.4882461726665497,0.6985229253768921,0.07779432833194733,0.15978164970874786,0.0021283042151480913,0.00040266962605528533,0.0030483552254736423,0.02172214724123478,0.0020822847727686167,0.024283071979880333,0.9460705518722534,0.9602805376052856,0.17386820912361145,0.1818491518497467,0.47464969754219055,0.6045562028884888,3.1575457342114532e-06,1.5929372239043005e-05,0.0,655.0
7.61985802455456e-06,0.018806736916303635,0.03523755818605423,0.009336363524198532,0.16376610100269318,0.051891084760427475,0.00013956644397694618,4.842889666178962e-06,7.165951956267236e-07,0.008556023240089417,0.020359564572572708,0.009470469318330288,0.008330056443810463,0.3410276472568512,0.007732384372502565,0.0073115769773721695,0.3167387545108795,0.5164490342140198,0.5272780656814575,0.24234585464000702,0.20777125656604767,0.07632888108491898,0.01673569157719612,0.00042084488086402416,0.12090561538934708,0.2279020994901657,2.17661199712893e-05,0.0021995361894369125,0.00018230611749459058,0.008026707917451859,0.536345362663269,0.5409250259399414,0.006031298078596592,6.4153726270888e-05,0.10336379706859589,0.05595121532678604,0.0018340303795412183,0.04408000782132149,0.017383674159646034,0.0016361845191568136,0.027659134939312935,0.025630084797739983,0.01304775569587946,0.04404030740261078,4.191530024399981e-05,9.320751269115135e-05,0.001983298221603036,0.05038927122950554,0.006684129126369953,0.01991363614797592,6.944424967514351e-06,1.4624255527451169e-05,1.0,656.0
2.943963579582487e-07,0.004055547062307596,0.0025023394264280796,0.31481459736824036,0.39447879791259766,0.26232266426086426,0.0004111768212169409,2.431600876207085e-07,1.318420572715695e-06,0.0038759082090109587,0.0017307392554357648,0.10946248471736908,0.11893010139465332,0.04941477254033089,0.07944411039352417,0.08833805471658707,0.06764756143093109,0.09694088250398636,0.09764423966407776,0.028930699452757835,0.011383578181266785,0.1841687262058258,0.2105593979358673,0.0010284287855029106,0.05325007438659668,0.6903620362281799,0.0021063745953142643,0.0005188986542634666,0.3122965097427368,0.6532490849494934,1.1486292351037264e-05,1.2633964615815785e-05,0.1239703893661499,0.003194738645106554,0.6135908365249634,0.5441921949386597,0.00438336655497551,0.011520692147314548,0.07618452608585358,0.00029792150598950684,0.0019832386169582605,0.007847828790545464,0.0006006814655847847,0.01679556630551815,0.002592092612758279,0.004992485512048006,8.253352280007675e-05,0.0001491651200922206,0.013202999718487263,0.0217859148979187,4.086062745045638e-06,1.4162551451590843e-06,1.0,657.0
2.7581436370383017e-06,0.16732148826122284,0.12359841167926788,0.0023096727672964334,0.01766406185925007,0.03335629031062126,0.0008576599066145718,4.254909981682431e-06,2.0953243620169815e-06,0.20652836561203003,0.16333088278770447,0.08611810207366943,0.09187991917133331,0.08626052737236023,0.06925635784864426,0.06894449144601822,0.09863147139549255,0.18290495872497559,0.17882952094078064,0.39203259348869324,0.40103644132614136,0.00568677531555295,0.008038935251533985,0.004248722456395626,0.0017702000914141536,0.045250799506902695,0.00023196272377390414,0.0008343424997292459,0.006661524064838886,0.007758157327771187,0.00027773925103247166,0.00022858403099235147,0.04627279192209244,0.00414123572409153,0.2707703411579132,0.45939913392066956,0.03840354457497597,0.0754254087805748,0.008480622433125973,0.00011932029156014323,0.0008188316132873297,0.007934032939374447,0.001111167250201106,0.020732371136546135,0.9617078900337219,0.9528842568397522,0.13064990937709808,0.09255234897136688,0.7934681177139282,0.7502023577690125,3.766484951484017e-06,6.808972102589905e-06,0.0,658.0
7.252967293425172e-07,0.025428790599107742,0.005149913486093283,0.19924303889274597,0.15209777653217316,0.2890221178531647,7.066293164825765e-06,3.258369076775125e-07,3.286484400177869e-07,0.18802960216999054,0.0737970843911171,0.11024442315101624,0.08994245529174805,0.3197036385536194,0.009038484655320644,0.016263844445347786,0.3275183439254761,0.07989262044429779,0.09965655207633972,0.3471599221229553,0.43445172905921936,0.0023492719046771526,0.009724227711558342,1.5163903299253434e-05,0.0013368839863687754,0.016961121931672096,0.000536103849299252,0.0025256024673581123,0.006690784357488155,0.0021447783801704645,0.00020337209571152925,0.00023943698033690453,0.0003517656004987657,0.0015535050770267844,0.00035709113581106067,0.0005472387420013547,0.025673002004623413,0.005888302810490131,0.35895591974258423,0.001441766507923603,0.240541473031044,0.06574612855911255,0.043722983449697495,0.0009521391475573182,2.3317052182392217e-06,8.841909675538773e-07,9.947670332621783e-05,0.00017869338626042008,9.563036655890755e-07,5.932075737291598e-07,6.906679459461884e-07,3.085155810822471e-07,1.0,659.0
5.045673105996684e-07,0.0002319056511623785,0.00015017768600955606,0.8259833455085754,0.6031240224838257,0.3646780848503113,3.1685042358731152e-06,1.9684399887864856e-07,1.1676838767016307e-06,0.0035288939252495766,0.00305405561812222,0.24417880177497864,0.24981117248535156,0.40702253580093384,0.49625837802886963,0.005171849392354488,0.004153826739639044,0.028700098395347595,0.024150799959897995,0.006549498066306114,0.0057547795586287975,0.18653473258018494,0.25385379791259766,5.320586933521554e-05,0.0005824140971526504,0.0009167254320345819,0.00012750383757520467,2.27664513658965e-05,0.0015201119240373373,0.0005769129493273795,0.0012240223586559296,0.0021579740568995476,0.011339406482875347,0.0010474883019924164,0.0012785036815330386,0.001976228319108486,0.005457726307213306,0.005960351321846247,0.3513520359992981,0.006134430877864361,0.0035552256740629673,0.0042020720429718494,0.03009798564016819,0.21782808005809784,3.142683635815047e-05,2.6344445359427482e-05,0.0001928873680299148,0.0030593406409025192,0.003851845394819975,0.004284395836293697,3.94283706555143e-05,1.9187982047697005e-07,1.0,660.0
4.629533805200481e-07,0.036395102739334106,0.010317362844944,0.10580892860889435,0.1289583146572113,0.17751578986644745,0.00020220594888087362,5.718853230973764e-07,3.3446883662691107e-07,0.15294258296489716,0.06805680692195892,0.45915547013282776,0.463944673538208,0.2279604822397232,0.047514498233795166,0.05566204711794853,0.2230856865644455,0.010183760896325111,0.014024268835783005,0.34304967522621155,0.11432251334190369,0.00701028760522604,0.012064840644598007,0.0017981985583901405,0.0320311114192009,0.001359513495117426,4.556822204904165e-06,2.0940497051924467e-05,0.0032675019465386868,0.02213785983622074,0.042904358357191086,0.029123440384864807,0.029134565964341164,0.0006297388463281095,0.4024678170681,0.19946150481700897,0.04866960272192955,0.18469741940498352,0.004168197046965361,7.842369086574763e-05,0.004381082020699978,0.0019636997021734715,0.009517952799797058,0.11920743435621262,0.044173937290906906,0.06508290022611618,0.2709602117538452,0.014429849572479725,0.07025529444217682,0.24332554638385773,4.6888881115592085e-06,1.6357956837964593e-06,1.0,661.0
1.06051993498113e-06,0.006208475213497877,0.002822039881721139,0.052525777369737625,0.35171008110046387,0.47451868653297424,2.1836207451997325e-05,9.256312978322967e-07,3.8276888858490565e-07,0.7268421649932861,0.6668713688850403,0.6943029165267944,0.7207751274108887,0.054705455899238586,0.10660690814256668,0.08769288659095764,0.04145029932260513,0.005427648313343525,0.004743774421513081,0.5414205193519592,0.47395071387290955,0.00030788450385443866,0.00023492339823860675,0.00010378361184848472,0.00022203473781701177,0.005014127120375633,0.0005411531310528517,0.0016665012808516622,0.002216790337115526,0.0004667381872422993,0.005751230753958225,0.0037325252778828144,0.003147008130326867,0.0007610633037984371,0.000580079504288733,0.0015860359417274594,0.06678809225559235,0.005334637127816677,0.11122836172580719,0.0015083143953233957,0.009470787830650806,0.0011719457106664777,0.009894812479615211,0.01676485873758793,0.0018065425101667643,0.00047881866339594126,0.01931525208055973,0.001882448443211615,8.763962250668555e-05,5.356636756914668e-05,5.576137482421473e-06,7.26824168850726e-07,1.0,662.0
9.971533927455312e-07,0.0002454338246025145,0.0006321028922684491,0.5999034643173218,0.6546489000320435,0.3322569727897644,8.44129408505978e-06,2.7745610964302614e-07,3.647853418442537e-06,0.007288477383553982,0.0021141364704817533,0.15909725427627563,0.1410009264945984,0.0066006178967654705,0.40696027874946594,0.40459170937538147,0.0049318065866827965,0.04849120229482651,0.05643436312675476,0.0584893599152565,0.02004469744861126,0.09770987927913666,0.14169923961162567,0.0001495878677815199,6.840590503998101e-05,0.0011211064411327243,0.00046600220957770944,9.31291506276466e-05,0.08498341590166092,0.0008769742562435567,0.00014768193068448454,0.0004986473359167576,0.003985264804214239,0.029976611956954002,0.0006848663906566799,0.0013687028549611568,0.029121138155460358,0.008309673517942429,0.12246690690517426,9.715542546473444e-05,0.006046482361853123,0.0010536415502429008,0.00822826474905014,0.028353622183203697,0.0010211047483608127,0.0007299895514734089,0.00027200960903428495,0.03425802290439606,0.0009241315419785678,0.0002807195414789021,1.240515302924905e-05,3.8602490803896217e-07,1.0,663.0
2.2788235582993366e-06,0.35595592856407166,0.356729120016098,0.0007496689795516431,0.02581590972840786,0.014505794271826744,1.7940405086847022e-05,7.219710482786468e-07,1.9067130097027984e-06,0.08634466677904129,0.034133169800043106,0.07440172135829926,0.02632717974483967,0.00023108083405531943,0.8082914352416992,0.9029413461685181,0.0031307823956012726,0.13621360063552856,0.25401198863983154,0.15452924370765686,0.5567613840103149,0.00687006302177906,0.020115984603762627,0.0001792794355424121,0.0001672114885877818,0.009824260137975216,0.005105163902044296,0.00047045722021721303,0.0020092842169106007,0.0007506015244871378,0.004669687710702419,0.007059167139232159,0.0009119513561017811,0.005124974064528942,0.0023004733957350254,0.004502579569816589,0.01624971441924572,0.007828493602573872,0.2147410362958908,0.0001168079033959657,0.08355636149644852,0.034104593098163605,0.006812049075961113,0.002715881448239088,1.0327766176487785e-05,5.240597147349035e-06,0.0007685694145038724,0.008558346889913082,6.2594854171038605e-06,5.179592335480265e-06,3.724056568898959e-06,1.3502817637345288e-06,2.0,664.0
2.095636091326014e-06,0.219140887260437,0.2596322298049927,0.005357375368475914,0.008650456555187702,0.009869706816971302,2.8375381589285098e-05,5.265275717647455e-07,7.823172722964955e-07,0.16162109375,0.15072904527187347,0.04100771248340607,0.049346599727869034,0.0019503504736348987,0.6363494992256165,0.628456711769104,0.003760799765586853,0.18900036811828613,0.202798530459404,0.5561648607254028,0.4881259799003601,0.0046189697459340096,0.002801088383421302,0.0001619184185983613,3.762338019441813e-05,0.01301451027393341,0.008440125733613968,0.0003261107485741377,0.0017573251388967037,0.0007401278708130121,0.012043596245348454,0.016442252323031425,0.0008225829806178808,0.0009593620779924095,0.007467755116522312,0.01203436404466629,0.019042400643229485,0.011712703853845596,0.03810560703277588,0.00025925412774086,0.05110673978924751,0.018463969230651855,0.00820615328848362,0.006229484919458628,2.847022369678598e-05,2.0078621673746966e-05,0.0010117519414052367,0.012632731348276138,6.024369577062316e-05,4.945606633555144e-05,4.11026667279657e-06,1.5590559314659913e-06,1.0,665.0
1.7735610526870005e-06,0.03185344114899635,0.04411990940570831,0.0074279336258769035,0.1251339614391327,0.10826251655817032,0.0011091004125773907,2.1594757981802104e-06,7.312241450563306e-06,0.0019019400933757424,0.0014072292251512408,0.07354864478111267,0.07075187563896179,0.01209498941898346,0.3334060311317444,0.30474016070365906,0.006437129806727171,0.12366530299186707,0.13881516456604004,0.025631487369537354,0.025161124765872955,0.23541751503944397,0.2600756585597992,0.0023923590779304504,0.02909025363624096,0.18291819095611572,0.00029158181860111654,0.0005586190964095294,0.008013240993022919,0.004048796370625496,0.02240084856748581,0.024198031052947044,0.030590279027819633,0.0029712205287069082,0.6474596261978149,0.6497243046760559,0.005774752236902714,0.007133782841265202,0.026319285854697227,1.9779272406594828e-05,0.003100520698353648,0.0012210570275783539,0.0009023963357321918,0.06858666241168976,0.4975223243236542,0.45053401589393616,0.09802714735269547,0.09800649434328079,0.11385341733694077,0.09808214008808136,7.267705314006889e-06,8.65245601744391e-06,1.0,666.0
3.592740824842622e-07,0.0011902714613825083,0.00043368974002078176,0.6660702228546143,0.30113211274147034,0.4698208272457123,0.00018538902804721147,3.4550232612673426e-06,1.2910114719488774e-06,0.5417171716690063,0.46639135479927063,0.5826607942581177,0.6176918745040894,0.0074573117308318615,0.4716927409172058,0.46518421173095703,0.00770705658942461,0.006478581111878157,0.009479895234107971,0.228229358792305,0.36657705903053284,0.0005444168928079307,0.0015781470574438572,0.0009500590385869145,0.0012527287472039461,0.3070690631866455,0.009670604951679707,0.0034592042211443186,0.0011019101366400719,0.003295803675428033,0.012056641280651093,0.007658699061721563,0.009598481468856335,0.012108066119253635,0.1438029557466507,0.14068666100502014,0.008814023807644844,0.02333439700305462,0.01324399746954441,7.65053482609801e-06,0.005327231250703335,0.004679820500314236,0.00023698028235230595,0.005864941049367189,0.006212657783180475,0.005529133137315512,0.2632770240306854,0.07573799043893814,0.000605816429015249,0.0004869154072366655,5.810780294268625e-06,1.1459661664048326e-06,2.0,667.0
1.4290096714830725e-06,0.0033141986932605505,0.004180508200079203,0.03004276566207409,0.5596041679382324,0.5517224669456482,0.002211041981354356,2.792250370475813e-06,7.638899660378229e-06,0.4201519191265106,0.7141498327255249,0.5904700756072998,0.5837574005126953,0.0002965310122817755,0.8776932954788208,0.9088753461837769,0.0010171807371079922,0.01795165240764618,0.008604065515100956,0.6094568967819214,0.3834041655063629,0.004022577311843634,0.0003578780742827803,0.012853499501943588,0.02031828463077545,0.06682708114385605,0.0007486359681934118,4.725916005554609e-05,0.01865357905626297,0.006661369930952787,0.15504670143127441,0.12419798225164413,0.029627062380313873,0.013967393897473812,0.8794747591018677,0.9093368053436279,0.014508781023323536,0.015756826847791672,0.0134706636890769,2.457426944602048e-06,0.0067519028671085835,0.0022042023483663797,0.0018640441121533513,0.10031389445066452,0.1043713241815567,0.11788547039031982,0.4383418560028076,0.5133522152900696,0.315087229013443,0.39539510011672974,3.303190169390291e-05,1.2357380001049023e-05,0.0,668.0
4.225907105137594e-06,0.052600543946027756,0.11287643015384674,0.005069244187325239,0.020045043900609016,0.012234259396791458,0.00043278056546114385,2.1643045329255983e-06,8.598435101703217e-07,0.12053047120571136,0.11481396108865738,0.07049854099750519,0.07812812924385071,0.06163131445646286,0.053247787058353424,0.055179670453071594,0.06732884049415588,0.14300039410591125,0.13730311393737793,0.6523298621177673,0.5873554944992065,0.006269355770200491,0.0032718919683247805,0.0018152333796024323,0.0007594454800710082,0.05458768829703331,0.0002330925053684041,0.0009659128845669329,0.004176792223006487,0.0034107393585145473,0.03679880127310753,0.04409153014421463,0.002057424047961831,0.0002123112353729084,0.2206498086452484,0.3401933014392853,0.053465381264686584,0.06617546081542969,0.0005649702507071197,0.00023642348241992295,0.014771430753171444,0.009959233924746513,0.003208150388672948,0.03309665620326996,0.015670377761125565,0.016315048560500145,0.025499355047941208,0.12118645012378693,0.061650507152080536,0.07891751825809479,2.8787792416551383e-06,7.285387255251408e-06,1.0,669.0
2.1106750409671804e-06,2.2928865291760303e-05,1.3734404092247132e-05,0.9023610949516296,0.8783568739891052,0.7261056900024414,4.9549304094398394e-05,4.8026549848145805e-06,8.38581399875693e-07,0.04000873863697052,0.01585787907242775,0.02512361668050289,0.023439165204763412,0.11655633896589279,0.04192472994327545,0.034492019563913345,0.11539936810731888,0.36598190665245056,0.38482752442359924,0.20623049139976501,0.05415182560682297,0.017339885234832764,0.04037456959486008,0.00012672640150412917,0.0007719153654761612,0.022045975551009178,0.00028160467627458274,0.0018265506951138377,0.0012247103732079268,0.008307980373501778,0.012253700755536556,0.012373787350952625,0.0030033751390874386,1.0821769137692172e-05,0.006195682100951672,0.005103686824440956,0.01065096352249384,0.02856699749827385,0.01614401675760746,0.17815938591957092,0.027235165238380432,0.011215202510356903,0.04659081622958183,0.14551757276058197,0.0003216131590306759,0.0005759784253314137,0.001425697933882475,0.006416338961571455,0.004192650318145752,0.00664101168513298,7.004191957094008e-06,1.2187189213364036e-06,1.0,670.0
2.612720891193021e-06,0.14565029740333557,0.06677326560020447,0.0037407155614346266,0.005081760697066784,0.05911870673298836,7.40239120204933e-05,5.230597821537231e-07,1.488120233261725e-06,0.34725552797317505,0.21683859825134277,0.10674820840358734,0.08001065254211426,0.04471096768975258,0.23109956085681915,0.22037413716316223,0.024301303550601006,0.14618654549121857,0.20352385938167572,0.5638300180435181,0.6909340620040894,0.0011043123668059707,0.0024198051542043686,0.0002645075728651136,0.0021302516106516123,0.013249938376247883,0.00011111755884485319,0.0008508663158863783,0.009326963685452938,0.012019343674182892,0.0705530196428299,0.07287735491991043,3.626103716669604e-05,0.011567147448658943,0.0024514615070074797,0.00467310007661581,0.08273320645093918,0.13669931888580322,0.00016582789248786867,3.6637234188674483e-06,0.11752289533615112,0.02872050367295742,0.010536372661590576,0.002827790565788746,0.008756916038691998,0.009068379178643227,0.02622242085635662,0.07855130732059479,4.227046520099975e-05,6.744280835846439e-05,9.292585900766426e-07,1.4696109928991063e-06,2.0,671.0
1.3565814697358292e-05,0.47676780819892883,0.043659403920173645,0.0015564537607133389,0.0009801076957955956,0.03897111862897873,0.00018080817244481295,1.6435986935903202e-06,1.0582295999483904e-06,0.5064631700515747,0.30826061964035034,0.4435100555419922,0.45501574873924255,0.13591429591178894,0.045860789716243744,0.029721977189183235,0.11372066289186478,0.01673666574060917,0.016311220824718475,0.48379597067832947,0.4386427700519562,0.0008901426917873323,0.000784559000749141,0.0003475551202427596,0.0021430165506899357,0.09870439022779465,0.00010888060933211818,0.018388928845524788,0.008246908895671368,0.00016186607535928488,0.41734492778778076,0.5018707513809204,0.0012935048434883356,0.017573868855834007,0.0017363514052703977,0.006535934749990702,0.04832419008016586,0.004443168640136719,0.0026319248136132956,2.982587830047123e-06,0.021849092096090317,0.0067665004171431065,0.025358665734529495,0.04177343472838402,0.009688184596598148,0.0029153134673833847,0.13817733526229858,0.15660183131694794,0.08520423620939255,0.039536312222480774,7.616949346811452e-07,4.619346782419598e-06,1.0,672.0
4.0301788430952e-06,0.16155585646629333,0.1287507265806198,0.02852354571223259,0.025647828355431557,0.02018115669488907,0.00012068336218362674,2.8299155019340105e-06,1.3655734392159502e-06,0.025701135396957397,0.015038949437439442,0.2783057689666748,0.26144054532051086,0.0010440282057970762,0.6604881286621094,0.6033413410186768,0.0031675216741859913,0.02315925434231758,0.026433829218149185,0.08220157027244568,0.07406455278396606,0.028185883536934853,0.04382336512207985,0.00023001845693215728,0.000850309559609741,0.08472620695829391,0.0012903764145448804,0.0005841474630869925,0.0004695322713814676,0.005910337902605534,0.26253417134284973,0.2537575364112854,0.0009806195739656687,5.068734935775865e-06,0.05689908564090729,0.05429249629378319,0.008726575411856174,0.02001664787530899,0.007368346676230431,0.07347386330366135,0.1187249943614006,0.043115049600601196,0.025374209508299828,0.10268402099609375,5.9368889196775854e-05,9.232794400304556e-05,0.002534916391596198,0.0059728543274104595,0.00359623646363616,0.009451664984226227,6.070746167097241e-06,9.53561993810581e-06,1.0,673.0
9.054601832758635e-07,0.004300494212657213,0.003227878361940384,0.06564898043870926,0.29532063007354736,0.211163729429245,2.8881540856673382e-05,7.35947423891048e-07,2.492913608875824e-07,0.3191307783126831,0.33562058210372925,0.8000812530517578,0.7958718538284302,0.05129623785614967,0.11456742137670517,0.09743385016918182,0.024714237079024315,0.0027152462862432003,0.001575665664859116,0.1258031278848648,0.10131676495075226,0.002621978521347046,0.0027559781447052956,0.00013662547280546278,0.0001805666252039373,0.0005824096733704209,9.200547356158495e-05,4.565815834212117e-05,0.012025227770209312,0.035170238465070724,0.002553664380684495,0.0024755618069320917,0.0033514394890516996,0.00021063306485302746,0.00622524693608284,0.004023861605674028,0.07415157556533813,0.12771430611610413,0.008740618824958801,0.007934660650789738,0.005714470520615578,0.0005147407064214349,0.2240786999464035,0.4341413378715515,0.032897431403398514,0.04933440312743187,0.0015956317074596882,0.00217951787635684,0.5576181411743164,0.6330613493919373,1.0629892130964436e-05,9.987970770453103e-07,1.0,674.0
1.023509980768722e-06,0.04448777437210083,0.012661991640925407,0.08383304625749588,0.07568655908107758,0.18328657746315002,0.0006485033663921058,1.9986389361292822e-06,5.907247214054223e-06,0.10855399072170258,0.018144046887755394,0.02606218308210373,0.02020575851202011,0.10048912465572357,0.06417165696620941,0.06271917372941971,0.10449325293302536,0.34345340728759766,0.4074062705039978,0.17453961074352264,0.17206817865371704,0.00407827366143465,0.041104212403297424,0.0037195838522166014,0.0033494390081614256,0.03727592155337334,0.0003603546938393265,0.0002173648535972461,0.017424268648028374,0.0011147912591695786,0.04262432083487511,0.0580296516418457,0.007470982149243355,0.02188490889966488,0.7656453251838684,0.7073556184768677,0.014641727320849895,0.010725176893174648,0.0028705555014312267,5.39190068593598e-07,0.009066595695912838,0.011314469389617443,0.0017602861626073718,0.010086897760629654,0.32373443245887756,0.18176589906215668,0.7980283498764038,0.6754913330078125,0.4004007577896118,0.21934477984905243,5.382383733376628e-06,1.5724650666015805e-06,0.0,675.0
4.09099902753951e-06,0.0022977881599217653,0.003380611538887024,0.515066921710968,0.1269332617521286,0.08001502603292465,0.00021172864944674075,2.3219772629090585e-06,2.112757556460565e-06,0.16319768130779266,0.11420697718858719,0.02806062437593937,0.02955116331577301,0.0030391004402190447,0.4253545105457306,0.3803979456424713,0.014446495100855827,0.29035353660583496,0.30431434512138367,0.5756237506866455,0.5977597236633301,0.003956423606723547,0.004072664771229029,0.0018499187426641583,0.0006523389020003378,0.007744235917925835,9.521777974441648e-05,0.0003369696787558496,0.03306367248296738,0.0009129107347689569,0.02690534107387066,0.03650101274251938,0.001456069410778582,0.00761011429131031,0.011583438143134117,0.023546980693936348,0.053941886872053146,0.012820321135222912,0.0029073061887174845,1.0011612175730988e-05,0.010994764044880867,0.0023430720902979374,0.0025985208339989185,0.019899148494005203,0.16000361740589142,0.07441120594739914,0.263844758272171,0.44015994668006897,0.0030407076701521873,0.002902277512475848,4.231932052789489e-06,3.3220837849512463e-06,0.0,676.0
6.901761366862047e-07,0.0016743242740631104,0.0005606089252978563,0.12166919559240341,0.6471531391143799,0.5016423463821411,6.290509190876037e-05,1.2503024890975212e-06,2.090172159796566e-07,0.019740765914320946,0.007047328632324934,0.06582453846931458,0.08295320719480515,0.05342821031808853,0.06617705523967743,0.06887494772672653,0.06280477344989777,0.1220000833272934,0.11485987901687622,0.1602735072374344,0.03296000137925148,0.033895570784807205,0.05320935696363449,7.775513222441077e-05,0.005640834104269743,0.32606035470962524,0.0009051325614564121,0.004341816529631615,0.000531456433236599,0.022563721984624863,0.0008190004737116396,0.0005115055246278644,0.028000928461551666,0.00016172767209354788,0.0328592024743557,0.01966145634651184,0.0009163045324385166,0.006383437197655439,0.30532941222190857,0.007112331222742796,0.026392273604869843,0.010331444442272186,0.012549149803817272,0.07130705565214157,1.4437735444516875e-05,2.120728458976373e-05,0.00017474449123255908,0.00019878601597156376,0.00204979139380157,0.005518472753465176,1.5195558944469667e-06,7.5170112268097e-07,1.0,677.0
2.608826662253705e-06,0.014300264418125153,0.10665526241064072,0.001877366448752582,0.30508336424827576,0.03071407787501812,0.0015861295396462083,4.5431090711645084e-07,1.128249209614296e-06,0.13988889753818512,0.24873246252536774,0.06165900081396103,0.31839847564697266,0.16809965670108795,0.008953248150646687,0.03974735364317894,0.34384939074516296,0.20095472037792206,0.024725226685404778,0.5998492240905762,0.10684507340192795,0.015215633437037468,0.0011159428395330906,0.0037737046368420124,0.7391637563705444,0.036589935421943665,3.3303399504802655e-07,0.0016827485524117947,0.0014269719831645489,0.07850359380245209,0.00920391920953989,0.004067760892212391,0.008875598199665546,0.0002916801895480603,0.1888851374387741,0.14802859723567963,0.013856732286512852,0.11619320511817932,0.002331166760995984,0.00098170165438205,0.00948417093604803,0.05026225373148918,0.00759255001321435,0.033649854362010956,0.40852653980255127,0.6920415759086609,0.016877852380275726,0.02583436295390129,0.37092217803001404,0.6885060667991638,2.022292846959317e-06,1.1032051588699687e-05,0.0,678.0
1.8427138002152788e-06,0.002342075575143099,0.014097148552536964,0.06896208226680756,0.4709574580192566,0.19705946743488312,2.1133575501153246e-05,4.341736257629236e-06,1.3664827065440477e-06,0.04298952594399452,0.051550909876823425,0.045450158417224884,0.035976625978946686,0.00028468071832321584,0.9322843551635742,0.9267774820327759,0.0005019945092499256,0.2045571208000183,0.24351179599761963,0.1321323961019516,0.30308520793914795,0.015051697380840778,0.0203363299369812,0.00013700994895771146,0.0004577038635034114,0.011297130957245827,0.0025196056813001633,0.0007058262126520276,0.0002716511662583798,0.0004346804053056985,0.11970755457878113,0.09598085284233093,0.00958374235779047,0.0030448734760284424,0.0018495480762794614,0.0020827187690883875,0.0017645938787609339,0.0023828118573874235,0.6623585820198059,0.00022655616339761764,0.023154594004154205,0.003299121046438813,0.03124905377626419,0.08241665363311768,1.4247082617657725e-05,8.778751180216204e-06,0.010807467624545097,0.008311139419674873,0.0004311295924708247,0.0005262655322439969,1.387206884828629e-05,1.2933047628393979e-06,1.0,679.0
1.3934088656242238e-06,0.0029792902059853077,0.012684157118201256,0.03843088448047638,0.6727766990661621,0.14773455262184143,5.582878293353133e-05,2.7073168595848074e-08,1.7545146135944378e-07,0.1314554512500763,0.45999449491500854,0.0012587024830281734,0.02456309273838997,0.5488461256027222,0.05377810075879097,0.002793763065710664,0.1791607290506363,0.7853016257286072,0.42130252718925476,0.4710048735141754,0.044570282101631165,0.01464586891233921,0.0004112803435418755,2.308805051143281e-05,0.013792276382446289,0.017911814153194427,3.424745227675885e-05,0.003568215761333704,0.0077134594321250916,0.0002404066763119772,0.14446698129177094,0.1776992380619049,9.332517947768793e-05,0.028136972337961197,0.0007045437232591212,0.00036625753273256123,0.019806647673249245,0.026688555255532265,0.06380089372396469,4.389045443531359e-06,0.2935961186885834,0.17075327038764954,0.21487608551979065,0.004262252245098352,7.018159521976486e-06,1.8260665228808648e-06,0.002248914446681738,0.0008563814917579293,1.606329533387907e-05,5.316456736181863e-06,2.9233935947559075e-06,3.821295138095593e-07,2.0,680.0
1.65826622833265e-06,0.13601085543632507,0.13760994374752045,0.003710939083248377,0.03969402611255646,0.054411422461271286,4.101421291125007e-05,1.2053569662384689e-06,2.0083125491510145e-06,0.04104290530085564,0.008086061105132103,0.01995214819908142,0.014973162673413754,0.00022609415464103222,0.9396036267280579,0.9433098435401917,0.0006039586151018739,0.3411581218242645,0.33480802178382874,0.20651498436927795,0.1443856656551361,0.022014519199728966,0.049354780465364456,0.00044209856423549354,2.566816510807257e-05,0.001927212462760508,0.00395987881347537,0.00016939784109126776,0.0050160931423306465,0.0011406063567847013,0.0029435784090310335,0.0025933850556612015,0.002526163589209318,0.0005320768104866147,0.0014288595411926508,0.0034562256187200546,0.07559563964605331,0.00479969521984458,0.016407933086156845,0.0006699504447169602,0.0037323092110455036,0.0007397132576443255,0.00413838867098093,0.021722594276070595,0.1464581936597824,0.033895280212163925,0.321677029132843,0.041844502091407776,0.00077174132457003,0.0003693008329719305,6.888195002829889e-06,1.0258571592203225e-06,0.0,681.0
2.1946554795704287e-07,0.000391864130506292,0.0005027172737754881,0.6752131581306458,0.5820802450180054,0.27619028091430664,1.9889661416527815e-05,1.9440305720763718e-07,1.4496650919681997e-06,0.005187264643609524,0.00524376705288887,0.7588788270950317,0.517848551273346,0.2401849925518036,0.6722850799560547,0.01980537734925747,0.0018995219143107533,0.003039584495127201,0.008355631493031979,0.005262754391878843,0.015172459185123444,0.20096252858638763,0.18636542558670044,0.00030565739143639803,0.02059534750878811,0.0646442398428917,0.001316572306677699,0.00042145472252741456,0.007905703037977219,0.05142509937286377,8.068943202488299e-07,5.568785468312853e-07,0.41704198718070984,0.005158850457519293,0.0805467888712883,0.09260084480047226,0.001799874473363161,0.00316940457560122,0.8826203346252441,0.00634806090965867,0.01891588233411312,0.24938204884529114,0.0005849787849001586,0.01627754420042038,4.2502097130636685e-06,3.3841058666439494e-06,1.0060933163913433e-05,7.337885108427145e-06,0.0009547036024741828,0.0011348066618666053,6.817431767558446e-06,7.28025710827751e-08,1.0,682.0
3.386081743883551e-06,0.134393110871315,0.06300512701272964,0.001826580846682191,0.053121451288461685,0.10909079015254974,9.923766629071906e-05,6.12469591487752e-07,2.1951104827167e-06,0.09363844990730286,0.06611950695514679,0.07863186299800873,0.10567893832921982,0.21043099462985992,0.012135115452110767,0.0462178997695446,0.3956226706504822,0.10620318353176117,0.08092296123504639,0.2681776285171509,0.11037386953830719,0.0071100350469350815,0.01263774000108242,0.0002074298681691289,0.00021809664031025022,0.014123867265880108,0.0013358874712139368,0.0008065576548688114,0.01416743639856577,0.0005748110706917942,0.12876954674720764,0.12989500164985657,9.455734107177705e-05,0.06509806960821152,0.0027903385926038027,0.008207212202250957,0.2791151702404022,0.017386550083756447,0.0008836712222546339,1.6428856497441302e-06,0.12055294215679169,0.04913077503442764,0.022881781682372093,0.006248162593692541,0.0006933364784345031,0.00013025941734667867,0.027477500960230827,0.014995459467172623,0.00017791776917874813,4.73934669571463e-05,3.2015486794989556e-06,4.076818640896818e-06,1.0,683.0
2.0100217170693213e-06,0.08075723797082901,0.07853058725595474,0.03270537406206131,0.030619408935308456,0.00966197345405817,0.0011108890175819397,1.7452405245421687e-06,2.4054463665379444e-06,0.2685360014438629,0.1979847252368927,0.09243026375770569,0.12208819389343262,0.23826439678668976,0.02774776704609394,0.01915816031396389,0.2298235148191452,0.16755788028240204,0.1407867819070816,0.7010659575462341,0.38146108388900757,0.005215406883507967,0.004389244597405195,0.014680523425340652,0.006966285407543182,0.036219481378793716,0.00019856229482684284,0.0004896488972008228,0.0036492468789219856,0.011301903985440731,0.0002539647975936532,0.00024473608937114477,0.005363100208342075,4.537562563200481e-05,0.7478731274604797,0.8484708666801453,0.0550064891576767,0.1021551787853241,0.0006407825276255608,0.003797593293711543,0.004077068995684385,0.14433202147483826,0.00034227909054607153,0.0029525894206017256,0.6962870955467224,0.7755380868911743,0.02804557979106903,0.4710276424884796,0.05945366993546486,0.07297791540622711,5.674486146745039e-06,1.2852355212089606e-05,0.0,684.0
6.181545018080215e-07,0.24473021924495697,0.21495504677295685,0.0018368021119385958,0.01215510256588459,0.010279793292284012,1.6909798432607204e-05,1.3519797903427389e-07,1.0436704656058282e-07,0.46596240997314453,0.37149009108543396,0.49479275941848755,0.4886261522769928,0.07373922318220139,0.07386922091245651,0.06173158809542656,0.07386480271816254,0.013947668485343456,0.018597420305013657,0.4420156478881836,0.4333438575267792,0.0008339665364474058,0.001255779410712421,0.00011508252646308392,0.0008617143030278385,0.004223166964948177,5.768921255366877e-05,0.0020683431066572666,0.0033534180838614702,0.0038744763005524874,1.3542586202675011e-05,1.34692227220512e-05,0.011012007482349873,0.0007979721995070577,0.00024154580023605376,0.00021984873455949128,0.005868951790034771,0.0033665483351796865,0.35761335492134094,0.004046861082315445,0.0005143639864400029,0.0008334629819728434,0.0008097072131931782,0.013904758729040623,0.26788827776908875,0.2509121894836426,0.003482722444459796,0.004740295000374317,0.00022677509696222842,0.0004175849608145654,9.540191285850597e-07,3.68585460819304e-07,2.0,685.0
1.892580371531949e-06,0.0032709965016692877,0.001111398683860898,0.4508485496044159,0.517061710357666,0.5379316210746765,6.982523245824268e-06,2.3695267827861244e-06,5.622485446110659e-07,0.030247969552874565,0.014311063103377819,0.08158113807439804,0.0635252520442009,0.0012572346022352576,0.6559104919433594,0.6301586627960205,0.0023120571859180927,0.09944532811641693,0.12479978799819946,0.09068246930837631,0.22676290571689606,0.01652916893362999,0.04181838780641556,3.614685920183547e-05,0.00020593198132701218,0.0027968650683760643,0.0010538683272898197,0.00015485977928619832,0.0011015769559890032,0.0033204718492925167,0.0017661737510934472,0.0015436838148161769,0.004557735752314329,0.0005481544067151845,0.0007643827120773494,0.0007390576647594571,0.011249260045588017,0.00866634026169777,0.41543346643447876,0.01503142062574625,0.021787984296679497,0.002731683664023876,0.11546743661165237,0.22083358466625214,2.6139214241993614e-05,1.6574596884311177e-05,0.0005200942396186292,0.0006960512255318463,0.0006660879007540643,0.0006418123957701027,1.1319998520775698e-05,7.654086289221596e-07,2.0,686.0
1.2471501804611762e-06,0.04016456380486488,0.03854828700423241,0.017932401970028877,0.2826421558856964,0.12759186327457428,1.743791472108569e-05,2.416518896097841e-07,3.1007891720946645e-07,0.02243986912071705,0.018253358080983162,0.17943567037582397,0.1980251967906952,0.0004493837768677622,0.7786494493484497,0.7432972192764282,0.0022282623685896397,0.04385671392083168,0.033982183784246445,0.17972764372825623,0.07211833447217941,0.04088263958692551,0.02599819004535675,0.00011053146590711549,2.7753421818488277e-05,0.00026256305864080787,8.32392688607797e-05,4.48102000518702e-05,0.00036992807872593403,0.006284110713750124,0.0103538129478693,0.007689575664699078,0.0006682972307316959,0.0010442959610372782,0.00029625435126945376,0.00012056867126375437,0.014701182022690773,0.09825693070888519,0.019486673176288605,0.0009283459512516856,0.0016611898317933083,0.00014654705591965467,0.03190182149410248,0.05962345004081726,0.025636188685894012,0.07276351749897003,0.03472967445850372,0.06337090581655502,0.0010606559226289392,0.003972623962908983,5.147863703314215e-06,9.009930295178492e-07,1.0,687.0
1.094953859137604e-06,0.5416748523712158,0.3024655878543854,0.0003606284153647721,0.0021545197814702988,0.035343021154403687,0.00045303412480279803,1.1756295634768321e-06,3.2605460091872374e-06,0.3723461627960205,0.16186924278736115,0.13439004123210907,0.08909884840250015,0.002844666363671422,0.5380059480667114,0.5945372581481934,0.009282485581934452,0.10824456810951233,0.14307835698127747,0.6872581243515015,0.6109951138496399,0.0013861126499250531,0.004417704418301582,0.0035394527949392796,0.001046057790517807,0.012240848504006863,0.0008492427296005189,0.00011614218965405598,0.008180164732038975,0.0007283221348188818,0.0042823259718716145,0.004726385697722435,0.003002392826601863,0.0738864466547966,0.23323975503444672,0.35650381445884705,0.012325618416070938,0.0085732601583004,0.001736329053528607,3.2260729199151683e-07,0.00318711856380105,0.018120722845196724,0.000354707648511976,0.005461806897073984,0.7419223785400391,0.4726457893848419,0.25718510150909424,0.17424775660037994,0.02524438127875328,0.011248554103076458,2.4386008590226993e-06,3.8869311538292095e-06,0.0,688.0
1.1143116580569767e-06,0.004411299712955952,0.0028712216299027205,0.5065578818321228,0.35461482405662537,0.2530621588230133,6.523443062178558e-06,1.2575777645906783e-06,3.580649376999645e-07,0.08420662581920624,0.03834068402647972,0.06385648250579834,0.04636837914586067,0.007846090942621231,0.2773948907852173,0.2744252383708954,0.017170598730444908,0.1467856615781784,0.1556491255760193,0.10557789355516434,0.20921064913272858,0.007037942297756672,0.01812693476676941,2.3505725039285608e-05,0.0019176898058503866,0.021757641807198524,0.0004308091592974961,0.002820683643221855,0.00019751225772779435,0.004324181005358696,0.0010005777003243566,0.0014374051243066788,0.0038856652099639177,0.00032368730171583593,0.0022789323702454567,0.001325956080108881,0.00099558278452605,0.012215414084494114,0.9291486740112305,0.015105013735592365,0.4543408453464508,0.0612393319606781,0.08080268651247025,0.012302291579544544,1.2768222745762614e-07,2.2561303580914682e-07,1.5160953807935584e-05,0.0005893502966500819,2.1850996745342854e-06,7.383034244412556e-06,1.5219923170661787e-06,3.388600191556179e-07,1.0,689.0
4.678502705246501e-07,0.008033918216824532,0.01173886377364397,0.01865682564675808,0.32388272881507874,0.11284539103507996,0.00022671069018542767,9.90910962173075e-07,5.085988732389524e-07,0.5695717334747314,0.39012736082077026,0.6427769660949707,0.6226603388786316,0.13418617844581604,0.025230245664715767,0.03902697190642357,0.13930708169937134,0.0068877809680998325,0.008206785656511784,0.2811949849128723,0.3355890214443207,0.001521140569821,0.0006793354405090213,0.0022407900542020798,0.24142445623874664,0.19699616730213165,1.0050863238575403e-05,0.0007368985679931939,0.000686424900777638,0.007224625907838345,0.013055309653282166,0.02115374431014061,0.0125948591157794,0.0021940460428595543,0.4295743703842163,0.4164140522480011,0.002603627508506179,0.02868390642106533,0.016003206372261047,2.997116098413244e-05,0.002709699794650078,0.0028112116269767284,0.000919266021810472,0.027034765109419823,0.00271167466416955,0.005468555726110935,0.0076346630230546,0.27433815598487854,0.02700277790427208,0.07737228274345398,9.394959306519013e-06,6.22270908934297e-06,1.0,690.0
8.123074621835258e-07,0.016356391832232475,0.1007138043642044,0.0490705743432045,0.1571565866470337,0.04488139599561691,5.915297151659615e-06,2.408425245903345e-07,4.6004245746189554e-07,0.38819003105163574,0.5062656402587891,0.18749606609344482,0.2512110471725464,0.059644442051649094,0.038853999227285385,0.11415155977010727,0.1806696206331253,0.05514460429549217,0.03266635164618492,0.48019394278526306,0.13010816276073456,0.001566286780871451,0.000697879760991782,2.5834098778432235e-05,9.87990788416937e-05,0.0015967541839927435,0.0029710710514336824,6.307460716925561e-05,0.00429591303691268,0.009909710846841335,0.0001269169879378751,0.00021385001309681684,0.0019940414931625128,0.00010704126907512546,0.0004348697839304805,0.0010728288907557726,0.0071698687970638275,0.00323158735409379,0.7589800357818604,0.08800255507230759,0.054187167435884476,0.007508533541113138,0.11277228593826294,0.03078273870050907,2.146632368749124e-06,2.3755046640872024e-06,6.58986118651228e-06,0.0014187173219397664,4.72224855911918e-05,3.911215389962308e-05,1.4277522495831363e-05,4.6742300696678285e-07,2.0,691.0
3.999902673967881e-06,0.0009229765855707228,0.0005639184964820743,0.5794434547424316,0.49616411328315735,0.4555235207080841,0.001045631361193955,1.0041570021712687e-05,5.31073555976036e-06,0.008905043825507164,0.009718029759824276,0.06201540678739548,0.08664512634277344,0.38718903064727783,0.00926748663187027,0.01037586573511362,0.3901338279247284,0.2037898451089859,0.14910787343978882,0.1173938736319542,0.03502246364951134,0.1008811965584755,0.0866687148809433,0.0026660480070859194,0.0004974185139872134,0.08161581307649612,0.001570142456330359,0.0026400191709399223,0.0009467607596889138,0.002579722786322236,0.014227147214114666,0.009896068833768368,0.008237986825406551,0.0004585456335917115,0.24459955096244812,0.2849952280521393,0.03911967575550079,0.09310736507177353,0.002263530157506466,0.00038537304499186575,0.015276521444320679,0.031347740441560745,0.00515750702470541,0.01564093306660652,0.6572971343994141,0.7754966020584106,0.20477648079395294,0.32349610328674316,0.2398960292339325,0.31119024753570557,2.477435600667377e-06,6.537836270581465e-06,0.0,692.0
2.458207006839075e-07,0.0017492971383035183,0.0011868162546306849,0.49612489342689514,0.2942945063114166,0.3234071135520935,7.3245319072157145e-06,1.1740677337002126e-06,3.74851055084946e-07,0.5938528776168823,0.2892233729362488,0.61849045753479,0.6493695378303528,0.019122449681162834,0.22731439769268036,0.2215437889099121,0.016589194536209106,0.0046651908196508884,0.00796088669449091,0.19898052513599396,0.23723392188549042,0.0006086082430556417,0.002885586116462946,9.896975825540721e-05,0.0006130519323050976,0.0010921333450824022,0.00011877371434820816,5.010653330828063e-05,0.0006218763301149011,0.0004076617187820375,0.03694986179471016,0.023236393928527832,0.0029856511391699314,0.0005311758723109961,0.001234734896570444,0.0016310617793351412,0.009166321717202663,0.0016582566313445568,0.2266453057527542,0.0019094215240329504,0.003110561752691865,0.000517768959980458,0.014719946309924126,0.08422764390707016,0.00018094648839905858,8.154032548191026e-05,0.032649800181388855,0.0025773693341761827,0.0009035784751176834,0.0010198665549978614,2.027246773650404e-05,5.61301874313358e-07,2.0,693.0
2.622829242682201e-06,0.18649592995643616,0.7556260824203491,7.527777779614553e-05,0.02262454479932785,0.0003341725096106529,0.0001270654465770349,7.834583470867074e-08,8.525147876525807e-08,0.6477006673812866,0.8101848363876343,0.6689873933792114,0.7458797693252563,0.2512703835964203,0.08046843111515045,0.022139186039566994,0.11722574383020401,0.0113486647605896,0.0017734752036631107,0.8410890102386475,0.4305591881275177,0.0015428903279826045,3.810128691839054e-05,0.00016736765974201262,0.0021975624840706587,0.0016517199110239744,1.794098352547735e-05,0.00024333375040441751,0.00500897504389286,0.14135470986366272,0.0027074816171079874,0.001157738734036684,0.0013085921527817845,1.9131819499307312e-05,0.0006766307633370161,0.0003978641761932522,0.07874463498592377,0.11774266511201859,0.0021217602770775557,0.08815781027078629,0.011045422405004501,0.007041908800601959,0.06083018332719803,0.05577968806028366,0.2863706350326538,0.3848313093185425,0.0997689962387085,0.007082195952534676,0.016093093901872635,0.054808277636766434,1.2088565881640534e-06,4.3339406374798273e-07,2.0,694.0
1.5515522591158515e-06,0.0188615620136261,0.017362210899591446,0.021976828575134277,0.07671784609556198,0.14143984019756317,0.00048102482105605304,6.053438710296177e-07,2.889690904339659e-06,0.04190458357334137,0.06396030634641647,0.652074933052063,0.5885664224624634,0.0989169180393219,0.07665812224149704,0.049077339470386505,0.06389498710632324,0.011492294259369373,0.004738775081932545,0.1107906848192215,0.02530791237950325,0.035126399248838425,0.02345302328467369,0.0017431180458515882,0.0003555064322426915,0.004491773433983326,0.0004016590246465057,6.486707570729777e-05,0.04377400130033493,0.013374281115829945,0.0015635935124009848,0.0016649081371724606,0.001869676634669304,0.001363253453746438,0.15659742057323456,0.27430492639541626,0.3737576901912689,0.21469393372535706,0.0006459038122557104,0.00022532200091518462,0.022227885201573372,0.016484325751662254,0.007173189427703619,0.043251536786556244,0.39722779393196106,0.2927912771701813,0.01148087065666914,0.01220184937119484,0.12443868070840836,0.09238629788160324,1.009095194604015e-05,5.507417881744914e-06,0.0,695.0
1.6336180124199018e-05,0.088100366294384,0.07618898153305054,0.022057579830288887,0.04550480470061302,0.03121253475546837,2.38603515754221e-05,4.624860707735934e-07,1.2101980928491685e-06,0.056776516139507294,0.041361067444086075,0.3027498722076416,0.2598249018192291,0.01230818685144186,0.3237510621547699,0.31999802589416504,0.010192685760557652,0.03232994303107262,0.035581063479185104,0.15523536503314972,0.221548929810524,0.016361309215426445,0.024310767650604248,8.485452781314962e-06,0.00019781170703936368,0.0026006216648966074,2.8307598768151365e-05,0.00023530135513283312,0.012282191775739193,0.003975400701165199,0.018915681168437004,0.030392546206712723,2.526735988794826e-05,0.0031781026627868414,2.301517997693736e-05,1.1966902093263343e-05,0.22268030047416687,0.1502600461244583,9.428515477338806e-05,0.00017701856268104166,0.055457063019275665,0.027276400476694107,0.9146281480789185,0.3386029601097107,0.5582307577133179,0.5084184408187866,0.05366741865873337,0.14020606875419617,0.03052784502506256,0.04027339816093445,3.9538429064123193e-07,2.571427103248425e-06,1.0,696.0
1.1944675861741416e-06,0.0102763120085001,0.022532068192958832,0.1495860517024994,0.17085663974285126,0.2669508457183838,5.440518634713953e-06,3.1267709346138872e-06,3.9433857068615907e-07,0.05524609610438347,0.017449848353862762,0.017644304782152176,0.012584586627781391,0.33152371644973755,0.01596461795270443,0.036007367074489594,0.40690773725509644,0.3200342059135437,0.380561500787735,0.0704016163945198,0.40162035822868347,0.011402703821659088,0.05420598387718201,9.316991781815886e-05,6.889890755701344e-07,0.0003600986674427986,0.07618000358343124,7.0587698246527e-06,0.0024004860315471888,0.00021425083104986697,0.07844610512256622,0.14204730093479156,0.0006945559871383011,0.00043166911927983165,0.0008922231500037014,0.003839953104034066,0.05271725729107857,0.002503812313079834,0.18592047691345215,0.0008412418537773192,0.017148122191429138,0.002813071943819523,0.031130798161029816,0.013030714355409145,8.297164458781481e-05,1.8160879335482605e-05,0.002927584107965231,0.03332563862204552,3.6220841138856485e-05,1.196328412333969e-05,3.4555669117253274e-05,1.633050715099671e-06,2.0,697.0
2.0241450329194777e-06,0.0020456770434975624,0.00032911443850025535,0.4067836105823517,0.40137580037117004,0.584479808807373,0.0010235421359539032,4.917146270599915e-06,1.1801300388469826e-05,0.061676207929849625,0.03811204060912132,0.06455425918102264,0.08049574494361877,0.2412119358778,0.0917685255408287,0.01912880875170231,0.08348879963159561,0.14371228218078613,0.1511976569890976,0.18073908984661102,0.04797911271452904,0.019006364047527313,0.032302286475896835,0.004230072721838951,0.616658091545105,0.6615606546401978,5.229418820817955e-05,0.00031850990490056574,0.07205833494663239,0.024081137031316757,0.17119276523590088,0.2572799623012543,0.08871021121740341,0.03704608604311943,0.39874958992004395,0.4002464711666107,0.0018115901621058583,0.008818665519356728,0.04232913255691528,1.2530765616247663e-06,0.0027544281911104918,0.0008370463619939983,0.0009357646922580898,0.05678407847881317,0.09728389233350754,0.17832393944263458,0.07112371921539307,0.6652732491493225,0.02311534993350506,0.023684874176979065,2.7336451239534654e-05,1.2655913451453671e-05,1.0,698.0
7.514853450629744e-07,0.0017812863225117326,0.0012119482271373272,0.4496185779571533,0.3203374743461609,0.439750611782074,0.0008933077333495021,2.5965427994378842e-06,7.978475878189784e-06,0.4556308686733246,0.28703030943870544,0.1560814380645752,0.16596494615077972,0.04610135033726692,0.17014776170253754,0.17244306206703186,0.03845704719424248,0.12088750302791595,0.11907724291086197,0.63892662525177,0.5532754063606262,0.005344457924365997,0.001881116651929915,0.02036290429532528,0.004254702012985945,0.015603045001626015,0.000599580118432641,0.00011951044871238992,0.009336454793810844,0.008259613066911697,0.03050810843706131,0.025404782965779305,0.014540580101311207,0.0008278963505290449,0.9284247756004333,0.9160802364349365,0.017278363928198814,0.03545372560620308,0.0027518519200384617,3.946795186493546e-05,0.005232427269220352,0.00516163045540452,0.0012386138550937176,0.012646126560866833,0.10225015878677368,0.15859924256801605,0.7873996496200562,0.700211226940155,0.24031421542167664,0.2870512306690216,1.5242935660353396e-05,1.6800292996776989e-06,0.0,699.0
2.151210765077849e-06,0.10550440847873688,0.05561816319823265,0.003626394784078002,0.019457543268799782,0.09270037710666656,0.00022251307382248342,1.1597344382607844e-06,1.901666450976336e-06,0.08507365733385086,0.050560738891363144,0.057730212807655334,0.0503704734146595,0.008191829547286034,0.24855178594589233,0.24012772738933563,0.022886978462338448,0.17511452734470367,0.18658854067325592,0.3849047124385834,0.2953990697860718,0.00630387756973505,0.013762329705059528,0.0023903523106127977,0.001047700410708785,0.001175167504698038,2.0237601347616874e-05,3.241286685806699e-05,0.00830254890024662,0.0015521117020398378,0.01633639447391033,0.020165830850601196,0.0028103403747081757,0.007544263266026974,0.038514770567417145,0.07252463698387146,0.019686108455061913,0.01519339345395565,0.002972547197714448,7.380605438811472e-06,0.00241009215824306,0.0036327613051980734,0.006509867031127214,0.040373921394348145,0.5375288724899292,0.3533926010131836,0.15133973956108093,0.2089616358280182,0.25178062915802,0.21047134697437286,4.511096449277829e-06,3.684252078528516e-06,0.0,700.0
1.5388335441457457e-06,0.047338660806417465,0.04336099699139595,0.012192255817353725,0.06035498529672623,0.11377181112766266,0.00041332116234116256,1.131876842919155e-06,2.326188223378267e-06,0.10835322737693787,0.08877277374267578,0.2813987135887146,0.3054478168487549,0.0011697307927533984,0.7721361517906189,0.7797946333885193,0.003784082131460309,0.037938572466373444,0.02983699180185795,0.37587153911590576,0.27503618597984314,0.010090011171996593,0.010787331499159336,0.0011798632331192493,0.00016831074026413262,0.007228564005345106,0.0006326160510070622,0.00014023584662936628,0.012738373130559921,0.0023996043018996716,0.0009456497500650585,0.000822002359200269,0.0034980971831828356,0.018893133848905563,0.05113031342625618,0.07077644020318985,0.03481930121779442,0.016720648854970932,0.005219029262661934,9.973226951842662e-06,0.005208184942603111,0.007254280615597963,0.004010381177067757,0.026090556755661964,0.8826428055763245,0.7379526495933533,0.08789895474910736,0.02251661755144596,0.573135256767273,0.40108612179756165,3.052059355468373e-06,2.5271153845096705e-06,0.0,701.0
7.530169909841788e-07,0.007783636450767517,0.00661141611635685,0.04574352130293846,0.3484918773174286,0.25541195273399353,6.040850712452084e-05,2.071368498945958e-07,6.429549443964788e-07,0.004505046643316746,0.003675783984363079,0.03370171785354614,0.04322325810790062,0.20765888690948486,0.02091757394373417,0.012405731715261936,0.21993117034435272,0.25284865498542786,0.20148217678070068,0.10874941945075989,0.01949418894946575,0.15787938237190247,0.07431018352508545,0.00013890037371311337,0.015159433707594872,0.39017200469970703,0.0026497701182961464,0.015690140426158905,0.0037859755102545023,0.009389643557369709,0.00011901915422640741,0.0001668668119236827,0.01733078807592392,0.0011675100540742278,0.036319486796855927,0.06846094131469727,0.0008444245904684067,0.0061671859584748745,0.7217936515808105,0.0007219026447273791,0.04076237231492996,0.040485795587301254,0.0038702969904989004,0.0023428204003721476,1.1476614645289374e-06,2.12955546885496e-06,6.405486146832118e-06,0.00029979433747939765,1.9795803382294253e-05,1.985895687539596e-05,1.2919339269501506e-06,5.207264734963246e-07,1.0,702.0
5.164139565749792e-06,0.0012439147103577852,0.006275210529565811,0.391259104013443,0.6071118116378784,0.26093819737434387,3.291147368145175e-05,2.1722665621837223e-07,3.879536336626188e-07,0.017830373719334602,0.028041018173098564,0.00316827604547143,0.003940775990486145,0.0012365016154944897,0.6864241361618042,0.695601224899292,0.0028135308530181646,0.6542311906814575,0.6621124148368835,0.27967777848243713,0.04189429432153702,0.06470227986574173,0.006350591778755188,2.5488852770649828e-05,0.0023439358919858932,0.24583934247493744,0.0004815503489226103,0.18696346879005432,0.0033646835945546627,0.00679932814091444,6.217256304807961e-05,0.0001573006302351132,0.0008552463841624558,0.0023226728662848473,0.0008973085787147284,0.00046491294051520526,0.010267915204167366,0.10740867257118225,0.2584519684314728,0.002630459377542138,0.14139993488788605,0.07886441797018051,0.054561518132686615,0.0022210765164345503,5.915996553085279e-06,1.1471996003820095e-05,8.021872417884879e-06,0.0017971332417801023,2.048331225523725e-06,2.82432097264973e-06,8.749847779654374e-07,3.3898220408445923e-07,1.0,703.0
5.243608143246092e-07,0.027630437165498734,3.193329393980093e-05,0.4216926693916321,0.04052154719829559,0.8809764981269836,0.00048054615035653114,6.738346655765781e-06,1.6797297348603024e-06,0.5663350224494934,0.1226293221116066,0.2802383601665497,0.20057059824466705,0.36812254786491394,0.01855490729212761,0.010971937328577042,0.3614000976085663,0.030053284019231796,0.06112924963235855,0.23914486169815063,0.2559851109981537,0.0005795989418402314,0.011071242392063141,0.0009537598816677928,0.018479924649000168,0.6109346747398376,0.004678736906498671,0.001671193283982575,0.028320983052253723,0.0066679613664746284,0.03030712716281414,0.029776088893413544,0.009559805504977703,0.017736123874783516,0.28063586354255676,0.2087358981370926,0.013710862025618553,0.014663971960544586,0.01336846873164177,2.027730943154893e-06,0.004196821711957455,0.0011383306700736284,0.00078610546188429,0.0051419599913060665,0.058072999119758606,0.024326274171471596,0.8771364688873291,0.20853905379772186,0.0011519747786223888,0.00045564500032924116,5.92869901083759e-06,1.2201866184113896e-06,1.0,704.0
2.1772379454887414e-07,0.018503757193684578,0.014162843115627766,0.06324069947004318,0.06632322072982788,0.2569928765296936,0.0003179650229867548,1.404499585078156e-06,1.6808241980470484e-06,0.5644432902336121,0.46463966369628906,0.5375332832336426,0.5259241461753845,0.04950951412320137,0.20112447440624237,0.17742320895195007,0.03262860327959061,0.014270882122218609,0.01662871055305004,0.34571021795272827,0.3664677143096924,0.0007391435792669654,0.0018368774326518178,0.001940061803907156,0.0021119595039635897,0.031982164829969406,0.0006406070315279067,8.21414141682908e-05,0.010146538726985455,0.0007529333815909922,7.600080425618216e-05,9.364743891637772e-05,0.06581331044435501,0.06760282814502716,0.43470025062561035,0.6216120719909668,0.007720016874372959,0.0028255765791982412,0.04519733041524887,3.048559847229626e-06,0.00026515015633776784,0.0009790017502382398,0.00011224212357774377,0.024168891832232475,0.8823899626731873,0.6563340425491333,0.08079725503921509,0.047721728682518005,0.3600001335144043,0.13327673077583313,1.2479503311624285e-05,2.192698275393923e-06,0.0,705.0
7.532669883403287e-07,0.017517203465104103,0.026306169107556343,0.06597890704870224,0.13430072367191315,0.030896421521902084,3.548565291566774e-05,4.614560111804167e-07,4.042235843826347e-07,0.019339952617883682,0.011908259242773056,0.3009319007396698,0.28853359818458557,0.583298921585083,0.0023761107586324215,0.003280626144260168,0.5466349124908447,0.029662365093827248,0.02442653849720955,0.15931247174739838,0.035332754254341125,0.05733022093772888,0.0412101186811924,0.00021054790704511106,0.0008180485456250608,0.004631876014173031,0.0001361384493065998,4.930749491904862e-05,0.005378600675612688,0.01180322840809822,0.0016081500798463821,0.0016403577756136656,0.001498816884122789,6.594332808163017e-05,0.011830941773951054,0.013347834348678589,0.04487212747335434,0.08928828686475754,0.0016939223278313875,0.014626593329012394,0.00960975605994463,0.015090228989720345,0.012218089774250984,0.0724463015794754,0.0009127228986471891,0.0010609161108732224,0.0013655591756105423,0.001736184349283576,0.006805970799177885,0.013266438618302345,5.7959259720519185e-06,2.2110739337222185e-06,1.0,706.0
3.4594909266161267e-06,0.020226813852787018,0.007782417815178633,0.03528548777103424,0.13944968581199646,0.18567930161952972,0.0009017353877425194,3.9175361052912194e-06,1.2901806485388079e-06,0.16514164209365845,0.1638432890176773,0.288676381111145,0.2907661199569702,0.006611802149564028,0.4077242612838745,0.4035854637622833,0.007346407510340214,0.03834989294409752,0.031039347872138023,0.35285431146621704,0.35926559567451477,0.00697367126122117,0.007528616581112146,0.0019799626898020506,0.0006491143140010536,0.06284952163696289,0.0006528813391923904,0.0016730359056964517,0.00430787168443203,0.01887700892984867,0.0003412527439650148,0.00022244754654821008,0.014261218719184399,0.0012188496766611934,0.1432822346687317,0.20809121429920197,0.0664888247847557,0.12800203263759613,0.002695579081773758,0.00043046020437031984,0.0045110429637134075,0.039336200803518295,0.0021046213805675507,0.02278091385960579,0.9174337983131409,0.9304052591323853,0.0735253319144249,0.02660800702869892,0.5259659290313721,0.6449235677719116,2.305052476003766e-06,6.227844551176531e-06,0.0,707.0
1.6638105080346577e-06,0.1536233276128769,0.1853843331336975,0.0006465804181061685,0.022352254018187523,0.04143461585044861,0.0005985152674838901,1.4955908227420878e-06,1.6242131550825434e-06,0.16862362623214722,0.0861334502696991,0.06521546840667725,0.06010487303137779,0.034360356628894806,0.08708301186561584,0.15827742218971252,0.10018209367990494,0.18990984559059143,0.19029349088668823,0.4704107344150543,0.4944993555545807,0.004838394932448864,0.010393835604190826,0.0013358525466173887,0.0006223435630090535,0.04524023085832596,0.001180875115096569,0.0006997785530984402,0.0031870431266725063,0.0026302640326321125,0.0017327193636447191,0.001278910436667502,0.002715158509090543,0.0026131300255656242,0.12460103631019592,0.1546880453824997,0.02199447900056839,0.01970582827925682,0.001095394603908062,2.8814136385335587e-05,0.007540461607277393,0.035563208162784576,0.0008830820443108678,0.009389164857566357,0.8361164927482605,0.7690582275390625,0.16349034011363983,0.04310307279229164,0.0550529807806015,0.0585053414106369,9.408142318534374e-07,4.276854269846808e-06,0.0,708.0
4.3531193227863696e-07,0.0013398712035268545,0.001344894408248365,0.2731763422489166,0.4260254204273224,0.6420003175735474,1.7732882042764686e-05,7.665708494641876e-07,9.362664172840596e-07,0.05915916711091995,0.03841939568519592,0.14779774844646454,0.1154736876487732,0.006127513013780117,0.5212748050689697,0.5592377185821533,0.005782837048172951,0.06450184434652328,0.09398429840803146,0.14044255018234253,0.231377512216568,0.012533997185528278,0.030917758122086525,0.00016991629672702402,3.583757279557176e-05,0.0018156059086322784,0.007171644363552332,0.0001315648842137307,0.02493918500840664,0.0006883685709908605,0.00045134546235203743,0.0008376297191716731,0.0012911404483020306,2.9733434985246276e-06,0.0036024695727974176,0.030138196423649788,0.05692964792251587,0.0009753750637173653,0.4218960106372833,0.3925723135471344,0.024086844176054,0.004382642451673746,0.007925743237137794,0.004939989186823368,1.9142858945997432e-05,2.898970933529199e-06,9.175865852739662e-05,0.001061527873389423,3.6763896787306294e-05,5.784517270512879e-06,2.8156317057437263e-05,8.845004799695744e-07,1.0,709.0
2.8027565690535994e-07,0.00028627977008000016,0.0003954353160224855,0.36763283610343933,0.6639090180397034,0.7836642265319824,0.00047817648737691343,7.967403803377238e-07,1.2962892697032657e-06,0.05569136515259743,0.03614256531000137,0.03482869639992714,0.032572269439697266,0.002922182669863105,0.6630632281303406,0.6687729358673096,0.004274641163647175,0.24878065288066864,0.21020834147930145,0.3061402440071106,0.1959213763475418,0.013996364548802376,0.015044670552015305,0.001370726153254509,0.00024622344062663615,0.014496616087853909,0.0014082983834668994,0.00011696496221702546,0.007169608026742935,0.006565828807651997,0.001816747710108757,0.0009454816463403404,0.0018508108332753181,0.007250559516251087,0.2121342271566391,0.2628892958164215,0.012169918976724148,0.00807568896561861,0.002141257282346487,1.1259952771069948e-05,0.005412154830992222,0.007164416369050741,0.0007563561084680259,0.013329003006219864,0.5043731927871704,0.31823721528053284,0.5424935817718506,0.026120731607079506,0.04502106457948685,0.02820238471031189,4.181564690952655e-06,6.898312676639762e-07,0.0,710.0
3.6819758975070727e-07,0.0006106336950324476,0.0024167324882000685,0.08626740425825119,0.6582179665565491,0.5726335048675537,0.000261978420894593,7.223712259474269e-07,1.4118360240900074e-06,0.03333204984664917,0.010250716470181942,0.11729621142148972,0.12226220965385437,0.008326753042638302,0.3922930657863617,0.4003317058086395,0.006466537248343229,0.09617859870195389,0.09237224608659744,0.2013094574213028,0.09858398139476776,0.029619524255394936,0.08377788215875626,0.00036340660881251097,0.0019121423829346895,0.7504509091377258,0.061393190175294876,0.0009947483194991946,0.039481230080127716,0.03300310671329498,0.00048757309559732676,0.0006577465101145208,0.021624848246574402,0.0007594563066959381,0.32678622007369995,0.34628403186798096,0.004053706303238869,0.004284459166228771,0.07089408487081528,0.0004249212215654552,0.002027954673394561,0.006970383692532778,0.0011770159471780062,0.010215836577117443,0.00020509485329966992,0.00017703205230645835,0.00020988266624044627,0.0011334463488310575,0.0018495278200134635,0.0012817865936085582,9.396087989443913e-06,2.2039669147488894e-06,1.0,711.0
1.6168357319656934e-07,0.0006110714748501778,0.000629408226814121,0.5618040561676025,0.3888772130012512,0.22634854912757874,0.00015225267270579934,2.5509468741802266e-06,2.167969114452717e-06,0.02580304443836212,0.015279370360076427,0.8020111322402954,0.7686352133750916,0.1412842869758606,0.1389867216348648,0.03540993109345436,0.03813290596008301,0.0034463624469935894,0.003729676827788353,0.04013730213046074,0.039577435702085495,0.05023027956485748,0.10044816881418228,0.0008995517855510116,0.1714998483657837,0.4527728855609894,0.0009906928753480315,0.00015000694838818163,0.005453899502754211,0.09731324762105942,0.0006134076393209398,0.000308872084133327,0.1272234171628952,0.0005359156057238579,0.7041375041007996,0.6789122819900513,0.0019427346996963024,0.005822192877531052,0.19806897640228271,0.005010864697396755,0.0074967569671571255,0.02356388233602047,0.0021817318629473448,0.11078156530857086,0.00020099918765481561,0.00020490371389314532,0.0012279500951990485,0.00014310420374386013,0.020065108314156532,0.04762313514947891,1.9424645870458335e-05,2.3885008886281867e-06,1.0,712.0
5.329989107849542e-07,0.0008260855684056878,0.0007520929211750627,0.5309412479400635,0.46217602491378784,0.4591771066188812,3.501166429487057e-05,8.535541269338864e-07,2.9108052785886684e-06,0.13868364691734314,0.018624143674969673,0.28916680812835693,0.24349641799926758,0.31277725100517273,0.021063214167952538,0.012843303382396698,0.318879634141922,0.02698589488863945,0.042346831411123276,0.14235252141952515,0.17870758473873138,0.005236322991549969,0.051392536610364914,0.0005128128686919808,0.00012100705498596653,0.0011687022633850574,0.0003075902641285211,2.1033125449321233e-05,0.03386995941400528,0.002791963517665863,0.00392907066270709,0.0037627227138727903,0.00036384238046593964,0.006003701128065586,0.005949833430349827,0.008123091422021389,0.24328960478305817,0.05912423133850098,0.0011346049141138792,3.601892603910528e-05,0.007140445988625288,0.0024432765785604715,0.004764067940413952,0.014250791631639004,0.15875789523124695,0.07680030167102814,0.3109452724456787,0.0972796306014061,0.002285465132445097,0.0016500280471518636,6.1938462749822065e-06,9.930082569553633e-07,0.0,713.0
1.817242946344777e-06,0.008015564642846584,0.0002274053986184299,0.17640523612499237,0.15142235159873962,0.9433740377426147,0.0024674173910170794,7.38917651688098e-06,1.0376655836807913e-06,0.36313596367836,0.07057057321071625,0.6964524984359741,0.009739920496940613,0.0027811138425022364,0.27781862020492554,0.7282166481018066,0.03930537402629852,0.016841713339090347,0.6359739303588867,0.1729762852191925,0.6584328413009644,0.0015795945655554533,0.024188784882426262,0.0027087039779871702,0.0014474125346168876,0.4890916347503662,0.027872402220964432,0.0007235131924971938,0.04116012528538704,0.01595686934888363,0.006382182240486145,0.005654463544487953,0.009469731710851192,0.007471003569662571,0.8489341735839844,0.7571282982826233,0.010547100566327572,0.0065801702439785,0.0014766334788873792,2.4480168576701544e-06,0.0006197938346303999,0.014341963455080986,0.00027912892983295023,0.0045181578025221825,0.5486100912094116,0.2552664577960968,0.3865254521369934,0.03695959597826004,0.1745535433292389,0.08587901294231415,4.488840659178095e-06,7.30371766621829e-06,1.0,714.0
5.4032259555469864e-08,0.01938420720398426,0.02618800476193428,0.05357189103960991,0.20021602511405945,0.02539120987057686,0.0001652656210353598,3.2629266399908374e-08,4.9002888857785365e-08,0.23928464949131012,0.44244223833084106,0.13858725130558014,0.18719477951526642,0.17048750817775726,0.08730940520763397,0.05809909850358963,0.15121139585971832,0.09047258645296097,0.06359990686178207,0.5763998031616211,0.4887426495552063,0.006943975109606981,0.000305264227790758,0.0005533650401048362,0.06351470947265625,0.018227947875857353,1.7515279978397302e-05,0.00023568775213789195,0.001102973474189639,0.005362503230571747,0.003822549246251583,0.0009747169679030776,0.00962942186743021,0.0009170412668026984,0.5772237777709961,0.3529480993747711,0.004770905245095491,0.01113398838788271,0.1384941041469574,5.343188240658492e-05,0.04096540808677673,0.13965953886508942,0.0007849609828554094,0.0007714846869930625,5.966440767224412e-06,2.810017349474947e-06,0.12038758397102356,0.0002214100386481732,0.0005659842863678932,0.0010287229670211673,1.2100538242520997e-06,7.618157127353697e-08,2.0,715.0
5.066237349637959e-07,0.06178046390414238,0.057779621332883835,0.10616204142570496,0.014280900359153748,0.018910277634859085,1.1304183317406569e-05,8.925609051857464e-08,2.4832704070831824e-07,0.09274892508983612,0.04587236046791077,0.09839723259210587,0.09073884785175323,0.07172926515340805,0.06429782509803772,0.05914916470646858,0.06293277442455292,0.09129064530134201,0.10805710405111313,0.2758479118347168,0.25027328729629517,0.007726635318249464,0.008136198855936527,0.00013824932102579623,0.0011945677688345313,0.004819407593458891,3.7774236261611804e-05,0.0006912505486980081,0.017166931182146072,0.0004356581484898925,5.5808872275520116e-05,0.00011762990470742807,0.003273308975622058,0.002031618496403098,0.000944805855397135,0.0018046103650704026,0.030489051714539528,0.005524145904928446,0.04372645542025566,0.0004872285935562104,0.0024448493495583534,0.003112206468358636,0.001346625853329897,0.0043224855326116085,0.0006570995901711285,0.00038249752833507955,0.0005387745331972837,0.0027835392393171787,0.00016855100693646818,8.44631067593582e-05,2.1665762233169517e-06,4.484740827592759e-07,1.0,716.0
1.5621069451299263e-06,0.09759984165430069,0.008714518509805202,0.0977289006114006,0.03374714404344559,0.0981278121471405,5.2295781642897055e-05,9.688181989986333e-07,7.522697842432535e-07,0.023791583254933357,0.016018319875001907,0.3427887260913849,0.3480997085571289,0.19817481935024261,0.013655414804816246,0.017060304060578346,0.18359510600566864,0.017773237079381943,0.017216341570019722,0.07632598280906677,0.03191901370882988,0.02564089186489582,0.03547697141766548,8.60000800457783e-05,0.014750766567885876,0.06872042268514633,8.500050171278417e-05,0.0007192252087406814,0.0010761900339275599,0.00028030367684550583,0.026901228353381157,0.027525808662176132,0.004219983704388142,0.00042075663805007935,0.015482918359339237,0.02638326957821846,0.018178820610046387,0.004321430344134569,0.05451476573944092,0.0011816943297162652,0.04784820228815079,0.04689081758260727,0.012959816493093967,0.11030777543783188,1.8554312191554345e-05,6.94781010679435e-06,0.0035471534356474876,0.0010915413731709123,0.001354037318378687,0.001328001031652093,6.281132300500758e-06,4.08269352192292e-06,1.0,717.0
2.3039308416628046e-07,0.017526255920529366,0.036888688802719116,0.02527671679854393,0.12433203309774399,0.03336580842733383,4.163351604802301e-06,1.078053699643533e-07,1.875096344861049e-08,0.25106701254844666,0.4198228418827057,0.13136759400367737,0.15362298488616943,0.1481403261423111,0.022543583065271378,0.041398871690034866,0.20070664584636688,0.08985739201307297,0.0634649246931076,0.47602683305740356,0.44603055715560913,0.002986529842019081,0.0004934440949000418,1.750197225192096e-05,0.0018911851802840829,0.011058520525693893,0.00011333202564856037,0.003582341130822897,9.421092545380816e-05,0.00979272648692131,0.0003486019268166274,0.00029026097035966814,0.0020729759708046913,0.00018748950969893485,0.0007364124176092446,0.0001811225520214066,0.0006999152828939259,0.046324774622917175,0.3276573717594147,0.012299709022045135,0.01819848082959652,0.01275697723031044,0.024174021556973457,0.005759411491453648,3.6626684050133917e-06,1.3767568816547282e-05,7.046441169222817e-05,0.0006758818053640425,6.462211331381695e-06,3.414185994188301e-05,3.8161965676408727e-07,1.3539435883558326e-07,1.0,718.0
6.657836024714925e-07,0.3712261915206909,0.3999231457710266,7.097065827110782e-05,0.009757302701473236,0.005738961044698954,0.0003340330149512738,1.284581685467856e-07,1.7290471987507772e-07,0.4837220311164856,0.7569900155067444,0.3170814514160156,0.5780192613601685,0.012592618353664875,0.15708306431770325,0.21054863929748535,0.03838835284113884,0.06259292364120483,0.0078465910628438,0.7696483135223389,0.4656639099121094,0.0022472995333373547,6.462128658313304e-05,0.0018294879700988531,0.0006171974237076938,0.14249643683433533,0.004305732436478138,0.0005759281339123845,0.01797468215227127,0.010886418633162975,6.322715489659458e-05,0.00015434440865647048,0.062487609684467316,6.433463568100706e-05,0.3320978283882141,0.5674810409545898,0.001977729145437479,0.00621771439909935,0.05498718470335007,0.004217928741127253,0.0016802208265289664,0.002871744567528367,0.00021958834258839488,0.01996602863073349,0.0021790233440697193,0.005288390908390284,0.00011563837324501947,0.018483884632587433,0.0421418622136116,0.06462952494621277,4.263761184120085e-06,1.2270318165974459e-06,1.0,719.0
2.161414613510715e-06,0.2487843930721283,0.2580779492855072,0.00024921592557802796,0.022064436227083206,0.018574224784970284,0.0006581512279808521,1.2747786968247965e-06,1.4558484053850407e-06,0.04853128641843796,0.03950999304652214,0.026909569278359413,0.022708997130393982,0.0014366324758157134,0.5696913003921509,0.5120789408683777,0.006615122780203819,0.29526394605636597,0.279551237821579,0.4807646572589874,0.20149783790111542,0.018104279413819313,0.014110161922872066,0.0014530111802741885,0.24464935064315796,0.153100848197937,1.6665304428897798e-05,0.0005310579435899854,0.0008561959257349372,0.004851485602557659,0.08918800204992294,0.05699428543448448,0.005194962024688721,0.15755371749401093,0.2647337019443512,0.10558341443538666,0.0024259756319224834,0.017857657745480537,0.00607359828427434,4.425383508532832e-07,0.007950899191200733,0.004227407742291689,0.0017663385951891541,0.2336253821849823,0.004364936612546444,0.0036644048523157835,0.18696841597557068,0.023032940924167633,0.029883500188589096,0.03981317579746246,5.643384611175861e-06,7.690885468036868e-06,1.0,720.0
7.444720040439279e-07,0.05992114171385765,0.1102851927280426,0.0012946258066222072,0.13363125920295715,0.009515619836747646,0.00031346880132332444,1.9597244715896522e-07,1.496772199516272e-07,0.045400574803352356,0.27485042810440063,0.003378321649506688,0.008282213471829891,0.025997214019298553,0.18740227818489075,0.20198921859264374,0.04393993318080902,0.6990599632263184,0.697519063949585,0.6323919296264648,0.4807544946670532,0.030513688921928406,0.0007343150209635496,0.0038501862436532974,0.005062841810286045,0.008321773260831833,3.4081840567523614e-05,0.00014053880295250565,0.00044289027573540807,0.007585424464195967,0.0720428079366684,0.05313460901379585,0.0010031525744125247,8.195494046958629e-06,0.3486551344394684,0.2703581750392914,0.009258551523089409,0.047479089349508286,0.0022299792617559433,0.003647489007562399,0.005412872415035963,0.013598520308732986,0.000890672963578254,0.004024731460958719,0.002403753809630871,0.00402391143143177,0.13210514187812805,0.5209895372390747,0.000852032215334475,0.003202547086402774,8.551057362637948e-06,1.0125520475412486e-06,1.0,721.0
8.417499884671997e-06,0.0861707404255867,0.04989344999194145,0.0025074458681046963,0.05337145924568176,0.05986625701189041,0.0008596615516580641,6.962370093788195e-07,5.731268970521342e-07,0.020098140463232994,0.020709054544568062,0.0751098170876503,0.08154460787773132,0.1865694224834442,0.022803980857133865,0.021041264757514,0.18177448213100433,0.12793982028961182,0.11772112548351288,0.2785657048225403,0.12794411182403564,0.04458558186888695,0.023724710568785667,0.0007204923313111067,0.001815634430386126,0.02071603201329708,6.632412259932607e-05,0.001640936592593789,0.015415472909808159,0.03464788571000099,0.0002682865597307682,0.0002454453206155449,0.0048347050324082375,0.0019492601277306676,0.06426692008972168,0.06543523073196411,0.04453158751130104,0.11579407751560211,0.004327415022999048,0.00021207169629633427,0.03577401489019394,0.06055435165762901,0.020003274083137512,0.023755492642521858,0.6027040481567383,0.6827996373176575,0.0005162535817362368,0.0012447123881429434,0.5340597629547119,0.6990422010421753,5.660792794515146e-07,3.5872428725269856e-06,0.0,722.0
2.20152787733241e-06,0.0031945821829140186,0.010266388766467571,0.10510971397161484,0.4758845567703247,0.3013305962085724,3.1358104024548084e-05,2.8344669544821954e-07,1.35263888978443e-07,0.24531088769435883,0.10012593120336533,0.04703621566295624,0.03803982213139534,0.0019086339743807912,0.53780597448349,0.5661063194274902,0.01322678942233324,0.23146536946296692,0.28873419761657715,0.19305461645126343,0.554360032081604,0.0022631878964602947,0.005367247853428125,2.461729309288785e-05,0.05620997026562691,0.02634490840137005,6.425603351090103e-05,0.012280723080039024,0.00833089929074049,0.17858639359474182,2.031072654062882e-05,6.4518289946136065e-06,0.0024188291281461716,0.21236403286457062,9.485111513640732e-05,6.121252954471856e-05,0.006512640509754419,0.017216671258211136,0.3176119327545166,6.851166108390316e-05,0.14896991848945618,0.07664632797241211,0.2649155259132385,0.05510171130299568,3.716167702805251e-05,2.7636078812065534e-05,0.000678777287248522,1.4041931535757612e-05,9.986801160266623e-05,0.0002825745032168925,1.6984543549369846e-07,3.6463326580360444e-08,1.0,723.0
1.4431777799472911e-06,0.012975092977285385,0.00832278747111559,0.03473323956131935,0.16886456310749054,0.09154602885246277,0.0020018904469907284,3.788817366512376e-06,1.4251241964302608e-06,0.25045046210289,0.22177524864673615,0.2886628806591034,0.2954578697681427,0.0914732813835144,0.06558857858181,0.04781314730644226,0.09446292370557785,0.0506419911980629,0.0412321500480175,0.47768527269363403,0.24673832952976227,0.004708209075033665,0.0038081358652561903,0.006933796219527721,0.01675598695874214,0.38324305415153503,0.0012765319552272558,0.0003178701736032963,0.020172012969851494,0.047411978244781494,0.030950356274843216,0.035793568938970566,0.04464792087674141,0.0003786130400840193,0.8354882001876831,0.8964698910713196,0.00692047830671072,0.022110145539045334,0.013998485170304775,8.174445247277617e-05,0.004109242465347052,0.002211791230365634,0.0012994053540751338,0.029999498277902603,0.3043798506259918,0.45440274477005005,0.036359451711177826,0.18779078125953674,0.10852347314357758,0.1892947405576706,9.447709089727141e-06,1.2853740372520406e-05,1.0,724.0
7.132652513064386e-07,0.00010193215712206438,0.01517967227846384,0.013629985973238945,0.9374085664749146,0.11459947377443314,0.0011476452928036451,1.3526894235837972e-06,4.1194272171196644e-07,0.22027815878391266,0.4051930010318756,0.16735196113586426,0.4421575367450714,0.018132003024220467,0.1265004277229309,0.1834709644317627,0.04146794229745865,0.14081913232803345,0.025956295430660248,0.5347109436988831,0.30930188298225403,0.011240347288548946,0.0013274718075990677,0.0016503760125488043,0.0008047366281971335,0.22214891016483307,0.0016124369576573372,0.005328269675374031,0.0019030827097594738,0.023662181571125984,8.653454278828576e-05,5.2076862630201504e-05,0.03967227414250374,0.00013411389954853803,0.16769875586032867,0.15721102058887482,0.007611896842718124,0.027567356824874878,0.016153886914253235,0.01179342158138752,0.001178606296889484,0.008300373330712318,0.0013111283769831061,0.027236055582761765,0.6316119432449341,0.8415036797523499,0.0029927166178822517,0.005361274816095829,0.24562335014343262,0.513677716255188,2.8291276521485997e-06,3.3346186683047563e-06,0.0,725.0
1.2566464420160628e-06,0.0036238955799490213,0.05882781744003296,0.0026534053031355143,0.4886412024497986,0.031053872779011726,6.893054523970932e-05,4.955003305440187e-07,2.2533951948844333e-07,0.05485061928629875,0.20959430932998657,0.06314148008823395,0.13517490029335022,0.0013902182690799236,0.5567786693572998,0.6038336753845215,0.006130844820290804,0.21421536803245544,0.07601314038038254,0.6125741600990295,0.302243709564209,0.03172784298658371,0.0012440735008567572,0.0005910779000259936,0.017952777445316315,0.009798425249755383,1.2370053809718229e-05,0.00016243039863184094,0.0004154873895458877,0.0011836529010906816,0.025234295055270195,0.02614143304526806,0.0263990368694067,0.00010268678306601942,0.03196953609585762,0.023601194843649864,0.00332207721658051,0.017505764961242676,0.03806721046566963,0.0032270331867039204,0.002208202611654997,0.002650757087394595,0.010478339157998562,0.1681641787290573,0.00027514659450389445,0.00045972116640768945,0.0037200101651251316,0.02178056538105011,0.05536610260605812,0.12238002568483353,1.1371696928108577e-05,2.793347675833502e-06,1.0,726.0
2.150193495253916e-06,0.11167019605636597,0.12622028589248657,0.0008607282652519643,0.019812697544693947,0.014399264939129353,4.5569337089546025e-05,2.0927851096530503e-07,8.966325708570366e-07,0.19634303450584412,0.13480287790298462,0.23470595479011536,0.22406025230884552,0.09366544336080551,0.07033232599496841,0.04648633301258087,0.06395035982131958,0.04398774355649948,0.04317774251103401,0.42664119601249695,0.4751710593700409,0.00369239691644907,0.0033800979144871235,0.0005132671794854105,0.0014591028448194265,0.0016333642415702343,8.918525963963475e-06,0.00023192113440018147,0.04578487575054169,0.0020209054928272963,0.0023928426671773195,0.0036948570050299168,0.0005200984887778759,0.030653465539216995,0.0009532060939818621,0.001698061591014266,0.15468330681324005,0.09749746322631836,0.0011163635645061731,4.3901673052459955e-06,0.007301623467355967,0.004465480800718069,0.006595888640731573,0.0055731190368533134,0.26980963349342346,0.16296425461769104,0.04341232031583786,0.20992960035800934,0.00045272393617779016,0.0002584527828730643,1.4643158010585466e-06,1.4855664858259843e-06,1.0,727.0
1.4624707773691625e-06,0.008867752738296986,0.003587807295843959,0.20058418810367584,0.10858035832643509,0.47865334153175354,0.0006383501458913088,1.0015231964644045e-05,3.9702258618490305e-06,0.23523558676242828,0.04326343908905983,0.07986102998256683,0.062183182686567307,0.01148260198533535,0.29666969180107117,0.3326616585254669,0.03458505868911743,0.12923945486545563,0.1440567672252655,0.2831401526927948,0.1197175607085228,0.003423962974920869,0.017322367057204247,0.0014649329241365194,0.0022956859320402145,0.14571955800056458,0.004518846049904823,0.00033800266101025045,0.006725262384861708,0.0005114911473356187,0.03146649897098541,0.04041879251599312,0.03419572860002518,0.0038180870469659567,0.28417524695396423,0.40870633721351624,0.013042769394814968,0.0030122504103928804,0.02135534957051277,9.51469974097563e-06,0.004301051609218121,0.0010440392652526498,0.0018156352452933788,0.09356506913900375,0.49453502893447876,0.20912612974643707,0.5770801305770874,0.2143353968858719,0.15560729801654816,0.07067659497261047,9.580669029674027e-06,5.619405783363618e-06,0.0,728.0
2.4069929622783093e-06,0.0009544324711896479,0.0005971204955130816,0.5618840456008911,0.39431726932525635,0.25840994715690613,0.00025377116980962455,4.263411483407253e-06,6.224640856089536e-07,0.03256791830062866,0.026757823303341866,0.00405209930613637,0.0041146352887153625,0.005279678851366043,0.4474939703941345,0.4377228319644928,0.005938290618360043,0.6798604726791382,0.6939383745193481,0.5085639953613281,0.29164373874664307,0.024679012596607208,0.014746194705367088,0.0028692972846329212,0.002517201704904437,0.022321289405226707,5.4841500968905166e-05,0.0012351508485153317,0.0005203619948588312,0.015888890251517296,0.027265572920441628,0.016587505117058754,0.008606595918536186,3.77079049940221e-05,0.05502137169241905,0.043894242495298386,0.01367911510169506,0.04920126870274544,0.005737948697060347,0.0032283340115100145,0.0029867980629205704,0.003472230862826109,0.0014233150286599994,0.012236028909683228,0.08554960042238235,0.1676340401172638,0.3982907831668854,0.5889748334884644,0.0028157480992376804,0.005857650190591812,3.7761094517918536e-06,1.5995294688764261e-06,0.0,729.0
2.843270976882195e-06,0.19541525840759277,0.10934779047966003,0.004290533252060413,0.025244994089007378,0.021847374737262726,1.980624620046001e-05,1.2393705617341766e-07,2.4083928451545944e-07,0.27403968572616577,0.05507749319076538,0.3285242021083832,0.2938031554222107,0.18718746304512024,0.03381715342402458,0.028025535866618156,0.1987425982952118,0.023986659944057465,0.02657010219991207,0.4822380840778351,0.14322566986083984,0.0037636039778590202,0.008390353061258793,5.802372470498085e-05,0.007446018513292074,0.000396990857552737,7.27887595530774e-07,2.9609966077259742e-05,0.02981436997652054,0.00421827333047986,0.0013074397575110197,0.0021733222529292107,0.00014078438107389957,0.0019045332446694374,4.958787758368999e-05,6.369318725774065e-05,0.17737114429473877,0.0850439965724945,0.0011021207319572568,0.0001908963458845392,0.006959783378988504,0.00662881089374423,0.19778640568256378,0.012861991301178932,0.7892680764198303,0.597463071346283,0.004940458107739687,0.03438097611069679,0.0019130153814330697,0.001093031489290297,8.987060482468223e-07,2.2520059701491846e-06,0.0,730.0
1.469946028009872e-06,0.00849584024399519,0.005916196387261152,0.03920691832900047,0.25711458921432495,0.19257640838623047,2.9561408155132085e-05,7.979600695762201e-07,5.739665311921271e-07,0.11351131647825241,0.05727463588118553,0.16325271129608154,0.15549764037132263,0.007553050760179758,0.45672738552093506,0.4716009795665741,0.0038598752580583096,0.04743867367506027,0.05266415700316429,0.40514859557151794,0.38447991013526917,0.0061017852276563644,0.010609750635921955,0.00022570171859115362,1.7991151253227144e-05,0.00094170484226197,0.0004514042229857296,7.513620948884636e-05,0.007060448173433542,0.003222233150154352,0.0004513046005740762,0.0005460093962028623,0.0013107156846672297,0.0008026929572224617,0.001148937619291246,0.0015899506397545338,0.049300383776426315,0.039080165326595306,0.01708633452653885,0.0008420331287197769,0.00406158622354269,0.0012056068517267704,0.006515333894640207,0.009662004187703133,0.5793555974960327,0.593315601348877,0.0070282816886901855,0.055488716810941696,0.0014976200181990862,0.0016871135449036956,4.39901850768365e-06,1.0450952458995744e-06,0.0,731.0
1.963272779903491e-06,0.035944610834121704,0.0869859978556633,0.0019379256991669536,0.14604096114635468,0.043189454823732376,1.2722542123810854e-05,2.436361796753772e-07,5.763459398622217e-07,0.06758850067853928,0.05558948963880539,0.008220847696065903,0.006298795808106661,0.24244871735572815,0.012146404013037682,0.015391861088573933,0.25405141711235046,0.6101915836334229,0.6083353757858276,0.548625111579895,0.3060509264469147,0.01282629556953907,0.007414006628096104,3.82498255930841e-05,0.04721933975815773,0.009109064005315304,2.5723616090544965e-06,0.002858912106603384,0.01580711267888546,0.012495635077357292,0.00028282651328481734,0.00033697226899676025,0.0006940620369277894,0.0233085285872221,0.0007351114763878286,0.0005617383285425603,0.029747754335403442,0.13243284821510315,0.13956691324710846,0.00012331728066783398,0.16173921525478363,0.01440970879048109,0.15020833909511566,0.011135946027934551,4.970903682988137e-05,4.525087206275202e-05,9.393265645485371e-05,0.0006530655082315207,7.089668542903382e-06,6.268757260841085e-06,6.057637165213237e-07,4.7038335537763487e-07,1.0,732.0
3.076665961998515e-06,0.06895225495100021,0.08237098902463913,0.00208145659416914,0.13988083600997925,0.06901337206363678,0.004120765719562769,1.9750093542825198e-06,9.220956371791544e-07,0.30171722173690796,0.3897872865200043,0.03331543877720833,0.052181970328092575,0.00812123529613018,0.22611525654792786,0.3082626461982727,0.031547870486974716,0.32164639234542847,0.2892652451992035,0.7754695415496826,0.5867321491241455,0.004771774634718895,0.0011261788895353675,0.0027061982546001673,0.008998574689030647,0.5395284295082092,0.0030563489999622107,0.0005319933989085257,0.02852141298353672,0.04084957763552666,0.00038268373464234173,0.0003964988572988659,0.05550901219248772,0.0005396832129918039,0.7572834491729736,0.7992738485336304,0.02018663100898266,0.05012979358434677,0.006319338455796242,0.00034403864992782474,0.0003295439819339663,0.004146857652813196,0.0008442049729637802,0.021220926195383072,0.8999630212783813,0.9343155026435852,0.010741894133388996,0.036580245941877365,0.25211262702941895,0.2996872663497925,8.126972716127057e-06,1.7294130884693004e-05,1.0,733.0
4.858799229623401e-07,0.009366202168166637,0.02188480831682682,0.0376819409430027,0.3221176564693451,0.11336144059896469,3.3730884752003476e-05,9.884590923547876e-08,3.807573278891141e-08,0.6051769256591797,0.8202396631240845,0.7078441381454468,0.7079896926879883,0.11475320160388947,0.033211804926395416,0.042170602828264236,0.12434971332550049,0.010092944838106632,0.0018974683480337262,0.7735853791236877,0.23633244633674622,0.00204784725792706,2.4582081096014008e-05,0.0001483728556195274,0.018380800262093544,0.012984047643840313,1.9139317373628728e-05,0.000625524902716279,0.00029197375988587737,0.0016542813973501325,0.0025083275977522135,0.0023955213837325573,0.003942151553928852,0.002437005052343011,0.006048413459211588,0.004073234740644693,0.004493530374020338,0.047907665371894836,0.03038143925368786,0.0001776318094925955,0.005535198375582695,0.004263381008058786,0.006998150143772364,0.03296586498618126,0.00011491683108033612,0.0002098820696119219,0.000668920751195401,0.004781671799719334,0.0006857327534817159,0.0010382219916209579,4.003012691100594e-06,8.733466074772878e-07,1.0,734.0
8.682417842464929e-07,8.109916234388947e-05,0.00026930164312943816,0.7386910915374756,0.7421806454658508,0.5904309749603271,0.001099000102840364,7.85411521064816e-06,2.5344961613882333e-06,0.049486324191093445,0.04165016487240791,0.37901201844215393,0.33630096912384033,0.06122984737157822,0.11197410523891449,0.08759593963623047,0.03191729262471199,0.03398626670241356,0.03936579078435898,0.11057743430137634,0.13185758888721466,0.040267523378133774,0.04381796345114708,0.00258685857988894,0.0024833467323333025,0.4489768445491791,0.008172670379281044,0.00030541239539161325,0.023480860516428947,0.06751616299152374,0.17319880425930023,0.2697269022464752,0.008824469521641731,8.470984903397039e-05,0.8790575861930847,0.8363611102104187,0.00581062538549304,0.014697727747261524,0.00786631740629673,0.0009832975920289755,0.007882939651608467,0.0037561862263828516,0.001660791109316051,0.023469455540180206,0.012935222126543522,0.017992930486798286,0.008661393076181412,0.046054523438215256,0.02618631348013878,0.06108046695590019,2.8665481295320205e-05,1.3483153452398255e-05,1.0,735.0
3.500991397231701e-06,0.1338619589805603,0.10609568655490875,0.01980995014309883,0.02771216258406639,0.034943100064992905,2.5844447009149007e-05,1.0230668294752832e-06,3.321351300655806e-07,0.3594370484352112,0.37546485662460327,0.26491543650627136,0.3733322322368622,0.007293326314538717,0.12897291779518127,0.31341230869293213,0.05378194898366928,0.03745204955339432,0.01930273324251175,0.5945265293121338,0.33318236470222473,0.002008843468502164,0.001120399683713913,4.1950730519602075e-05,0.0005329023697413504,0.004309999290853739,0.00012179759505670518,0.0004429215332493186,0.00297383195720613,0.0002682193007785827,0.1393212080001831,0.15370528399944305,0.0003889110521413386,0.0006926895002834499,0.00021829093748237938,0.0005716711166314781,0.023968737572431564,0.0020323386415839195,0.10104279965162277,0.0011289201211184263,0.048269353806972504,0.0025140559300780296,0.2860513925552368,0.11801229417324066,0.00010009577090386301,2.633485200931318e-05,0.004744465462863445,0.0018338218796998262,0.0003386043244972825,0.00034734595101326704,4.03804278903408e-06,2.489445705577964e-06,1.0,736.0
3.755602392629953e-06,0.243386372923851,0.397982656955719,0.001256210613064468,0.011255201883614063,0.002999646123498678,0.00019135611364617944,1.5210812875920965e-07,3.341544925206108e-07,0.21363916993141174,0.33442577719688416,0.3315975069999695,0.33156049251556396,0.0044839889742434025,0.4003848433494568,0.3699515461921692,0.008716500364243984,0.02597656659781933,0.02009979635477066,0.35011130571365356,0.3315267562866211,0.0030481726862490177,0.0008305030060000718,0.0001942937378771603,0.0012886187760159373,0.014507710933685303,1.470406732551055e-05,0.0020473345648497343,0.005071363411843777,0.0067472574301064014,0.0024922171141952276,0.0019753463566303253,0.00016153072647284716,0.0011641462333500385,0.000932174501940608,0.0012414739467203617,0.05202922597527504,0.05017076060175896,0.0007379759335890412,0.00015854928642511368,0.027379026636481285,0.01765020750463009,0.013362985104322433,0.016679899767041206,0.5435767769813538,0.49971839785575867,0.03311818093061447,0.034319549798965454,0.007057182025164366,0.018120525404810905,4.1579374965294846e-07,1.5409997331516934e-06,1.0,737.0
1.0752690826620892e-07,0.0010432334383949637,0.0005231951363384724,0.5567429065704346,0.5461275577545166,0.36087337136268616,1.7681515600997955e-05,5.715352813240315e-07,1.2437681107257959e-07,0.10394152253866196,0.034519217908382416,0.4720645844936371,0.4467472732067108,0.5841168165206909,0.002334236167371273,0.008147192187607288,0.6112645864486694,0.015521736815571785,0.012317528016865253,0.10563036799430847,0.04690652713179588,0.0178068820387125,0.019736273214221,0.0019287889590486884,0.00020580731506925076,4.3084823118988425e-05,5.750586751673836e-06,1.292928573093377e-06,0.0008177959825843573,0.0024534889962524176,0.018555879592895508,0.02277478016912937,0.002357857534661889,0.0013651633635163307,0.004438848700374365,0.00430639274418354,0.008622205816209316,0.018814928829669952,0.028608884662389755,0.00011234898556722328,0.00017447095888201147,7.79297188273631e-05,0.0035035768523812294,0.036140963435173035,0.057591140270233154,0.06468284875154495,0.2231234610080719,0.7133583426475525,0.022006060928106308,0.01911179907619953,2.606908674351871e-05,6.922499551365036e-07,0.0,738.0
6.122120339568937e-07,0.0008975351811386645,0.0006636740290559828,0.3127640187740326,0.39687830209732056,0.6321104168891907,0.0003677120548672974,7.0769151534477714e-06,6.573459813807858e-06,0.11699185520410538,0.042908430099487305,0.2605113983154297,0.25375130772590637,0.09096498042345047,0.16283147037029266,0.08021245896816254,0.032236531376838684,0.041571617126464844,0.03874126076698303,0.18839792907238007,0.1268673986196518,0.006302005145698786,0.035129137337207794,0.0025364540051668882,0.0005648700753226876,0.02399059571325779,0.0017269052332267165,0.00029808346880599856,0.002564396010711789,0.000537840009201318,0.021230526268482208,0.02005123719573021,0.015496961772441864,0.001692501362413168,0.28806084394454956,0.4058251976966858,0.01849909871816635,0.008749505504965782,0.009658332914113998,4.5507404138334095e-05,0.003929199185222387,0.006112048402428627,0.0014679786982014775,0.026084233075380325,0.5041840076446533,0.2950857877731323,0.7088937759399414,0.2980087697505951,0.16862675547599792,0.10513143986463547,1.0869627658394165e-05,3.3197118227690225e-06,0.0,739.0
4.961571562489553e-07,0.010287642478942871,0.004916621837764978,0.040720440447330475,0.3893437087535858,0.5191788673400879,8.499860996380448e-06,8.464717211609241e-07,5.404523903962399e-07,0.6135814189910889,0.3623899817466736,0.4725603759288788,0.4293789267539978,0.0070214103907346725,0.360054612159729,0.40251702070236206,0.008797596208751202,0.010593025013804436,0.028598804026842117,0.32906726002693176,0.5621668100357056,0.0004652625066228211,0.0022672226186841726,9.148885146714747e-05,0.00012349110329523683,0.0005745174712501466,0.000754073669668287,5.612466702586971e-05,0.010793596506118774,0.0005138430278748274,0.00224979012273252,0.0015743356198072433,0.0015428168699145317,0.0003048814833164215,0.0005383246461860836,0.0021448805928230286,0.13564111292362213,0.002986109582707286,0.3048099875450134,0.005267581902444363,0.00745646795257926,0.00041257994598709047,0.020841145887970924,0.02906913496553898,0.0006759961252100766,9.064892947208136e-05,0.005124262068420649,0.000549960124772042,2.8479347747634165e-05,9.899495125864632e-06,1.1930756954825483e-05,5.099860231894127e-07,1.0,740.0
3.50020354744629e-06,0.006565900053828955,0.00425919471308589,0.05686446651816368,0.4573363661766052,0.2902892827987671,2.5630373784224503e-05,1.5502639598707901e-06,1.4070307088331901e-06,0.0019039069302380085,0.0016653076745569706,0.030968859791755676,0.03141326829791069,0.5655118227005005,0.004106959793716669,0.0014180379221215844,0.5937296152114868,0.1852213442325592,0.19687946140766144,0.038003381341695786,0.016897745430469513,0.1407962441444397,0.2637241780757904,2.159183713956736e-05,0.0022068906109780073,0.02201983518898487,0.0003378420660737902,0.0005836585769429803,0.00441812863573432,0.004123284947127104,0.00041685771429911256,0.0003498722508084029,0.00797966681420803,0.00048197308205999434,0.0012040603905916214,0.0017047872534021735,0.00822101067751646,0.002653341041877866,0.5287651419639587,0.031221315264701843,0.10375414043664932,0.03068380057811737,0.18776653707027435,0.3574428856372833,5.9617823353619315e-06,2.2687206637783675e-06,0.00017110951012000442,9.547917579766363e-05,0.004525433760136366,0.004704570863395929,4.174444256932475e-06,9.564514584781136e-07,1.0,741.0
8.528999160262174e-07,0.013612713664770126,0.005418875720351934,0.15086959302425385,0.10244332998991013,0.2990555465221405,0.0008630500524304807,5.229588623478776e-06,3.1083702651812928e-06,0.280707985162735,0.07820209860801697,0.422043114900589,0.436769038438797,0.37121233344078064,0.043437033891677856,0.008471290580928326,0.2770150899887085,0.019236674532294273,0.016141539439558983,0.22363977134227753,0.09172959625720978,0.0030635215807706118,0.02323492430150509,0.001997524406760931,0.01753033883869648,0.17985664308071136,0.0007202966371551156,0.0004836982407141477,0.009544769302010536,0.02238875813782215,0.0019300965359434485,0.001023388933390379,0.05648479983210564,0.0006301098619587719,0.6247265338897705,0.6478365659713745,0.03684021532535553,0.03738797456026077,0.012595060281455517,0.00020552788919303566,0.007278908975422382,0.0025477490853518248,0.0032973764464259148,0.04082372039556503,0.796176552772522,0.6998278498649597,0.15479986369609833,0.005606940947473049,0.4001784026622772,0.38179823756217957,3.017313702002866e-06,5.099295321997488e-06,0.0,742.0
2.3049997253110632e-06,0.11920569092035294,0.08686543256044388,0.023335175588726997,0.008767344988882542,0.012906139716506004,0.0013633558992296457,3.0750145469937706e-06,1.1658579524009838e-06,0.1966008096933365,0.19667063653469086,0.0119980713352561,0.01459766086190939,0.10184268653392792,0.06742901355028152,0.05521388724446297,0.1076258048415184,0.5262026190757751,0.554718554019928,0.5342979431152344,0.43014946579933167,0.003676031483337283,0.002695305971428752,0.004422684200108051,0.04390937089920044,0.5467734336853027,0.0003670578298624605,0.0026650046929717064,0.004026830196380615,0.046231575310230255,0.10248568654060364,0.08696028590202332,0.011043304577469826,5.5488817451987416e-06,0.5877672433853149,0.4775531589984894,0.0020997978281229734,0.005494579207152128,0.006987590342760086,0.0047708055935800076,0.0015768124721944332,0.0024725927505642176,0.0004944573738612235,0.006256707012653351,0.1864890605211258,0.3800829350948334,0.15517272055149078,0.5629451870918274,0.012464958243072033,0.031634699553251266,4.885175258095842e-06,8.813404747343156e-06,1.0,743.0
6.974922598601552e-06,0.0405501127243042,0.01571608893573284,0.18923868238925934,0.15321436524391174,0.12012962251901627,3.2640637073200196e-05,2.4422595288342563e-06,8.009968723854399e-07,0.032022349536418915,0.04242809861898422,0.002069209236651659,0.002518816152587533,0.006022691261023283,0.23924143612384796,0.2504359185695648,0.019418830052018166,0.7813655734062195,0.7883901596069336,0.23126383125782013,0.14140072464942932,0.0171092189848423,0.013142304494976997,4.816470027435571e-05,0.0010030422126874328,0.03481382504105568,0.00018252947484143078,0.012714726850390434,0.0034760511480271816,0.0021386516746133566,0.002726166043430567,0.0019651514012366533,0.007372100371867418,0.0004112062160857022,0.0006808203179389238,0.0018473267555236816,0.012261996977031231,0.004249763675034046,0.8220618963241577,0.014334289357066154,0.22119319438934326,0.014287405647337437,0.11926671117544174,0.04814930260181427,1.729922769300174e-05,6.0702541304635815e-06,0.0007635527872480452,0.00016244790458586067,4.275309402146377e-05,5.566345134866424e-05,2.063991132672527e-06,7.603131280120579e-07,1.0,744.0
4.672996055887779e-06,0.09951461106538773,0.14764298498630524,0.0058985440991818905,0.034071434289216995,0.027844086289405823,3.224622560082935e-05,6.254035156416649e-07,4.6417494559136685e-06,0.08185561746358871,0.026509903371334076,0.026723993942141533,0.021465018391609192,0.0021175334695726633,0.5572940111160278,0.5206008553504944,0.006025089882314205,0.3059267997741699,0.3204602897167206,0.4526670575141907,0.1888905018568039,0.00945999100804329,0.016747670248150826,0.0003658536297734827,0.00037273470661602914,0.001442097476683557,0.00020314262656029314,0.0002718366449698806,0.13917261362075806,0.00023428522399626672,0.0009185829549096525,0.001918788067996502,0.00461593410000205,0.10023152083158493,0.000674496463034302,0.0019506736425682902,0.12246795743703842,0.005844137631356716,0.06943859159946442,8.288911885756534e-06,0.004065232817083597,0.0005779920029453933,0.004301378503441811,0.02395581267774105,0.040314942598342896,0.006641187705099583,0.01520366221666336,0.024301989004015923,0.00023480785603169352,6.272987957345322e-05,1.2316214451857377e-05,1.7378181382809998e-06,2.0,745.0
9.122250617110694e-07,0.0001175643119495362,0.0002733143337536603,0.6297098994255066,0.594599723815918,0.6739121675491333,1.0996370292559732e-05,7.300788524844393e-07,4.259185061528115e-06,0.009360040538012981,0.008299148641526699,0.17765600979328156,0.4255158305168152,0.539720892906189,0.005639694165438414,0.014708864502608776,0.6498076319694519,0.09361174702644348,0.018192799761891365,0.0913575068116188,0.010781332850456238,0.08704996109008789,0.13803766667842865,2.429553569527343e-05,0.00013894632866140455,0.002657311037182808,0.0020816605538129807,0.00011845078552141786,0.016434110701084137,0.008833399973809719,0.00024789164308458567,0.0008601094014011323,0.0014246759237721562,0.004670791793614626,0.00029703325708396733,0.0003669472935143858,0.03646504878997803,0.05214817076921463,0.12089350074529648,0.0011329789413139224,0.0995924174785614,0.02867843210697174,0.1545000821352005,0.037678785622119904,0.00012063112808391452,0.00022085069213062525,6.947331712581217e-05,0.09272684156894684,0.0002733604342211038,0.00016228610184043646,6.273996405070648e-06,4.83414567042928e-07,1.0,746.0
1.1701051789714256e-06,0.004139112774282694,0.008571789599955082,0.06208047270774841,0.46723419427871704,0.145685076713562,3.680405643535778e-05,8.691422976880858e-07,7.075269650158589e-07,0.012455815449357033,0.008530642837285995,0.5246902108192444,0.5320396423339844,0.013709153048694134,0.16979363560676575,0.17045797407627106,0.022298816591501236,0.00673180865123868,0.0057203802280128,0.021222388371825218,0.01614486612379551,0.04700010269880295,0.04941790550947189,8.238349255407229e-05,0.000977122224867344,0.03624952211976051,0.0005858246586285532,0.00045937421964481473,0.0011156373657286167,0.0034014529082924128,0.0010069635463878512,0.0012427754700183868,0.008273393847048283,0.0005517734680324793,0.015292742289602757,0.012706450186669827,0.014175358228385448,0.030797509476542473,0.032052408903837204,0.003192414529621601,0.022311339154839516,0.008289363235235214,0.050790444016456604,0.36212989687919617,0.00014658270811196417,0.00017280371685046703,0.00028853819821961224,0.0011332918656989932,0.06977152079343796,0.10245142877101898,5.633184628095478e-06,1.6097777688628412e-06,1.0,747.0
1.7268616829824168e-06,0.00014499889221042395,0.00027831419720314443,0.640562891960144,0.7610402703285217,0.47772017121315,0.001204202533699572,2.6007755877799354e-06,5.355666417017346e-06,0.0045347572304308414,0.002429810119792819,0.15433566272258759,0.1402338296175003,0.07911131531000137,0.0885879397392273,0.06060351803898811,0.0545489527285099,0.09038664400577545,0.08126305788755417,0.026541372761130333,0.012946531176567078,0.1991802304983139,0.20937734842300415,0.0025612160097807646,0.00263898354023695,0.29370227456092834,0.0011810439173132181,0.003121420741081238,0.01876020058989525,0.01562764309346676,0.0002602293388918042,0.0003238595090806484,0.013810538686811924,0.0006111862603574991,0.3753454387187958,0.5226949453353882,0.028652576729655266,0.0771336629986763,0.007956436835229397,0.000828401418402791,0.003745189169421792,0.016825994476675987,0.0017698109149932861,0.008765669539570808,0.7175620794296265,0.8075006008148193,0.0060910433530807495,0.06911931931972504,0.3825204074382782,0.35695546865463257,4.355504643172026e-06,3.939904217986623e-06,0.0,748.0
1.5546878557870514e-06,0.0062719229608774185,0.00024182692868635058,0.6234821081161499,0.062299784272909164,0.5207090377807617,6.154552102088928e-05,5.831619773744023e-07,6.990246674831724e-07,0.1812315136194229,0.14324896037578583,0.03774663433432579,0.03423595800995827,0.012801818549633026,0.26072412729263306,0.24077992141246796,0.02674914337694645,0.24058254063129425,0.25806400179862976,0.37006694078445435,0.29434290528297424,0.002935845172032714,0.004687785636633635,0.000499571964610368,0.0003416075196582824,0.0032865889370441437,9.716599015519023e-05,0.00021640265185851604,0.008872595615684986,0.00024793753982521594,0.0926077663898468,0.11046047508716583,0.0005447412841022015,0.22233673930168152,0.0022350053768604994,0.007197020575404167,0.03207341954112053,0.0035990686155855656,0.0071191806346178055,2.6030980393443315e-07,0.00791272521018982,0.0017158073605969548,0.0036709632258862257,0.005849195644259453,0.003807478817179799,0.0009655925678089261,0.06735707819461823,0.05029519274830818,0.0008001509704627097,0.00042460419354029,6.43200382910436e-06,9.807722562982235e-07,2.0,749.0
3.0496764793497277e-06,0.002084374660626054,0.001899125287309289,0.37213248014450073,0.4384973645210266,0.25391146540641785,0.00020827569824177772,2.137091314580175e-06,2.8742641688950243e-07,0.6447064876556396,0.6352548599243164,0.7011442184448242,0.7150699496269226,0.07171358913183212,0.0374036505818367,0.0696655660867691,0.11646068841218948,0.007226637098938227,0.0042192102409899235,0.4721694588661194,0.34946539998054504,0.0010618423111736774,0.00024217765894718468,0.0004099721263628453,0.00019324598542880267,0.0032707678619772196,0.00016098761989269406,0.00044228631304576993,0.0015603392384946346,0.005104470998048782,0.0016196179203689098,0.0012689927825704217,0.00746044609695673,0.00040857051499187946,0.005650039296597242,0.006986439228057861,0.012548287399113178,0.0215668436139822,0.01947491057217121,0.003959454130381346,0.0032097536604851484,0.0034013008698821068,0.017242947593331337,0.09808535128831863,0.6466947793960571,0.7381422519683838,0.0065918006002902985,0.01953296922147274,0.27371880412101746,0.3891741633415222,4.755229383590631e-06,3.676225333038019e-06,0.0,750.0
2.597017783045885e-07,0.0030049618799239397,0.004458721727132797,0.4933925271034241,0.07616973668336868,0.04044007137417793,3.8915783079573885e-05,1.2875686934421537e-06,8.33838043945434e-07,0.02975699119269848,0.027117088437080383,0.3814776539802551,0.36289697885513306,0.21743866801261902,0.02634555473923683,0.015785248950123787,0.22070492804050446,0.02289290353655815,0.02037491649389267,0.04410303011536598,0.01824178732931614,0.031157294288277626,0.052742812782526016,0.00026867209817282856,0.07320617884397507,0.38806968927383423,0.001534955226816237,0.0009146137163043022,0.0022910695988684893,0.01296067051589489,0.0002579092688392848,0.0002265615767100826,0.08985777944326401,0.0014117829268798232,0.12198393791913986,0.12892961502075195,0.0006135836010798812,0.002633997006341815,0.6828004121780396,0.0012414297088980675,0.032869331538677216,0.03713275119662285,0.003556886687874794,0.04428601264953613,2.8409128844941733e-06,2.6960860850522295e-06,4.4390286348061636e-05,0.0001114943515858613,0.0004343403270468116,0.0005378816858865321,4.9249415496888105e-06,9.596711834092275e-07,1.0,751.0
4.470623935048934e-06,0.006829262711107731,0.012978561222553253,0.012378827668726444,0.44608747959136963,0.11819469183683395,5.746037277276628e-05,3.8916533640076523e-07,1.6067365322669502e-06,0.03638368472456932,0.03228125721216202,0.027240732684731483,0.14689838886260986,0.0017878030193969607,0.34540846943855286,0.46045225858688354,0.018051905557513237,0.27902117371559143,0.07851902395486832,0.609856128692627,0.03543112799525261,0.029098642989993095,0.01457375567406416,0.00011285396612947807,6.598357867915183e-05,0.00042019286775030196,4.6721204853383824e-05,4.238352630636655e-05,0.07686657458543777,0.0016783246537670493,0.00519533222541213,0.008416473865509033,0.00023137120297178626,0.0009449342032894492,0.0001314757246291265,0.0003814960946328938,0.358941912651062,0.032624252140522,0.00404334906488657,0.0008684181957505643,0.005376223474740982,0.0004440052143763751,0.18553932011127472,0.08201351016759872,0.3394259810447693,0.10928475856781006,0.030687352642416954,0.05393923819065094,0.017673172056674957,0.008897588588297367,1.4810771972406656e-05,3.1807385312276892e-06,1.0,752.0
2.3144516489992384e-06,0.04216131567955017,0.046027373522520065,0.009162882342934608,0.1484551727771759,0.08321871608495712,0.001526137930341065,1.1424089052525233e-06,2.032460770351463e-06,0.40409794449806213,0.5448153018951416,0.31380942463874817,0.34096747636795044,0.07530554383993149,0.09302118420600891,0.07226564735174179,0.06976386904716492,0.03682209923863411,0.0275083277374506,0.6016973257064819,0.39775514602661133,0.0023639097344130278,0.0002977236290462315,0.0034035162534564734,0.007775068283081055,0.13939714431762695,0.0005533202202059329,0.0020075857173651457,0.001996403792873025,0.0013172747567296028,0.07378378510475159,0.061310604214668274,0.010681984946131706,0.009238457307219505,0.2925649881362915,0.406116783618927,0.003611132502555847,0.009100154973566532,0.003468411974608898,9.183352176478365e-07,0.00950965378433466,0.02399028092622757,0.0008939377148635685,0.010113614611327648,0.6180658340454102,0.5970174074172974,0.32993224263191223,0.20084838569164276,0.04632314294576645,0.0535380020737648,1.7590207335160812e-06,4.776359219249571e-06,1.0,753.0
3.3452222396590514e-06,0.05490909889340401,0.028899511322379112,0.02388126403093338,0.04235103353857994,0.060952961444854736,2.9859813366783783e-05,7.52729818032094e-07,8.273940466096974e-07,0.02870039828121662,0.0532250851392746,0.025479929521679878,0.03524823114275932,0.024946585297584534,0.11334621906280518,0.11778433620929718,0.03041522018611431,0.2739443778991699,0.26487997174263,0.32588738203048706,0.2082253247499466,0.021424295380711555,0.010828510858118534,5.4189793445402756e-05,0.024151569232344627,0.22422415018081665,0.00020947960729245096,0.009612352587282658,0.004539795219898224,0.0018689273856580257,9.522712207399309e-05,0.00023440498625859618,0.015926102176308632,0.0013849461684003472,0.01029982604086399,0.013769134879112244,0.003103829687461257,0.00738286878913641,0.5000357627868652,0.0013708076439797878,0.12551169097423553,0.156741663813591,0.019510630518198013,0.03164267539978027,1.1262904990871903e-06,1.2744043260681792e-06,5.991483249090379e-06,0.0007640247931703925,0.00018964435730595142,0.00020668991783168167,1.8834678030543728e-06,1.2924749626108678e-06,1.0,754.0
2.502110419300152e-06,0.0664747804403305,0.03700330853462219,0.1627342849969864,0.0476214773952961,0.07025520503520966,1.9525177776813507e-05,3.7119866647117306e-07,4.742942110169679e-06,0.024989640340209007,0.014208185486495495,0.10972452163696289,0.1500152200460434,0.35381942987442017,0.0135948546230793,0.02480163611471653,0.40223345160484314,0.07270149141550064,0.06614404171705246,0.0715634673833847,0.038182660937309265,0.02731410227715969,0.05148785933852196,0.00014364217349793762,0.0001527568238088861,0.0005481995758600533,0.00015654992603231221,1.990920827665832e-05,0.17460867762565613,0.0022894178982824087,0.0014082903508096933,0.002650284208357334,0.00022103605442680418,0.16505105793476105,0.00037941097980365157,0.0007213613716885448,0.3393252491950989,0.049022380262613297,0.0017438300419598818,2.4755556751188124e-06,0.018440216779708862,0.0068792179226875305,0.024189138785004616,0.012232647277414799,0.41721004247665405,0.15694820880889893,0.04526545852422714,0.25438737869262695,0.0006244388641789556,0.00018472291412763298,6.910335741849849e-06,1.8924035884992918e-06,0.0,755.0
1.3787126817987883e-06,0.0038314752746373415,0.003380200592800975,0.4020548462867737,0.050602883100509644,0.2839866578578949,2.5906485461746342e-05,1.966238869499648e-06,2.005532309112823e-07,0.40725404024124146,0.3314548134803772,0.34261950850486755,0.3779076039791107,0.043257951736450195,0.14106489717960358,0.15470103919506073,0.06790786981582642,0.028816452249884605,0.027810418978333473,0.6367248296737671,0.4530394971370697,0.0008953532669693232,0.0014523296849802136,0.00011151943181175739,2.975412644445896e-05,0.0013032748829573393,0.012318880297243595,9.309310553362593e-05,0.0025828140787780285,0.010806136764585972,0.0024045954924076796,0.0018647887045517564,0.0011347632389515638,2.5193205146933906e-05,0.0018552665133029222,0.004269296303391457,0.2132522612810135,0.037238363176584244,0.01383131742477417,0.03636112064123154,0.015418187715113163,0.0018087889766320586,0.03663140907883644,0.030852261930704117,0.0013381140306591988,0.0007970070582814515,0.0009377041715197265,0.0021692756563425064,5.935926310485229e-05,3.320003452245146e-05,1.1135279237350915e-05,1.0079611456603743e-06,2.0,756.0
1.7793448705560877e-06,0.0637924000620842,0.11762410402297974,0.006970359943807125,0.04464469105005264,0.027639757841825485,0.0013754284009337425,3.458006403889158e-06,2.0458285234781215e-06,0.1225009486079216,0.14954213798046112,0.09821091592311859,0.0970720648765564,0.01813668943941593,0.3088516294956207,0.2803771495819092,0.010566575452685356,0.14502167701721191,0.13479897379875183,0.4305643141269684,0.4487776458263397,0.010396270081400871,0.005857245065271854,0.004782191012054682,0.004885590635240078,0.20689459145069122,0.0008747351821511984,0.00047292569070123136,0.006812794599682093,0.0062009422108531,0.0037718212697654963,0.0036008371971547604,0.06522839516401291,0.00177476042881608,0.6493103504180908,0.8107322454452515,0.0074235256761312485,0.014557274989783764,0.015911968424916267,4.78937836305704e-05,0.0006567914970219135,0.002238510875031352,0.0007822828483767807,0.013312614522874355,0.910182774066925,0.9132004380226135,0.08173363655805588,0.09574811905622482,0.7103477716445923,0.680759072303772,5.186951966607012e-06,7.960963557707146e-06,0.0,757.0
2.250199742093173e-07,0.0004202988347969949,0.038702089339494705,0.0791429728269577,0.8276469111442566,0.04528319463133812,1.377138960378943e-05,2.1631271351907344e-07,6.20470288481556e-08,0.01927671767771244,0.4468095600605011,0.03780047595500946,0.37366265058517456,0.0983632281422615,0.011149575002491474,0.04766097292304039,0.22589999437332153,0.2962212860584259,0.025311915203928947,0.2616311013698578,0.13628312945365906,0.06516885757446289,0.00043391226790845394,0.00011347628606017679,0.001341574010439217,0.002102537313476205,2.115595998475328e-05,0.00022106031246948987,5.636533387587406e-05,0.003721116343513131,0.35901111364364624,0.31700459122657776,0.00036428854218684137,0.0005466944421641529,0.00157581502571702,0.0006292078760452569,0.0022249931935220957,0.11693219840526581,0.05018177628517151,0.0004220292030368,0.015703465789556503,0.00078686693450436,0.04511890560388565,0.015379826538264751,5.609218715108e-05,0.00015549067757092416,0.008069575764238834,0.0493207722902298,7.178540545282885e-05,0.00028415603446774185,6.513459538837196e-06,6.820864655310288e-07,1.0,758.0
4.0639048393131816e-07,6.441745063057169e-05,3.713057958520949e-05,0.6926713585853577,0.7643076181411743,0.8030219674110413,4.1482380765955895e-05,3.062463633796142e-07,1.854647990739977e-07,0.27180731296539307,0.3776159882545471,0.0754152163863182,0.15025533735752106,0.01732795313000679,0.11219104379415512,0.17117267847061157,0.048140790313482285,0.17626748979091644,0.0805501863360405,0.5846150517463684,0.33224883675575256,0.003340397495776415,0.0009279108489863575,0.00017146261234302074,0.0006459589349105954,0.002997207222506404,7.553649629699066e-05,0.00040561126661486924,0.0028819048311561346,0.018001176416873932,0.0018969598459079862,0.0009846616303548217,0.0011527043534442782,0.0005045544821768999,0.0024152693804353476,0.002694786759093404,0.035524409264326096,0.03956041857600212,0.02824954316020012,0.0017268023220822215,0.010956816375255585,0.002023999812081456,0.009711116552352905,0.007885891012847424,0.0009873220697045326,0.0007341985474340618,0.004198476206511259,0.0008181144366972148,0.00011486390576465055,0.0001512207672931254,3.506314214973827e-06,2.853218461495999e-07,1.0,759.0
5.495646178133029e-07,8.198794967029244e-05,1.5452040315722115e-05,0.8608306646347046,0.7584446668624878,0.6327438950538635,0.0005508546601049602,3.7687018448195886e-06,2.366035687373369e-06,0.1664431244134903,0.0379839651286602,0.6764898300170898,0.6581830382347107,0.18805904686450958,0.03611519932746887,0.03855172544717789,0.184671089053154,0.006925721187144518,0.004350545350462198,0.25421249866485596,0.025638099759817123,0.015030772425234318,0.019693275913596153,0.006633752025663853,0.02326616458594799,0.17528414726257324,0.000663033511955291,0.00031537620816379786,0.01702801138162613,0.014320005662739277,0.003991407807916403,0.010106822475790977,0.0189356692135334,0.00018058711430057883,0.6889653205871582,0.7333002090454102,0.006288629025220871,0.034725453704595566,0.0024960199370980263,0.0006322734407149255,0.005863823927938938,0.010017305612564087,0.00069090211763978,0.023712720721960068,0.020831208676099777,0.048269182443618774,0.0042614685371518135,0.3545242249965668,0.03148956224322319,0.07529450953006744,2.3919585146359168e-05,8.058599632931873e-06,1.0,760.0
5.193932750557906e-08,0.005951647646725178,0.007880780845880508,0.014410196803510189,0.4284507632255554,0.124547578394413,7.472534343833104e-05,4.0765474551562875e-08,1.7535795393541775e-07,0.03138405829668045,0.020088739693164825,0.19617892801761627,0.21068450808525085,0.1852080225944519,0.023195888847112656,0.030096447095274925,0.20269615948200226,0.0622529610991478,0.03837253898382187,0.32126834988594055,0.06013667583465576,0.047137510031461716,0.021061893552541733,0.0001652722421567887,0.5578879117965698,0.3827139139175415,3.759906758205034e-05,0.00298802531324327,0.0009909945074468851,0.01623261719942093,6.096314609749243e-05,4.086565604666248e-05,0.005198213271796703,0.0004106200358364731,0.16779913008213043,0.11014112830162048,0.0006678231875412166,0.008705534040927887,0.2207353413105011,0.0011619505239650607,0.0249426681548357,0.1719762533903122,0.0009954050183296204,0.0005434040795080364,5.852300546393963e-07,6.991319878579816e-07,6.792183557990938e-05,4.6817360271234065e-05,7.045029633445665e-05,0.00016490074631292373,1.2160359119661734e-06,2.2923872222690989e-07,1.0,761.0
1.594003265381616e-06,0.09992402791976929,0.30215927958488464,0.0070725297555327415,0.02178330346941948,0.004613619297742844,2.595777368696872e-05,7.972519142640522e-07,5.732132990488026e-07,0.31550753116607666,0.5362160205841064,0.4537118077278137,0.461434006690979,0.056305475533008575,0.10742330551147461,0.09121831506490707,0.03146565705537796,0.025126419961452484,0.01484986674040556,0.6897742748260498,0.5187146663665771,0.001872653723694384,0.0004064851382281631,0.0002288989635417238,0.00026019412325695157,0.001642770366743207,3.666809425340034e-05,0.0002591873926576227,0.002801786409690976,0.00023552087077405304,0.13862577080726624,0.16741211712360382,0.0016182683175429702,0.001746667898260057,0.000270085409283638,0.0007972790044732392,0.007588210981339216,0.0013071211287751794,0.1129407063126564,9.838156984187663e-05,0.002530353143811226,0.00019193319894839078,0.01493026688694954,0.06968225538730621,0.02972818911075592,0.012849030084908009,0.43245449662208557,0.40972432494163513,0.003935953136533499,0.004121593199670315,5.4768865993537474e-06,1.089383545149758e-06,1.0,762.0
6.023140940669691e-06,0.013829430565237999,0.011234646663069725,0.019106248393654823,0.5472872257232666,0.24722325801849365,4.5467975724022835e-05,2.7621290428214706e-06,4.506103721269028e-07,0.030451683327555656,0.051017165184020996,0.009659088216722012,0.010883831419050694,0.00953161995857954,0.21790902316570282,0.21511611342430115,0.02475268952548504,0.609011173248291,0.5834153890609741,0.25606900453567505,0.18765564262866974,0.02453349158167839,0.011293536983430386,8.165369945345446e-05,0.0010369803057983518,0.035000503063201904,7.664572331123054e-05,0.011488839983940125,0.001405182876624167,0.004165533930063248,0.06389652192592621,0.05911906063556671,0.006442260928452015,0.001649262267164886,0.0007791027892380953,0.0012683409731835127,0.0036780338268727064,0.007058014627546072,0.6926425695419312,0.0006026923656463623,0.18037185072898865,0.004155685193836689,0.16028402745723724,0.061629410833120346,5.9305340982973576e-05,5.507798050530255e-05,0.0008236292633228004,0.002131558721885085,9.992135892389342e-05,0.00010460888734087348,1.2426872899595764e-06,1.6466581200802466e-06,1.0,763.0
4.452103041785449e-07,0.0003397230466362089,0.0001410073891747743,0.7052191495895386,0.5856435298919678,0.7094522714614868,0.0005075187073089182,1.04869031929411e-05,2.578142812126316e-06,0.45946505665779114,0.30192410945892334,0.44272127747535706,0.46570032835006714,0.006679751444607973,0.16211965680122375,0.3446086347103119,0.0515584796667099,0.0226562712341547,0.02015097439289093,0.21448753774166107,0.3882816731929779,0.0018089517252519727,0.006283527240157127,0.005998450797051191,0.017969118431210518,0.061687879264354706,0.00017654623661655933,7.399694732157513e-05,0.011508525349199772,0.002371053444221616,0.031148670241236687,0.025545137003064156,0.13618533313274384,0.011669240891933441,0.5609639286994934,0.720390796661377,0.003910569939762354,0.0013805082999169827,0.15962530672550201,1.0918529369519092e-05,0.001782110659405589,0.0002907745074480772,0.00042368433787487447,0.15637412667274475,0.1844298392534256,0.08671142905950546,0.3058743178844452,0.07799802720546722,0.30815932154655457,0.24435673654079437,1.6916766981012188e-05,7.956622539495584e-06,0.0,764.0
2.032805923590786e-06,9.760625107446685e-05,4.436023664311506e-05,0.8128873705863953,0.7754726409912109,0.6646233201026917,8.39330386952497e-05,1.2993166365049547e-06,1.8937612367153633e-06,0.006256668828427792,0.00267333653755486,0.47436273097991943,0.45226365327835083,0.03632039949297905,0.1039932519197464,0.0970856249332428,0.03517685830593109,0.013028831221163273,0.010159171186387539,0.034802112728357315,0.010327233001589775,0.1087794154882431,0.15276914834976196,0.00026299498858861625,0.0002626827626954764,0.008944444358348846,0.000149133411468938,0.00022808961512055248,0.003874001558870077,0.0018878515111282468,0.029850969091057777,0.03783733397722244,0.0007056775502860546,0.0007544898544438183,0.0059050400741398335,0.00964321568608284,0.18820591270923615,0.09055671840906143,0.0007751128869131207,0.0008226527133956552,0.016618575900793076,0.009494287893176079,0.031746990978717804,0.09629654139280319,0.006317321211099625,0.0049001555889844894,0.01415868941694498,0.023680320009589195,0.037800904363393784,0.045752912759780884,8.92947082320461e-06,1.9018187913388829e-06,1.0,765.0
2.9716153449044214e-07,0.3506666123867035,0.2196323126554489,0.012578082270920277,0.00757696945220232,0.005898879375308752,6.848678822279908e-06,2.2056477533283214e-08,1.1444346625921753e-07,0.08782871812582016,0.047400299459695816,0.41968998312950134,0.4048011004924774,0.014601652510464191,0.26950693130493164,0.27641984820365906,0.01257998961955309,0.018823835998773575,0.011391420848667622,0.1373128741979599,0.013226454146206379,0.021668696776032448,0.01250068936496973,1.699512722552754e-05,0.021734626963734627,0.0031949877738952637,8.417804565397091e-06,0.000149576022522524,0.0027030203491449356,0.007258175872266293,0.0003427865740377456,0.00024222199863288552,0.0015046398621052504,0.29284948110580444,0.00027144065825268626,0.00012030958896502852,0.00903975311666727,0.020756714046001434,0.20303596556186676,8.827578312775586e-06,0.041270911693573,0.03281676024198532,0.13747265934944153,0.018175063654780388,1.8621924027684145e-05,7.191554686869495e-06,0.0005634690751321614,3.863866004394367e-05,5.492502896231599e-05,5.63180583412759e-05,1.2674943263846217e-06,1.2453158149128285e-07,1.0,766.0
7.638367605977692e-06,0.725063681602478,0.766867995262146,2.7382186090108007e-05,0.0018062072340399027,0.000606756831984967,0.0009740722016431391,9.715281521494035e-07,5.494817969520227e-07,0.18297399580478668,0.29510757327079773,0.22714871168136597,0.2435385286808014,0.03494851291179657,0.10801269114017487,0.11768677085638046,0.052642807364463806,0.06809299439191818,0.054219841957092285,0.48243778944015503,0.6333557367324829,0.004919060040265322,0.0017023405525833368,0.001074817031621933,0.0026654256507754326,0.058813076466321945,7.477367762476206e-05,0.005096123553812504,0.01182320062071085,0.10365843027830124,0.00035449990537017584,0.00020400267385412008,0.003669901518151164,4.477559923543595e-05,0.04188157618045807,0.0814237967133522,0.16296231746673584,0.17895419895648956,0.0012736729113385081,0.016117187216877937,0.019625969231128693,0.09581124782562256,0.008320352993905544,0.011659516021609306,0.9011725783348083,0.8756358027458191,0.04859238117933273,0.006156241521239281,0.43267789483070374,0.6898996829986572,3.9438293697457993e-07,3.3688495477690594e-06,0.0,767.0
4.568666099658003e-06,9.812700591282919e-05,9.754587517818436e-05,0.8006514310836792,0.6439989805221558,0.6532273888587952,0.00034318986581638455,2.7525991299626185e-06,2.2230815375223756e-06,0.04546710476279259,0.017316095530986786,0.02840237505733967,0.023923711851239204,0.055606868118047714,0.08264825493097305,0.07011812180280685,0.05911587178707123,0.296592116355896,0.2899288833141327,0.34390291571617126,0.14578332006931305,0.014501227997243404,0.03491237759590149,0.0005939953844062984,0.0009874198585748672,0.032701943069696426,8.972424984676763e-05,0.002290057484060526,0.008604130707681179,0.012570557184517384,0.009878255426883698,0.007973512634634972,0.0007222834974527359,0.00520715257152915,0.008197247050702572,0.008835370652377605,0.12491322308778763,0.26777511835098267,0.0003174313169438392,3.08629751089029e-05,0.06232229620218277,0.07970356941223145,0.008972147479653358,0.004703155253082514,0.5936462879180908,0.6203747987747192,0.18822836875915527,0.11795885115861893,0.004230146761983633,0.005154476501047611,8.322650160152989e-07,2.291915734531358e-06,1.0,768.0
2.303971086803358e-06,0.011287408880889416,0.006711525842547417,0.22575441002845764,0.13734911382198334,0.18718001246452332,0.0007235894445329905,8.554692385587259e-07,1.1788416713898187e-06,0.6541175246238708,0.442514032125473,0.6059439182281494,0.5809497833251953,0.13500714302062988,0.048217739909887314,0.033312130719423294,0.1144007220864296,0.014000841416418552,0.015931513160467148,0.37610694766044617,0.5452651381492615,0.0015841653803363442,0.0006961596664041281,0.0031992821022868156,0.007399262394756079,0.029002657160162926,4.6407039917539805e-05,0.0008753200527280569,0.00499320775270462,0.0030685164965689182,0.001941730035468936,0.00197549513541162,0.0077483076602220535,0.004792102612555027,0.28448349237442017,0.5130177736282349,0.03852382302284241,0.05792274326086044,0.0034332626964896917,1.3115220099280123e-05,0.021094616502523422,0.029219789430499077,0.003383265109732747,0.005258071236312389,0.6766390800476074,0.6763707995414734,0.009359072893857956,0.027659114450216293,0.5755935907363892,0.6174724102020264,1.0203892770732637e-06,3.940047008654801e-06,0.0,769.0
2.857041181414388e-06,0.1218208372592926,0.12473050504922867,0.008217539638280869,0.014837550930678844,0.012560955248773098,0.0008868359727784991,1.2775437880918616e-06,1.897952188301133e-06,0.43425819277763367,0.38204532861709595,0.5047146081924438,0.4715615510940552,0.11199835687875748,0.09771181643009186,0.05331992730498314,0.0504981130361557,0.029044974595308304,0.02326440066099167,0.6054701805114746,0.6075858473777771,0.0033911638893187046,0.001252459711395204,0.0035425301175564528,0.0007609189487993717,0.01836692914366722,0.00014202795864548534,0.0009006496402435005,0.005965153221040964,0.01599346287548542,0.03333691880106926,0.023838795721530914,0.0005908525781705976,0.00027457636315375566,0.3258134126663208,0.33390602469444275,0.07862232625484467,0.16390909254550934,0.0004170409229118377,0.0001479241909692064,0.08516541868448257,0.04579832777380943,0.013832331635057926,0.003437981242313981,0.545608401298523,0.5710012912750244,0.21029256284236908,0.17225003242492676,0.4160201847553253,0.5300881266593933,7.586617130073137e-07,3.425462864470319e-06,0.0,770.0
3.126102910755435e-06,0.3194623589515686,0.4285355806350708,0.0002845325507223606,0.01795797422528267,0.005115585867315531,0.000357369048288092,6.983430012041936e-07,1.0672792996047065e-06,0.11413039267063141,0.0734800323843956,0.1688203066587448,0.1774599850177765,0.04610442742705345,0.08745822310447693,0.09591883420944214,0.06955336034297943,0.07019038498401642,0.06125035509467125,0.509427547454834,0.2803383767604828,0.01011468842625618,0.008838741108775139,0.0013750296784564853,0.000529581680893898,0.013710456900298595,6.970877439016476e-05,0.0007150407182052732,0.0023195999674499035,0.0034842435270547867,0.0032013936433941126,0.002817395608872175,0.0016370025696232915,0.00019089342094957829,0.01589842326939106,0.02707531675696373,0.02473338320851326,0.024101775139570236,0.001241076155565679,0.0006456019473262131,0.005421836394816637,0.028752924874424934,0.0025429516099393368,0.0048200893215835094,0.783984899520874,0.7640019059181213,0.055448271334171295,0.1260334700345993,0.12231147289276123,0.16197693347930908,8.310689736390486e-07,3.7100332974659977e-06,0.0,771.0
3.569752607290866e-06,0.002830860437825322,0.0022562567610293627,0.4326135814189911,0.380647748708725,0.32753416895866394,0.002232797909528017,1.3081630640954245e-06,2.7026144380215555e-06,0.0017463903641328216,0.0004930325085297227,0.016794942319393158,0.01761550083756447,0.05343762785196304,0.06828230619430542,0.060346588492393494,0.06220046803355217,0.45034679770469666,0.4481213688850403,0.07192917168140411,0.011202872730791569,0.292697548866272,0.29199689626693726,0.0015220651403069496,0.005598931107670069,0.6516672372817993,0.004669832065701485,0.005806335248053074,0.033517174422740936,0.045327115803956985,0.011362705379724503,0.013299485668540001,0.00895629171282053,0.0005601472221314907,0.3807435631752014,0.4215520918369293,0.008773150853812695,0.011756173335015774,0.008018420077860355,0.00014210205699782819,0.0014565207529813051,0.004864893853664398,0.0006587633979506791,0.005796236451715231,0.43031930923461914,0.5431329011917114,0.0065652537159621716,0.04302600398659706,0.0026429109275341034,0.002897591097280383,3.841519628622336e-06,9.558327292324975e-06,1.0,772.0
1.0853112826225697e-06,0.013765981420874596,0.03672666847705841,0.004004064481705427,0.3998650312423706,0.13973607122898102,7.585368439322338e-05,3.4119545944122365e-07,1.0071156566482387e-06,0.0020097605884075165,0.0015486844349652529,0.04316750168800354,0.03486375883221626,0.057707831263542175,0.04979229345917702,0.05066395178437233,0.07410259544849396,0.19648781418800354,0.20943909883499146,0.02579668164253235,0.015676790848374367,0.2675880491733551,0.1315787136554718,7.022700447123498e-05,0.07021354883909225,0.5067117214202881,0.0009304225095547736,0.003090095706284046,0.0051596206612885,0.01921529695391655,0.00027431288617663085,0.00023812065774109215,0.014170913025736809,0.001045537763275206,0.045020636171102524,0.06149299442768097,0.0013921161880716681,0.003871405962854624,0.5818589925765991,0.0014170611975714564,0.06495152413845062,0.030315201729536057,0.02902090549468994,0.058663517236709595,1.995332695514662e-06,1.768197193996457e-06,3.105748328380287e-05,5.3909767302684486e-05,0.0006136534502729774,0.0010758854914456606,1.8791653246807982e-06,7.383305273833685e-07,1.0,773.0
1.0635189937602263e-06,0.00037778468686155975,9.065722406376153e-05,0.6770849227905273,0.7614704966545105,0.8618884682655334,1.534042166895233e-05,2.063625572645833e-07,7.864974236326816e-07,0.00533340685069561,0.0016183569096028805,0.030067628249526024,0.017440184950828552,0.24605678021907806,0.6678198575973511,0.027290958911180496,0.001751870266161859,0.2661275267601013,0.28392493724823,0.05907365679740906,0.028853092342615128,0.13219794631004333,0.2666226327419281,3.244982872274704e-05,0.011616071686148643,0.18123984336853027,0.00031232775654643774,0.09042921662330627,0.0008792889420874417,0.0006362310377880931,0.0002128936321241781,0.00043399332207627594,0.0049784183502197266,0.01363425049930811,0.00173623813316226,0.0015867422334849834,0.0008710530819371343,0.0020411903969943523,0.9485848546028137,0.0004894653102383018,0.17214004695415497,0.15692658722400665,0.010488463565707207,0.0004349284863565117,9.914461429616495e-08,5.599904184805382e-08,1.4453744370257482e-05,0.0001921926741488278,3.3230755889235297e-06,1.7902042372952565e-06,1.5520583929173881e-06,6.255550033529289e-08,1.0,774.0
2.0410716388141736e-06,0.009109728038311005,0.010281768627464771,0.035299815237522125,0.3417676091194153,0.22223874926567078,2.7877536922460422e-05,1.0609620630930294e-06,8.548175856049056e-07,0.006934755481779575,0.01585257612168789,0.037128183990716934,0.04714006558060646,0.00022950363927520812,0.9408130049705505,0.9386002421379089,0.00012094740668544546,0.16091786324977875,0.14250481128692627,0.14064694941043854,0.10330523550510406,0.11051293462514877,0.02466798573732376,5.434442573459819e-05,0.029986610636115074,0.15512681007385254,0.0002594133547972888,0.0050351438112556934,0.00019136139599140733,0.003697118489071727,0.0023533222265541553,0.0013183396076783538,0.030209844931960106,0.007836216129362583,0.006261158734560013,0.0031578990165144205,0.0006675372133031487,0.004049129318445921,0.7747817635536194,0.0004019066400360316,0.055622611194849014,0.036665406078100204,0.015941547229886055,0.04231586307287216,1.3803927458866383e-06,1.0770255585157429e-06,0.0004603870620485395,0.00021940919396001846,0.00021464875317178667,0.000547017902135849,4.559469289233675e-06,7.569387889816426e-07,1.0,775.0
1.786532266123686e-06,0.0007044731755740941,0.00034426600905135274,0.3966044783592224,0.5884461402893066,0.4118202328681946,0.00019708934996742755,7.819242455298081e-06,1.3214428236096865e-06,0.175572469830513,0.09901584684848785,0.31740009784698486,0.2915109395980835,0.060642845928668976,0.1022866815328598,0.07371456921100616,0.04831172525882721,0.02725120820105076,0.03374048322439194,0.17535272240638733,0.23819021880626678,0.005275070667266846,0.009484055452048779,0.003294647904112935,0.0012292455649003386,0.0027896889951080084,4.869530312134884e-05,0.00013917624892201275,0.0024085198529064655,0.0016400993335992098,0.01760569028556347,0.017305849120020866,0.03119739145040512,0.0010310743236914277,0.11055447161197662,0.14036794006824493,0.013375891372561455,0.014935933984816074,0.09937429428100586,0.00032385275699198246,0.0027289134450256824,0.0007389195961877704,0.01385898794978857,0.11832642555236816,0.42106154561042786,0.36977091431617737,0.07890861481428146,0.20242945849895477,0.7574086785316467,0.7484484314918518,1.4312490748125128e-05,3.938581812690245e-06,0.0,776.0
2.6103573418367887e-06,0.06620051711797714,0.12530119717121124,0.01029500924050808,0.038740139454603195,0.018980665132403374,0.0007678212714381516,3.1686402053310303e-06,7.366531349362049e-07,0.07229205965995789,0.09232226014137268,0.02297733910381794,0.02875630557537079,0.10041770339012146,0.030003078281879425,0.0529298409819603,0.15882496535778046,0.3615306615829468,0.3252282440662384,0.6725648641586304,0.5325573086738586,0.012073835358023643,0.00884369295090437,0.0019628775771707296,0.0018976777791976929,0.1631796956062317,0.0008678671438246965,0.002058471320196986,0.001222678809426725,0.004466922953724861,0.0004074225726071745,0.0003133116406388581,0.02301028184592724,0.00028526323148980737,0.3215327560901642,0.3963523507118225,0.014997324906289577,0.0391748771071434,0.004952641203999519,0.0007102096569724381,0.0024553686380386353,0.024702690541744232,0.0005955770611763,0.010331332683563232,0.7620611190795898,0.8303285837173462,0.016438519582152367,0.03279445320367813,0.05094028636813164,0.08412446826696396,1.2396701549732825e-06,9.014639545057435e-06,0.0,777.0
2.186406618420733e-06,0.012789963744580746,0.010771684348583221,0.007123010233044624,0.353256493806839,0.2816830277442932,0.00018324810662306845,6.690417535537563e-07,1.583590801601531e-06,0.29729220271110535,0.20404811203479767,0.0343722440302372,0.032363858073949814,0.0031135338358581066,0.35072779655456543,0.4111957252025604,0.020989732816815376,0.24368296563625336,0.25828441977500916,0.6958439350128174,0.5155043601989746,0.00186995230615139,0.002663831226527691,0.001385657349601388,0.0005042239208705723,0.00892318319529295,0.000228211865760386,0.0013526466209441423,0.016848616302013397,0.003221561899408698,0.0011865715496242046,0.0011170433135703206,0.002179414266720414,0.016234900802373886,0.014630971476435661,0.01742011494934559,0.06802921742200851,0.0539475753903389,0.00633339723572135,1.0687515896279365e-05,0.010403032414615154,0.0041367486119270325,0.0005213442491367459,0.0018525851191952825,0.36173468828201294,0.2900547981262207,0.06852596253156662,0.12768162786960602,3.655427644844167e-05,3.2096722861751914e-05,2.0310055788286263e-06,2.2700712634105003e-06,0.0,778.0
1.5683077947414858e-07,0.004675837699323893,0.0016028982354328036,0.29109084606170654,0.5875378847122192,0.5737678408622742,7.933398592285812e-06,1.6484308673625492e-07,3.911638373210735e-07,0.03645205497741699,0.016739442944526672,0.8256386518478394,0.8450474143028259,0.018146302551031113,0.19770564138889313,0.20791904628276825,0.02058285102248192,0.0013912918511778116,0.0013264429289847612,0.00569990836083889,0.010667803697288036,0.02860310487449169,0.08982940763235092,8.70347284944728e-05,0.0014462157851085067,6.563928764080629e-05,5.252645223663421e-06,2.1625405679515097e-06,0.010188370943069458,0.02436559833586216,0.0003988705575466156,0.00028349951026029885,0.005085793323814869,0.002365377964451909,0.0014062297996133566,0.0015466021141037345,0.06220490485429764,0.033708758652210236,0.08819495141506195,0.0024432940408587456,0.0009048104984685779,0.00027790662716142833,0.11019619554281235,0.2710611820220947,0.013740399852395058,0.006597133353352547,0.0020234864205121994,0.00018830773478839546,0.13636326789855957,0.09099998325109482,2.993017369590234e-05,5.313636393111665e-07,1.0,779.0
8.827502142594312e-07,0.002872035140171647,0.0006955624558031559,0.26762649416923523,0.3349016010761261,0.3181493878364563,2.3422506274073385e-05,2.9501495646400144e-07,6.422390441684911e-08,0.5654011964797974,0.5740866661071777,0.5855156183242798,0.567434549331665,0.04617154970765114,0.07776670157909393,0.08274778723716736,0.05073166638612747,0.013063957914710045,0.006369465030729771,0.47302448749542236,0.24839507043361664,0.0015458681154996157,0.00012491157394833863,0.0001560917153256014,0.004233639221638441,0.002710732165724039,1.0283079973305576e-05,0.0002637399884406477,0.0012347414158284664,0.00656263530254364,0.006828244309872389,0.007229272276163101,0.002107730135321617,0.0005999734275974333,0.0032340518664568663,0.0028888038359582424,0.01057412102818489,0.0978023037314415,0.02056683972477913,0.0006053234683349729,0.010565170086920261,0.0007826448418200016,0.04376519098877907,0.0957905575633049,0.0007196167134679854,0.001380008994601667,0.0011722997296601534,0.0073723094537854195,0.002736754482612014,0.005211160983890295,4.325345798861235e-06,5.454933216242353e-07,1.0,780.0
4.595917289407225e-06,0.004014209378510714,0.0010168347507715225,0.36565473675727844,0.36384472250938416,0.42375409603118896,9.345216676592827e-05,2.1472999378602253e-06,6.611475669160427e-07,0.016738517209887505,0.005216594319790602,0.011153314262628555,0.009491529315710068,0.017012104392051697,0.17639455199241638,0.1650475561618805,0.013766764663159847,0.5263581275939941,0.5406986474990845,0.21092815697193146,0.06236761063337326,0.04313287511467934,0.059724073857069016,0.0002477300295140594,0.0005365499528124928,0.021058339625597,0.00014264059427659959,0.009690916165709496,0.002468313090503216,0.0006572658894583583,0.33635979890823364,0.32156679034233093,0.003360316390171647,0.0025061750784516335,0.001471673953346908,0.004665129352360964,0.01522448193281889,0.005331955850124359,0.20743446052074432,9.428911289433017e-05,0.037896957248449326,0.0030265874229371548,0.010870087891817093,0.008337322622537613,0.0005382586969062686,0.0002335988829145208,0.040626902133226395,0.010243854485452175,5.087745375931263e-05,2.202071300416719e-05,3.0009334750502603e-06,1.4909071524016326e-06,2.0,781.0
4.1058999045162636e-07,0.0009151231497526169,0.0006325181457214057,0.45366033911705017,0.48952212929725647,0.25315460562705994,6.7699670580623206e-06,1.7327877799289126e-07,6.247978490137029e-07,0.016121840104460716,0.005759378429502249,0.3327239751815796,0.32764139771461487,0.04920950159430504,0.21075256168842316,0.13124309480190277,0.00977938249707222,0.017985839396715164,0.01870046742260456,0.03302130475640297,0.024257445707917213,0.04095282778143883,0.08712178468704224,1.7595220924704336e-05,0.00390562298707664,0.01987302489578724,7.82548522693105e-05,0.002290834207087755,0.0032186084426939487,0.0009183764923363924,0.0003315001376904547,0.0005443969275802374,0.0007258339901454747,0.004225525539368391,0.000379617209546268,0.0004157094517722726,0.01804155483841896,0.009606774896383286,0.15756870806217194,0.000782641873229295,0.10527874529361725,0.0663072019815445,0.05115019157528877,0.008489676751196384,5.629253791994415e-06,3.020566964551108e-06,0.00013920519268140197,0.00034824220347218215,3.25459914165549e-05,3.152430144837126e-05,1.89611409950885e-06,1.7551707287566387e-07,1.0,782.0
1.4633623095505754e-06,0.0356840156018734,0.021311715245246887,0.03378049284219742,0.08324097096920013,0.15378151834011078,1.029574832500657e-05,8.532928745808022e-07,1.7868752877348015e-07,0.17485050857067108,0.10621413588523865,0.09181210398674011,0.09544745832681656,0.015467124991118908,0.2272765040397644,0.21557074785232544,0.01728639006614685,0.09632773697376251,0.11970014125108719,0.5408722162246704,0.4741643965244293,0.002330409362912178,0.0050316122360527515,2.512916034902446e-05,4.454255395103246e-05,0.008686916902661324,0.006832967512309551,0.0015018093399703503,0.000768864993005991,0.0009516720310784876,0.0013492171419784427,0.0016519284108653665,0.0007362990872934461,2.698867319850251e-05,0.0004646010638680309,0.0009069808875210583,0.020789150148630142,0.005200632847845554,0.1601591855287552,0.03979647904634476,0.022176841273903847,0.007298098877072334,0.04046633094549179,0.022754209116101265,2.7959193175775e-05,2.0853691239608452e-05,0.00032314923009835184,0.0016358356224372983,4.951232403982431e-05,4.086129047209397e-05,3.443707328187884e-06,6.282496087806066e-07,2.0,783.0
1.0054352514998754e-06,0.7531691789627075,0.71766597032547,2.7860767659149133e-05,0.0005032094195485115,0.0011690736282616854,0.00048065747250802815,3.3327134474347986e-07,3.247402844408498e-07,0.23964273929595947,0.2077995091676712,0.25865253806114197,0.2642975449562073,0.06595570594072342,0.07096444815397263,0.07330336421728134,0.0762665793299675,0.04623305797576904,0.050922099500894547,0.6143627166748047,0.6020097732543945,0.00209408369846642,0.0026365399826318026,0.001685597817413509,0.0011177697451785207,0.13837864995002747,0.0011466662399470806,0.0033026745077222586,0.0029739877209067345,0.004538604058325291,0.00025489143445156515,0.00018540793098509312,0.008658253587782383,0.0011845630360767245,0.1214367002248764,0.16943824291229248,0.010207653045654297,0.019758081063628197,0.0025095983874052763,5.023374978918582e-05,0.003390279598534107,0.038324497640132904,0.00012601184425875545,0.00550956092774868,0.5033333897590637,0.5397327542304993,0.01679052598774433,0.017266791313886642,0.006361468695104122,0.011133451946079731,2.2959534362598788e-07,1.7159790104415151e-06,1.0,784.0
9.819814295042306e-07,1.712431912892498e-05,6.248976660572225e-06,0.949615478515625,0.9656694531440735,0.9579157829284668,4.0050097595667467e-05,2.2082565465098014e-06,9.093266157833568e-07,0.056616466492414474,0.029578354209661484,0.5950682163238525,0.6098423004150391,0.06393864005804062,0.08816896378993988,0.071992889046669,0.047938425093889236,0.0077677397057414055,0.006412142422050238,0.08027561008930206,0.0767073780298233,0.02383170835673809,0.04133620485663414,0.00048226831131614745,0.0005062835407443345,0.0007593160262331367,3.0840554245514795e-05,3.036920679733157e-05,0.0050071170553565025,0.004013750236481428,0.010136079974472523,0.01902160421013832,0.014391348697245121,0.0053303600288927555,0.011734947562217712,0.012234693393111229,0.023441871628165245,0.08279061317443848,0.018054163083434105,0.00011595040996326134,0.004361574538052082,0.0005708825774490833,0.04070843756198883,0.2269480973482132,0.03550390899181366,0.0583856999874115,0.002729538595303893,0.03433728218078613,0.4152478575706482,0.47307127714157104,1.3025077350903302e-05,1.5892188685029396e-06,1.0,785.0
4.249115590937436e-06,0.43358394503593445,0.33881205320358276,0.0004958228091709316,0.003542952938005328,0.0057621970772743225,6.022801244398579e-05,5.673878149536904e-07,3.6431217154131446e-07,0.0998772531747818,0.09564667195081711,0.029314571991562843,0.044978633522987366,0.034356068819761276,0.063139908015728,0.08846412599086761,0.0549980029463768,0.23153455555438995,0.20902682840824127,0.6335697174072266,0.14814893901348114,0.006328735966235399,0.0022749502677470446,0.00015082591562531888,0.0017865441041067243,0.04389692470431328,0.000134029658511281,0.002422089921310544,0.001587272621691227,0.0007439553155563772,0.004967743065208197,0.007243471220135689,0.005286735482513905,0.0009457817650400102,0.00738403620198369,0.010104967281222343,0.014639643020927906,0.027573324739933014,0.0279266107827425,0.00033872135099954903,0.01682046614587307,0.004139332100749016,0.018813129514455795,0.09289483726024628,0.0002787536650430411,0.00036105012986809015,0.0006576392916031182,0.008987500332295895,0.001297727576456964,0.0017103429418057203,1.7429600802643108e-06,1.9324074855830986e-06,1.0,786.0
3.7224658626655582e-06,0.001168294926173985,0.00047749647637829185,0.4597339928150177,0.5893661379814148,0.49728935956954956,5.4880481911823153e-05,2.6802638330991613e-06,1.0374083103670273e-06,0.04111086204648018,0.04177042841911316,0.08950592577457428,0.11053796857595444,0.02161886915564537,0.10458888113498688,0.11857401579618454,0.04221939668059349,0.07366907596588135,0.07406944781541824,0.14175236225128174,0.059079743921756744,0.018844394013285637,0.012346282601356506,7.111311424523592e-05,0.01093257125467062,0.1787654161453247,0.0004384536878205836,0.0011594407260417938,0.0043835765682160854,0.0004166568396613002,0.002179529285058379,0.004612657707184553,0.02962208166718483,0.003311839886009693,0.01744147762656212,0.028433509171009064,0.005004730075597763,0.0028633049223572016,0.3998044431209564,0.0004977469798177481,0.05676981434226036,0.01662701927125454,0.07275192439556122,0.42537999153137207,6.558956556546036e-06,3.6011006159242243e-06,0.00010255233064526692,0.0017077404772862792,0.026042593643069267,0.027332527562975883,1.2667142982536461e-05,3.4947734093293548e-06,1.0,787.0
3.526259888531058e-07,0.005980648100376129,0.0005144652095623314,0.013592802919447422,0.5036913156509399,0.6288431882858276,9.266459528589621e-06,1.638014310856306e-07,1.519854464504533e-07,0.04274715110659599,0.01771841198205948,0.1295590102672577,0.14724479615688324,0.02350218966603279,0.1786719560623169,0.18856477737426758,0.014956981875002384,0.05780864134430885,0.06012837588787079,0.2113335132598877,0.0904817059636116,0.014490744099020958,0.03215361759066582,1.8586455553304404e-05,0.0071402364410459995,0.008943540044128895,4.746239574160427e-05,0.0016071498394012451,0.00264557427726686,0.012259121052920818,4.528203862719238e-05,2.6052359316963702e-05,0.0044037820771336555,0.006360860541462898,0.0005275990697555244,0.0003377782995812595,0.004795736167579889,0.007060796022415161,0.7470781207084656,0.0013292847434058785,0.05728282779455185,0.02384163625538349,0.03810083493590355,0.017594801262021065,4.746494141727453e-06,2.708280590013601e-06,0.00014528026804327965,1.5061388694448397e-05,1.9968589185737073e-05,3.820021447609179e-05,1.1414506388973678e-06,8.23951751272034e-08,1.0,788.0
7.780266969348304e-06,0.11561799794435501,0.08332175761461258,0.07648774236440659,0.019496584311127663,0.02667107805609703,0.0009478944703005254,3.637064082795405e-06,3.3153046388179064e-06,0.5043386816978455,0.48700058460235596,0.5283114910125732,0.5423937439918518,0.10311448574066162,0.06391549855470657,0.05997946858406067,0.09882106631994247,0.022838711738586426,0.014272283762693405,0.6928905248641968,0.484360933303833,0.0021738847717642784,0.0008861294481903315,0.0038954406045377254,0.0002749622508417815,0.020998859778046608,0.00032848346745595336,0.001264407648704946,0.004049146082252264,0.006999207194894552,0.005148799158632755,0.003589825937524438,0.005461488384753466,0.0012179932091385126,0.14603403210639954,0.29882457852363586,0.1422928422689438,0.14793141186237335,0.0012144193751737475,0.00022902819910086691,0.011860278435051441,0.0362667515873909,0.005767849273979664,0.008285942487418652,0.9144208431243896,0.9313320517539978,0.3637779951095581,0.3201075792312622,0.8061219453811646,0.854411780834198,1.7254969861824065e-06,5.471566964843078e-06,0.0,789.0
2.554204002080951e-06,0.08108024299144745,0.13496631383895874,0.046383071690797806,0.030535243451595306,0.01097229402512312,0.0002399171207798645,5.52909625639586e-07,1.982917723353239e-07,0.022215887904167175,0.011470690369606018,0.003916681744158268,0.0032006404362618923,0.0019122580997645855,0.5754907131195068,0.555801272392273,0.009653840214014053,0.6620527505874634,0.6594496965408325,0.09542333334684372,0.05076795443892479,0.04915713518857956,0.018699603155255318,0.0012582619674503803,0.23498700559139252,0.38986945152282715,2.8691816623904742e-05,0.004773941822350025,0.0005206690984778106,0.01573064923286438,0.051359500735998154,0.05299780145287514,0.018209999427199364,0.004363189917057753,0.0702405795454979,0.038122545927762985,0.0025640521198511124,0.12623891234397888,0.00815590936690569,5.56659460926312e-06,0.0035386676900088787,0.0022989045828580856,0.0024733562022447586,0.016565188765525818,0.0024462509900331497,0.009452138096094131,0.006756841670721769,0.09890370815992355,0.0008982988074421883,0.0023376699537038803,1.2464819292290485e-06,3.8919497455935925e-06,1.0,790.0
3.364932126714848e-06,0.649512529373169,0.7270665764808655,0.0015163501957431436,0.0009024518076330423,0.0006471488159149885,0.001192665658891201,9.831920806391281e-07,1.2302423328947043e-06,0.04133283719420433,0.0675441324710846,0.01812015101313591,0.024338029325008392,0.03350110724568367,0.10821637511253357,0.11282221972942352,0.052518635988235474,0.33320745825767517,0.3492245078086853,0.4959430992603302,0.5511070489883423,0.01509047020226717,0.01064675860106945,0.0008956066449172795,0.06242529675364494,0.7436025142669678,0.0003287679282948375,0.0031519769690930843,0.005731921177357435,0.011466948315501213,0.005372937768697739,0.003739783074706793,0.004922183696180582,0.0009052735404111445,0.20147894322872162,0.15252451598644257,0.00991048850119114,0.02005615644156933,0.0028260000981390476,9.049700747709721e-05,0.0020163983572274446,0.012781508266925812,0.0009236860787495971,0.005559056997299194,0.6761300563812256,0.7222391366958618,0.024713467806577682,0.0229992363601923,0.005907004699110985,0.007530398201197386,9.104346645472106e-07,5.910256277275039e-06,1.0,791.0
2.5153792648779927e-06,0.24027147889137268,0.22748759388923645,0.0011543394066393375,0.01603521779179573,0.03223799541592598,3.442295201239176e-05,1.0812213986355346e-06,4.239698228047928e-07,0.6718605160713196,0.5960173010826111,0.671928882598877,0.6920607686042786,0.024689631536602974,0.13851642608642578,0.1424691528081894,0.03626673296093941,0.006775831803679466,0.005208258982747793,0.6271049976348877,0.33323898911476135,0.0006448904750868678,0.00023293834237847477,0.00015377193631138653,0.0012962021864950657,0.04944368451833725,0.0012841265415772796,0.0013148104771971703,0.0031948827672749758,0.030589735135436058,0.0006084704655222595,0.0010700582060962915,0.018736841157078743,2.1578436644631438e-05,0.017928296700119972,0.020597539842128754,0.0020245586056262255,0.015671472996473312,0.1893705576658249,0.06373599916696548,0.11167488247156143,0.020241718739271164,0.032685358077287674,0.09609033912420273,1.6676369341439568e-05,4.620981417247094e-05,1.2400918421917595e-05,0.0035043908283114433,0.0011549202026799321,0.002433936344459653,1.9949197849200573e-06,1.7587053662282415e-06,1.0,792.0
5.069828716841585e-07,3.4278386920050252e-06,1.462777731831011e-06,0.991172194480896,0.9851709008216858,0.9769552946090698,4.25431971962098e-05,2.611679519759491e-06,2.097737706208136e-06,0.01500654872506857,0.0015599509933963418,0.5347883701324463,0.5321145057678223,0.0936477780342102,0.06702420115470886,0.042705293744802475,0.08001215755939484,0.008580928668379784,0.008600449189543724,0.023639235645532608,0.010395052842795849,0.0638609230518341,0.3410350978374481,5.120317291584797e-05,0.022852011024951935,0.30692043900489807,0.0020682672038674355,0.007098827511072159,0.002896092599257827,0.00385466986335814,0.0006109256064519286,0.0009957074653357267,0.00424784142524004,0.0033400545362383127,0.009415208362042904,0.009343947283923626,0.0012283711694180965,0.0037321955896914005,0.6704838275909424,0.0013058107579126954,0.30147790908813477,0.13994570076465607,0.060071032494306564,0.015421388670802116,4.425771749083651e-07,2.5355930688419903e-07,2.05291980819311e-05,0.00013077803305350244,0.00011702441406669095,0.00010437443415867165,3.1028348530526273e-06,3.754535384814517e-07,1.0,793.0
4.5292927097762e-06,0.6249347925186157,0.5366289019584656,2.5425102649023756e-05,0.010249719955027103,0.01752082258462906,0.00010226404992863536,2.395925946530042e-07,1.5283529819498654e-06,0.04893341660499573,0.02551254630088806,0.1239575445652008,0.12203226238489151,0.00023350759875029325,0.7059177160263062,0.8156239986419678,0.003986614756286144,0.058166682720184326,0.05661599338054657,0.43660590052604675,0.20160454511642456,0.019008425995707512,0.01708569936454296,0.00020607025362551212,0.0013318965211510658,0.0014068795135244727,1.8909615391748957e-05,6.199194467626512e-05,0.07761313766241074,0.026575924828648567,0.029669953510165215,0.01810995675623417,1.9236651496612467e-05,0.001648485311307013,0.000558522529900074,0.001068759709596634,0.42986491322517395,0.08361123502254486,0.00033175968565046787,0.00017109223699662834,0.06488820165395737,0.004632542375475168,0.2060796469449997,0.041611939668655396,0.022289985790848732,0.006120121106505394,0.0553739070892334,0.0036027557216584682,0.0006261264788918197,0.00040870803059078753,1.7534066500957124e-06,2.271565563205513e-06,2.0,794.0
2.4560868041589856e-06,0.2362990379333496,0.20236751437187195,0.012741689570248127,0.004937383811920881,0.0053199040703475475,0.0011238630395382643,2.68293592853297e-06,6.461396537815745e-07,0.3391379714012146,0.28308048844337463,0.4140905439853668,0.3910238742828369,0.07845691591501236,0.04355818033218384,0.057155802845954895,0.10566996783018112,0.033461105078458786,0.02328900620341301,0.50232994556427,0.36875754594802856,0.003153800731524825,0.0017688869265839458,0.0035870096180588007,0.0009087689104489982,0.07309097051620483,0.0012740157544612885,0.00024320805096067488,0.02862812764942646,0.06063602864742279,0.0009766275761649013,0.0011431097518652678,0.06997573375701904,0.000191720828297548,0.6911582946777344,0.8453456163406372,0.01923702470958233,0.047667767852544785,0.04482599347829819,0.001569882151670754,0.004406898282468319,0.002515718573704362,0.0036149397492408752,0.05518592894077301,0.5899785757064819,0.6942458152770996,0.0034312063362449408,0.017654895782470703,0.7364229559898376,0.8543012738227844,3.9689239201834425e-06,7.968385034473613e-06,0.0,795.0
8.630672141407558e-07,0.005567519459873438,0.19613833725452423,0.03274230286478996,0.18424755334854126,0.02086516097187996,4.624737812264357e-06,5.264196261123288e-07,1.3319785239218618e-06,0.09919711947441101,0.2768075466156006,0.03076064959168434,0.6524161100387573,0.020364204421639442,0.05513539910316467,0.4054538309574127,0.2884634733200073,0.3113586902618408,0.008805899880826473,0.4615664482116699,0.09474731981754303,0.007793637923896313,0.003662791335955262,8.398178761126474e-05,2.903981794588617e-06,0.0002088982000714168,0.0683833435177803,6.444265636673663e-06,0.050644006580114365,0.0072344765067100525,6.292549369391054e-05,0.0002628530783113092,0.04619486629962921,3.383939838386141e-05,0.0006751486216671765,0.0020345624070614576,0.04992733150720596,0.022893372923135757,0.6536792516708374,0.1303234100341797,0.008211425505578518,0.005394160747528076,0.0657634362578392,0.02674875222146511,0.00017929551540873945,0.0003559026517905295,8.50194464874221e-06,0.0494554378092289,0.0004987019929103553,0.00026650988729670644,7.028629624983296e-05,1.53975395278394e-06,2.0,796.0
1.1219583484489704e-06,0.0033654652070254087,0.0010277010733261704,0.4380112290382385,0.13915739953517914,0.4654940962791443,1.495996730227489e-05,3.835486495518126e-06,4.2377740783194895e-07,0.13264873623847961,0.07746735215187073,0.04228222370147705,0.030054112896323204,0.13302268087863922,0.091115303337574,0.049285657703876495,0.09727584570646286,0.2590958774089813,0.29554322361946106,0.38360774517059326,0.4140135645866394,0.003435531398281455,0.01356049720197916,0.00010849806130863726,0.00010992486932082102,0.004823750350624323,0.00377106131054461,0.0004530299920588732,0.0008066826267167926,0.00034500460606068373,0.0773523822426796,0.05415669083595276,0.0017971291672438383,0.0016949354903772473,0.001222116407006979,0.002609100192785263,0.02067073993384838,0.0031689254101365805,0.21602016687393188,0.00013791357923764735,0.036478862166404724,0.002488005207851529,0.020195990800857544,0.014306287281215191,6.26944747637026e-05,1.9084822270087898e-05,0.020685644820332527,0.00378605118021369,2.2616271962760948e-05,1.652111495786812e-05,5.961043370916741e-06,6.899181244079955e-07,1.0,797.0
3.882918463204987e-06,0.3456710875034332,0.22953632473945618,0.0035934331826865673,0.0025552145671099424,0.015536695718765259,2.2779764549341053e-05,2.7672388114297064e-06,3.6134786114416784e-06,0.19881010055541992,0.07495895028114319,0.3335984945297241,0.15160566568374634,0.03569643571972847,0.11112219840288162,0.3463646471500397,0.17523375153541565,0.025720782577991486,0.07734537124633789,0.29044318199157715,0.5602098703384399,0.004065304528921843,0.01695769652724266,0.0006331113399937749,1.2076030543539673e-05,0.00042383745312690735,0.006970775779336691,8.02354043116793e-06,0.028291117399930954,0.00895008910447359,0.009151062928140163,0.01582655869424343,0.0021970856469124556,0.027265293523669243,0.0020075305365025997,0.0039688656106591225,0.23447470366954803,0.19374778866767883,0.004482830874621868,8.04412684374256e-06,0.017893780022859573,0.004417035728693008,0.009723400697112083,0.01113858725875616,0.03915942460298538,0.027523385360836983,0.029161972925066948,0.3430609405040741,0.00011298285244265571,7.754357648082078e-05,7.4393078648427036e-06,2.963172619274701e-06,2.0,798.0
2.107067075485247e-06,0.15859630703926086,0.17239561676979065,0.028161710128188133,0.022507058456540108,0.027481667697429657,0.0002020219253608957,1.8909530581368017e-06,9.449199183109158e-07,0.011022388003766537,0.013741881586611271,0.010083617642521858,0.01299608126282692,0.001834036549553275,0.5598050355911255,0.5453169941902161,0.0057701305486261845,0.4238436818122864,0.4135965406894684,0.21306465566158295,0.10217629373073578,0.05807739123702049,0.03208361566066742,0.000376847485313192,0.0031885551288723946,0.0829375758767128,8.018911466933787e-05,0.001841660006903112,0.00026549515314400196,0.001327643753029406,0.0020525604486465454,0.0011776556493714452,0.03754355385899544,0.009114553220570087,0.013845822773873806,0.009597704745829105,0.0021816540975123644,0.005891700275242329,0.07461076974868774,5.663597403327003e-05,0.001163640059530735,0.0013121390948072076,0.0016997356433421373,0.05110210180282593,0.627934455871582,0.6338300704956055,0.3283795714378357,0.03874115273356438,0.05703761428594589,0.07940144091844559,1.5377362387880567e-06,1.7203032030010945e-06,0.0,799.0
3.4960598327415937e-07,0.00015066076593939215,6.241071241674945e-05,0.8115590214729309,0.6165146827697754,0.5638450384140015,1.0606227078824304e-05,5.926325457039638e-07,4.562121489470883e-07,0.12570129334926605,0.039571814239025116,0.7019160389900208,0.6947933435440063,0.20938727259635925,0.02925315499305725,0.018942875787615776,0.1987612247467041,0.0044303229078650475,0.0033541673328727484,0.05781129002571106,0.02909804880619049,0.006445588544011116,0.029809612780809402,0.00010190435568802059,0.0006706850836053491,0.0003408156044315547,6.760076757927891e-06,5.27456977579277e-05,0.0020041484385728836,0.0015385147416964173,0.021318521350622177,0.022542836144566536,0.0010510244173929095,0.006033073645085096,0.00032184040173888206,0.00022977186017669737,0.02539302594959736,0.02544269524514675,0.014708408154547215,0.00018352121696807444,0.0013123578391969204,0.00024136071442626417,0.0809907391667366,0.11374515295028687,0.027672002092003822,0.019641447812318802,0.029247479513287544,0.011446131393313408,0.03224240615963936,0.032432105392217636,8.653536497149616e-06,5.881608444724407e-07,1.0,800.0
2.202424639108358e-06,0.094957135617733,0.0060423510149121284,0.006470300257205963,0.0368209071457386,0.3134915232658386,2.7049638447351754e-05,1.9667002106871223e-06,3.385990225979185e-07,0.11175385862588882,0.06268759071826935,0.10401609539985657,0.1143430769443512,0.002163345692679286,0.5711241364479065,0.5508548021316528,0.007257035467773676,0.09737085551023483,0.07890833169221878,0.36849409341812134,0.30993232131004333,0.00476820720359683,0.009930908679962158,6.10924544162117e-05,0.0004284138267394155,0.12470075488090515,0.016669798642396927,0.0036687073297798634,0.0013453299179673195,0.001250987290404737,0.0004809125093743205,0.00048443584819324315,0.030574709177017212,0.0016506556421518326,0.003371767932549119,0.004417159594595432,0.0019113710150122643,0.0006354859215207398,0.9301214814186096,0.0018086563795804977,0.03882889822125435,0.02378826215863228,0.018023043870925903,0.06582994759082794,1.8418897980154725e-06,6.234752731870685e-07,0.00013893174764234573,0.0003151300479657948,0.0001980984234251082,0.00015955325216054916,2.7686562589224195e-06,6.438139621423034e-07,2.0,801.0
1.0589009207251365e-06,0.5656682252883911,0.6913615465164185,7.159343658713624e-05,0.00360700162127614,0.0012373009230941534,3.4432541724527255e-05,1.1578376302168181e-07,1.452993529937885e-07,0.2592545747756958,0.4690161347389221,0.11668399721384048,0.46257275342941284,0.08527211844921112,0.019843047484755516,0.07032737880945206,0.18879631161689758,0.16601456701755524,0.015082031488418579,0.7518998384475708,0.4926365315914154,0.003669082187116146,0.000240668814512901,0.00016453889838885516,0.004120290279388428,0.008059395477175713,1.1711273145920131e-05,0.0010782942408695817,0.0009504157351329923,0.009814130142331123,0.042166538536548615,0.04366098344326019,0.0002081028069369495,3.67868306057062e-05,0.002559899352490902,0.002146161627024412,0.04500435292720795,0.20875948667526245,0.001869853469543159,0.005182953085750341,0.042723651975393295,0.011409102007746696,0.025288356468081474,0.002777430694550276,0.0009072855464182794,0.0015689220745116472,0.0041036829352378845,0.03952783718705177,3.248227221774869e-05,8.130204514600337e-05,5.365647552935116e-07,1.2826601505366853e-06,2.0,802.0
1.0397121741334558e-06,0.029013074934482574,0.007909988053143024,0.04934030398726463,0.19319583475589752,0.2945249378681183,8.72710643307073e-06,8.288795925182058e-07,3.5006439702556236e-07,0.0392230860888958,0.018298808485269547,0.0655868873000145,0.07268888503313065,0.06873569637537003,0.053350288420915604,0.04150451719760895,0.0773194432258606,0.13459473848342896,0.12456844747066498,0.22583460807800293,0.12437941879034042,0.016178073361516,0.029884234070777893,2.0656119886552915e-05,0.0012262313393875957,0.01415974646806717,0.00025977171026170254,0.0016861724434420466,0.0002971250214613974,0.006440292578190565,0.0013379915617406368,0.0013793014222756028,0.002213508589193225,9.944930206984282e-05,0.0016968157142400742,0.0018224978120997548,0.0015586339868605137,0.009153295308351517,0.8686844110488892,0.05530952289700508,0.28098371624946594,0.05698855593800545,0.07364355772733688,0.0120674604550004,2.9972673587508325e-07,3.2788770454317273e-07,4.2218500311719254e-05,0.00022109804558567703,5.500326096807839e-06,1.3389447303779889e-05,2.08976280191564e-06,4.537419329153636e-07,2.0,803.0
1.990194050449645e-06,0.11822906136512756,0.03622377663850784,0.020373700186610222,0.018479324877262115,0.08548040688037872,0.0008231224492192268,5.737762421631487e-06,3.079134557992802e-06,0.14699774980545044,0.16334067285060883,0.05330262333154678,0.06200884282588959,0.0034211084712296724,0.6506222486495972,0.6458524465560913,0.0024506605695933104,0.22705475986003876,0.18702737987041473,0.5747565031051636,0.4959801733493805,0.0062379296869039536,0.006174437701702118,0.005458226427435875,0.0007179398671723902,0.03023063950240612,0.0009972507832571864,0.0002820111985784024,0.0026326270308345556,0.0010296341497451067,0.009437947534024715,0.00865947362035513,0.016445128247141838,0.0019163241377100348,0.4726942777633667,0.6722272634506226,0.019945630803704262,0.015462680719792843,0.004336071666330099,3.420348366489634e-05,0.0019987965933978558,0.008833763189613819,0.0007935524918138981,0.015057488344609737,0.864022970199585,0.75396329164505,0.459689736366272,0.3112044930458069,0.29590004682540894,0.18367619812488556,7.117863788153045e-06,8.39093900140142e-06,0.0,804.0
6.937356147318496e-07,5.965922809991753e-06,1.2387471315378207e-06,0.9681318402290344,0.9457740783691406,0.956352710723877,0.0006036633858457208,5.153468464413891e-06,1.3590980643130024e-06,0.3046445846557617,0.30909639596939087,0.7155264616012573,0.7679696679115295,0.14747780561447144,0.13494513928890228,0.039786119014024734,0.037224989384412766,0.00864655151963234,0.0032303633634001017,0.36321669816970825,0.22110746800899506,0.004850424360483885,0.0037273194175213575,0.002166186459362507,0.020711537450551987,0.3171028196811676,0.0003753704368136823,0.008428516797721386,0.002167053520679474,0.008321002125740051,0.18489865958690643,0.1267290711402893,0.0021892301738262177,0.0010365507332608104,0.1236497238278389,0.17269369959831238,0.024330921471118927,0.027889790013432503,0.002204342745244503,9.118289017351344e-05,0.016956724226474762,0.034252818673849106,0.0018310071900486946,0.004519770387560129,0.002406258136034012,0.0016182492254301906,0.11259502917528152,0.02725330926477909,0.003279051510617137,0.0031961873173713684,7.021808414719999e-06,3.2492439459019806e-06,1.0,805.0
6.227728590602055e-07,0.01148938573896885,0.016345737501978874,0.20558184385299683,0.13139167428016663,0.12798692286014557,0.0007348922081291676,1.8803054899763083e-06,4.893447112408467e-06,0.0651974156498909,0.05738941580057144,0.04729614406824112,0.06468380242586136,0.0010970189468935132,0.7667071223258972,0.7613415718078613,0.002340475330129266,0.2032800316810608,0.15644237399101257,0.526708722114563,0.1296863555908203,0.013892028480768204,0.011140340939164162,0.0038122679106891155,0.00037943015922792256,0.06480690091848373,0.004184255376458168,0.0005331711727194488,0.006252211518585682,0.001043553464114666,0.008367758244276047,0.007440406363457441,0.00536977918818593,0.0308770090341568,0.5202697515487671,0.5497795343399048,0.008997890166938305,0.006964368745684624,0.0032497404608875513,8.603389005656936e-07,0.0055746156722307205,0.012201298028230667,0.00036445059231482446,0.006493555381894112,0.2736104428768158,0.11406055837869644,0.7573022246360779,0.27154895663261414,0.02121727727353573,0.01145959086716175,6.715784365951549e-06,3.1427409794559935e-06,0.0,806.0
1.1433756299084052e-05,0.00520175090059638,0.00880881492048502,0.08102121204137802,0.3313632011413574,0.16347715258598328,4.182226984994486e-05,1.8217458546132548e-06,1.897691618069075e-06,0.020045939832925797,0.019501296803355217,0.04472270980477333,0.04099660366773605,0.23316767811775208,0.013873141258955002,0.01859518513083458,0.23782660067081451,0.17097000777721405,0.18017351627349854,0.09289619326591492,0.0944504514336586,0.021720698103308678,0.025667985901236534,2.2739306587027386e-05,0.0002853228070307523,0.011109810322523117,4.410840119817294e-05,0.0007159034721553326,0.00915929488837719,0.012522859498858452,0.07176779210567474,0.11544492840766907,8.114673983072862e-05,0.00011810127034550533,0.00047018309123814106,0.0005234385607764125,0.09068909287452698,0.13451819121837616,0.0007136906497180462,0.00768770556896925,0.17935827374458313,0.019250741228461266,0.5919798612594604,0.23703795671463013,0.0018947618082165718,0.002794574713334441,0.003989228513091803,0.07124049961566925,0.00762688834220171,0.010917906649410725,1.97561212189612e-06,3.603244294936303e-06,1.0,807.0
2.7970529572485248e-06,0.0660678967833519,0.13443590700626373,0.027452820912003517,0.0578506663441658,0.01893390342593193,0.0020786209497600794,3.774507149501005e-06,1.5103037185326684e-06,0.35546907782554626,0.4555496871471405,0.25087475776672363,0.27800607681274414,0.07583878934383392,0.08854622393846512,0.08439607173204422,0.08663994073867798,0.08519014716148376,0.06866907328367233,0.6063286066055298,0.6466663479804993,0.004312403965741396,0.0010886025847867131,0.004088178277015686,0.005391035228967667,0.40719839930534363,0.001965519040822983,0.0008147807675413787,0.013618419878184795,0.024913949891924858,0.0026367956306785345,0.0027702038642019033,0.06383847445249557,0.00022040515614207834,0.5753001570701599,0.7512452602386475,0.011085482314229012,0.028674311935901642,0.007102246396243572,0.0006639817147515714,0.0004919409984722733,0.0036672488786280155,0.000577107653953135,0.012493063695728779,0.9428843259811401,0.9682979583740234,0.08423690497875214,0.2589142918586731,0.45000189542770386,0.5832046866416931,4.304470166971441e-06,1.2711057024716865e-05,0.0,808.0
1.8054086012853077e-06,0.13189731538295746,0.27289995551109314,0.012503120116889477,0.01892598159611225,0.007821489125490189,1.3132191270415206e-05,1.2259727100172313e-07,1.027365897243726e-06,0.16523823142051697,0.1596727967262268,0.18811571598052979,0.23223912715911865,0.019417261704802513,0.14995408058166504,0.2101230025291443,0.04804225265979767,0.046084512025117874,0.041459452360868454,0.4406298100948334,0.20071430504322052,0.005457486025989056,0.004030176904052496,8.450951281702146e-05,0.0002616130223032087,0.0038185184821486473,0.0007175161154009402,0.0003500904713291675,0.29919296503067017,0.01330586988478899,1.4442362953559496e-05,3.8758193113608286e-05,0.0010193177731707692,0.001354508101940155,0.00046119175385683775,0.0015299158403649926,0.21907581388950348,0.018340812996029854,0.09799940884113312,0.0035969505552202463,0.04922758787870407,0.010903782211244106,0.021740371361374855,0.004021179862320423,0.00012672362208832055,5.127261101733893e-05,1.7034004486049525e-05,0.0013173267943784595,2.6073685148730874e-05,4.062931111548096e-06,4.131795321882237e-06,7.78073967921955e-07,1.0,809.0
4.5508147650252795e-07,0.0029210352804511786,0.0015429718187078834,0.0015468819765374064,0.5701363682746887,0.5907577276229858,7.148244549171068e-06,1.1610165984166088e-07,1.5355792015725456e-07,0.029324615374207497,0.020619958639144897,0.17457261681556702,0.17551805078983307,0.013255201280117035,0.2732040286064148,0.2702830731868744,0.01686880923807621,0.0706809014081955,0.06203239783644676,0.1471099555492401,0.0911259800195694,0.034215498715639114,0.04582151770591736,2.6367419195594266e-05,8.587928459746763e-05,5.7236862630816177e-05,1.650637568673119e-05,1.0266647223033942e-05,0.005122130271047354,0.0029961545951664448,0.0023588109761476517,0.002448783256113529,0.0010027135722339153,0.003252883907407522,0.0001019034898490645,6.245668191695586e-05,0.010201815515756607,0.007403108756989241,0.10390732437372208,0.0008040295797400177,0.0003621094219852239,5.015414353692904e-05,0.3326040804386139,0.37629222869873047,0.007699117995798588,0.0062950896099209785,0.006858338601887226,0.003098307875916362,0.11721949279308319,0.14313015341758728,8.694011739862617e-06,1.8998196082975483e-07,1.0,810.0
8.275234790744435e-07,0.0020999216940253973,0.0007889588014222682,0.2926388680934906,0.6325725317001343,0.575780987739563,2.0043762560817413e-05,5.5308157698164e-07,5.615133318315202e-07,0.014051894657313824,0.004137249663472176,0.09136968851089478,0.11176270991563797,0.027631564065814018,0.10570888966321945,0.11425688117742538,0.03976329043507576,0.11174751818180084,0.09215254336595535,0.11291476339101791,0.021296454593539238,0.04822263866662979,0.1286146491765976,2.8901655241497792e-05,0.0026521009858697653,0.26106902956962585,0.0015342363622039557,0.023120133206248283,0.003153683850541711,0.0012793800560757518,4.545016054180451e-05,7.351425301749259e-05,0.05069737508893013,0.002424566075205803,0.0017186823533847928,0.003361552255228162,0.0006819320842623711,0.0008655519923195243,0.9775487184524536,0.004019753076136112,0.04861392825841904,0.07143998146057129,0.0077903601340949535,0.011298158206045628,5.61501565243816e-07,4.47779598289344e-07,1.0812587788677774e-05,0.00011242294567637146,3.8884511013748124e-05,3.61507227353286e-05,1.7294324834438157e-06,3.21378394119165e-07,1.0,811.0
1.7818716742112883e-06,0.039588700979948044,0.025061989203095436,0.007616065908223391,0.06026110425591469,0.17987950146198273,0.00032425252720713615,6.135011517471867e-06,3.090508016612148e-06,0.13915856182575226,0.04539928212761879,0.2012626975774765,0.13257597386837006,0.2890469431877136,0.034498222172260284,0.021190933883190155,0.28177329897880554,0.07258973270654678,0.10655272006988525,0.2357436567544937,0.35563376545906067,0.004573974292725325,0.03765222430229187,0.0011560444254428148,0.00024980466696433723,0.1091565415263176,0.005461004097014666,0.0019831331446766853,0.01236255094408989,0.0020940506365150213,0.0002511475468054414,0.00030953597160987556,0.03595289960503578,0.0181261096149683,0.1247190460562706,0.18301954865455627,0.03103373385965824,0.01991870068013668,0.005021254997700453,1.0698661753849592e-05,0.0013737980043515563,0.008032998070120811,0.0004965149564668536,0.012439467944204807,0.9453839063644409,0.8956946134567261,0.15141820907592773,0.07964655011892319,0.22185365855693817,0.13301724195480347,1.950316118382034e-06,5.1944912229373585e-06,0.0,812.0
6.643311394327611e-07,0.002570864511653781,0.001622650190256536,0.49070900678634644,0.3849066495895386,0.252198725938797,1.135269212682033e-05,6.938057595107239e-07,1.243817848717299e-07,0.27566054463386536,0.273911714553833,0.0965328961610794,0.09864412993192673,0.0020476102363318205,0.6047488451004028,0.5911307334899902,0.004411582835018635,0.11077379435300827,0.10520762205123901,0.4259490668773651,0.342870831489563,0.002339881844818592,0.001950031379237771,3.990328332292847e-05,0.0016386299394071102,0.031711023300886154,0.0002911384799517691,0.011684600263834,0.0008584476890973747,0.003148357616737485,0.0002483295102138072,0.0001530763111077249,0.016199495643377304,0.0021026532631367445,0.00048801617231220007,0.0003908319922629744,0.002030754229053855,0.0024840980768203735,0.9368669986724854,0.003133141901344061,0.03754521906375885,0.00455576553940773,0.020108476281166077,0.009803260676562786,6.054672667232808e-06,4.041575721203117e-06,0.00034217583015561104,0.00010164920968236402,1.6995711121126078e-05,3.1639956432627514e-05,1.1328777418384561e-06,1.4643588031049148e-07,2.0,813.0
9.569596386427293e-07,0.004300583619624376,0.006983819417655468,0.17341522872447968,0.29406607151031494,0.2663542926311493,3.955238571506925e-05,5.523330628420808e-07,1.268087999051204e-06,0.08366352319717407,0.07141389697790146,0.10042083263397217,0.11807279288768768,0.0025425089988857508,0.567135751247406,0.5582356452941895,0.005297966301441193,0.06693777441978455,0.06559786945581436,0.3016362190246582,0.15206652879714966,0.008893430233001709,0.008469415828585625,0.0003453746612649411,0.00013369738007895648,0.0016382343601435423,0.0003833886585198343,6.343967834254727e-05,0.0061731478199362755,0.0013348186621442437,0.01213286817073822,0.009038493037223816,0.0006917933351360261,0.0037502506747841835,0.0028423962648957968,0.005313120316714048,0.12027020752429962,0.02444513514637947,0.005841455888003111,7.114737672964111e-05,0.008189583197236061,0.0012003456940874457,0.003399326466023922,0.011710860766470432,0.008748847991228104,0.0038946655113250017,0.047175828367471695,0.019965261220932007,0.0001874719891929999,0.00013039374607615173,1.4133382137515582e-05,1.2001253253401956e-06,2.0,814.0
5.996377581141132e-07,0.0003629734565038234,0.00559970922768116,0.2589375972747803,0.6816867589950562,0.09231923520565033,0.00035235530231148005,8.28626696147694e-07,5.648697083415755e-07,0.03792291134595871,0.07188266515731812,0.04160384088754654,0.06376181542873383,0.7632993459701538,0.001828304142691195,0.0028979326598346233,0.7623608112335205,0.22698381543159485,0.18157179653644562,0.43643173575401306,0.1721777468919754,0.04936816915869713,0.008390944451093674,0.005129933822900057,0.06316612660884857,0.007967570796608925,4.055769295518985e-06,0.00015246319526340812,0.0006678600911982358,0.011760706081986427,0.001363861607387662,0.0007018115720711648,0.024098485708236694,8.954723307397217e-05,0.3016039729118347,0.23815932869911194,0.009622503072023392,0.06477219611406326,0.005358058959245682,0.003832157701253891,0.0008490550681017339,0.011935620568692684,0.0010299519635736942,0.013959122821688652,0.5052390098571777,0.7791129350662231,0.025780024006962776,0.1151312068104744,0.13806091248989105,0.29363080859184265,4.532369075604947e-06,4.022184839413967e-06,0.0,815.0
8.840467558002274e-07,0.3687888979911804,0.40908342599868774,0.001980540342628956,0.015505722723901272,0.007937634363770485,1.715373946353793e-05,6.122166951172403e-07,2.1122103532889014e-07,0.1606656163930893,0.10503005981445312,0.03172746300697327,0.02355102263391018,0.4431222379207611,0.0012281102826818824,0.021327849477529526,0.707439661026001,0.2727515697479248,0.32985252141952515,0.4106106758117676,0.5616269111633301,0.005359192378818989,0.005474498029798269,5.49544784007594e-05,0.0065766735933721066,0.017697321251034737,3.236724660382606e-05,0.0029869626741856337,0.00024522331659682095,0.03032810613512993,0.08309993147850037,0.0625593364238739,0.0001125134585890919,3.1689423849456944e-06,0.004730716347694397,0.0011175787076354027,0.010499633848667145,0.27972355484962463,0.012894955463707447,0.09289927780628204,0.19529594480991364,0.11202709376811981,0.03150169923901558,0.0002360266662435606,1.3710886378248688e-05,2.8207781724631786e-05,0.006026757415384054,0.016639312729239464,6.127102665232087e-07,3.366604460097733e-06,3.110711475073913e-07,1.1828281003545271e-06,1.0,816.0
3.4769316243909998e-06,0.005023809149861336,0.01240503042936325,0.17160983383655548,0.2025497853755951,0.06951070576906204,0.0010350015945732594,3.999819000455318e-06,9.023017923937005e-07,0.48877573013305664,0.4542526304721832,0.42942243814468384,0.4040212333202362,0.20254245400428772,0.03040151856839657,0.026593198999762535,0.2028358280658722,0.039673663675785065,0.02845652960240841,0.7816976308822632,0.7404999732971191,0.003411893267184496,0.0004513880703598261,0.003908525221049786,0.020415835082530975,0.12782514095306396,3.5085900890408084e-05,0.004078235011547804,0.0007761421147733927,0.004536596592515707,0.010427068918943405,0.007797200232744217,0.006981960963457823,8.332066499860957e-05,0.22469159960746765,0.3264334797859192,0.010933139361441135,0.026601746678352356,0.003552664304152131,0.0012163068167865276,0.012171868234872818,0.012109708972275257,0.003680354915559292,0.004928905516862869,0.46462762355804443,0.5971435308456421,0.05296492576599121,0.284166544675827,0.36290302872657776,0.493071049451828,1.2780154747815686e-06,6.674480118817883e-06,0.0,817.0
2.362671466471511e-06,0.007866368629038334,0.004579614382237196,0.06630650907754898,0.1948748230934143,0.2891941964626312,1.9918210455216467e-05,3.7200882161414484e-06,2.1049220322311157e-06,0.14907017350196838,0.028021516278386116,0.018154868856072426,0.007267183158546686,0.20398449897766113,0.031064512208104134,0.01799931935966015,0.2099035531282425,0.5296798348426819,0.5478951334953308,0.3849247097969055,0.2536146640777588,0.0030333977192640305,0.03695954009890556,9.579626930644736e-05,0.008398478850722313,0.02502864971756935,0.00047810966498218477,0.0024036315735429525,0.014499898999929428,0.0001801126782083884,0.002073767362162471,0.0017748515820130706,0.012229184620082378,0.003822809085249901,0.0022018335293978453,0.008648272603750229,0.04117685928940773,0.0007978319190442562,0.7178217172622681,0.0003134864382445812,0.08978264033794403,0.0057940552942454815,0.02078920230269432,0.0340845100581646,3.880712029058486e-05,4.100239948456874e-06,0.0023967877496033907,0.00021436341921798885,3.6441924748942256e-05,9.699269867269322e-06,4.020731012133183e-06,9.696186680230312e-07,1.0,818.0
4.7425302796000324e-07,0.0007476165192201734,0.00034804819733835757,0.65483558177948,0.3441465198993683,0.2451973706483841,4.187722515780479e-05,2.4685979838068306e-07,7.911487500678049e-07,0.01419251412153244,0.012030753307044506,0.28748801350593567,0.2885981798171997,0.09303487837314606,0.07807506620883942,0.04562767222523689,0.05229463055729866,0.03327057883143425,0.02491609938442707,0.06793549656867981,0.03154348209500313,0.07999361306428909,0.06922410428524017,0.0001463722437620163,0.0025721611455082893,0.006336176302284002,7.893952715676278e-05,8.955995872383937e-05,0.005882622208446264,0.006972558330744505,0.0004506724653765559,0.0005830508307553828,0.0006454231915995479,0.0013465642696246505,0.017632268369197845,0.017347434535622597,0.14558355510234833,0.17396345734596252,0.0033493805676698685,0.0011129638878628612,0.07196421921253204,0.08160501718521118,0.023492734879255295,0.019309377297759056,0.00020135885279159993,0.00015356900985352695,0.0004404546634759754,0.0006065113702788949,0.00039821647806093097,0.0007117867935448885,5.0692087825154886e-06,5.846889621352602e-07,1.0,819.0
2.189311089750845e-06,0.008287642151117325,0.010840822011232376,0.010327394120395184,0.3251572251319885,0.13570427894592285,8.260512004198972e-06,7.80456502980087e-07,3.168642308537528e-07,0.09715953469276428,0.1048520877957344,0.014652649872004986,0.015835139900445938,0.30462226271629333,0.007073144894093275,0.013577102683484554,0.2867586016654968,0.43006300926208496,0.4381383955478668,0.5055004358291626,0.4460790157318115,0.008273948915302753,0.004243012517690659,2.0607694750651717e-05,0.005739904940128326,0.0073553528636693954,1.7886828572954983e-05,0.0011048490414395928,0.0014982911525294185,0.00040683633415028453,0.038285572081804276,0.0709598958492279,0.0008377478225156665,0.0009761810069903731,0.0005964180454611778,0.0005594782996922731,0.007856713607907295,0.01841307431459427,0.1906629502773285,0.0005183587782084942,0.13874255120754242,0.0188911035656929,0.2012334018945694,0.019436126574873924,4.18809759139549e-06,3.2325106076314114e-06,0.00036750268191099167,0.00686267577111721,2.161612792406231e-05,2.880149804695975e-05,2.024674131462234e-06,1.2170150966994697e-06,2.0,820.0
3.4094798593287123e-06,0.057872846722602844,0.04483271390199661,0.008856086060404778,0.04510963708162308,0.06261859089136124,0.0001700530992820859,1.2041666650475236e-06,1.1563571433725883e-06,0.3809855878353119,0.32849639654159546,0.5034182667732239,0.5016356706619263,0.16275569796562195,0.0461835116147995,0.030492324382066727,0.13878822326660156,0.014810685068368912,0.015399336814880371,0.25491610169410706,0.44340598583221436,0.002373240189626813,0.0013157750945538282,0.0016708733746781945,0.0014483119593933225,0.002232126658782363,1.9100554709439166e-05,0.00012082406465196982,0.007185629103332758,0.0022986694239079952,0.0009213946177624166,0.0011072418419644237,0.00954636000096798,0.004830982536077499,0.01357779186218977,0.034701958298683167,0.07575466483831406,0.05024074390530586,0.007340497802942991,7.485129754059017e-05,0.0016273126238957047,0.007187142968177795,0.005844353698194027,0.020345542579889297,0.8532909154891968,0.7585185766220093,0.03519536182284355,0.15851248800754547,0.38388508558273315,0.29878896474838257,4.7023900151543785e-06,4.0014710975810885e-06,0.0,821.0
7.953863701004593e-08,0.07438623905181885,0.0324762687087059,0.04970068857073784,0.04049212113022804,0.032673560082912445,6.988689710851759e-05,3.828101213798618e-08,9.401642131479093e-08,0.25532686710357666,0.06153740733861923,0.03605889901518822,0.03175771236419678,0.11031479388475418,0.10102690756320953,0.07642695307731628,0.0800623968243599,0.3215728998184204,0.26381155848503113,0.3721913695335388,0.1541089564561844,0.007664155680686235,0.007623154670000076,0.0003034078690689057,0.6890383362770081,0.4885495901107788,0.00023578148102387786,0.0010922185610979795,0.006427100393921137,0.009048322215676308,0.00021239201305434108,0.00028848674264736474,0.006230541504919529,0.029899753630161285,0.5294928550720215,0.3345714509487152,6.505595229100436e-05,0.0026136385276913643,0.4573940634727478,3.947188815800473e-06,0.01831226609647274,0.08319065719842911,0.0025474245194345713,0.001210843794979155,1.8264307755089249e-07,3.643729655777861e-07,5.574393526330823e-06,6.522945477627218e-05,0.000145044265082106,0.0003511453978717327,2.3576048988616094e-06,2.575498285750655e-07,1.0,822.0
2.1630271476169582e-06,0.0002788589335978031,0.00021149356325622648,0.609865665435791,0.5575090646743774,0.46372196078300476,2.1883735826122575e-05,1.6042943116190145e-06,2.257683036077651e-06,0.06531289964914322,0.07150427997112274,0.2639746367931366,0.2658942639827728,0.002951051341369748,0.6675741672515869,0.6701816320419312,0.0015117906732484698,0.036007896065711975,0.029396669939160347,0.11844423413276672,0.08439484983682632,0.013314381241798401,0.014126351103186607,0.0001312933163717389,0.0005965513410046697,0.0023656028788536787,5.7897428632713854e-05,0.0003199894563294947,0.014698903076350689,0.0014596338151022792,0.019423630088567734,0.036700546741485596,0.0006848187185823917,0.002724951598793268,0.0004636657831724733,0.0008260824251919985,0.06329557299613953,0.02260618284344673,0.013859391212463379,0.00038691028021275997,0.02471664547920227,0.0008498288225382566,0.12534986436367035,0.13635940849781036,0.003740312298759818,0.0025027927476912737,0.004766890313476324,0.04518432915210724,0.0023908447474241257,0.0013385695638135076,1.3548503375204746e-05,1.158751615548681e-06,2.0,823.0
5.2900622904417105e-06,0.07348228245973587,0.014516002498567104,0.029376856982707977,0.05434625968337059,0.32432493567466736,0.0006643134984187782,6.291312274697702e-06,7.14548605174059e-07,0.1640859693288803,0.010743096470832825,0.5022715330123901,0.1281699687242508,0.04818468168377876,0.02755376324057579,0.1151013895869255,0.16486188769340515,0.013125444762408733,0.12814484536647797,0.1707102656364441,0.25704774260520935,0.004575060214847326,0.08535964787006378,0.0006269386503845453,0.00032976019429042935,0.04986394941806793,0.00047484796959906816,0.0034367069602012634,0.0022756787948310375,0.0077935815788805485,0.00018692456069402397,0.00013218482490628958,0.00663649570196867,0.008636199869215488,0.05503477528691292,0.06650189310312271,0.05584670603275299,0.09031181782484055,0.004412555135786533,6.960170139791444e-05,0.011056487448513508,0.05585559457540512,0.004442715086042881,0.01683817058801651,0.8276802897453308,0.7798048257827759,0.04383457824587822,0.005873529706150293,0.4742134213447571,0.4725731909275055,5.349309049051953e-07,5.052490450907499e-06,0.0,824.0
4.728566182166105e-06,0.5647727847099304,0.19373780488967896,0.0014161727158352733,0.0007715997635386884,0.016369201242923737,0.0021184927318245173,3.7366039578046184e-06,1.700491225165024e-06,0.48032039403915405,0.300766259431839,0.3384098410606384,0.29965662956237793,0.5222441554069519,0.00934826023876667,0.00917832087725401,0.49719536304473877,0.053560636937618256,0.06214611604809761,0.7923152446746826,0.7327247858047485,0.001100194756872952,0.004449061583727598,0.002768236678093672,0.0093283262103796,0.3051934838294983,0.0009740382665768266,0.007400201167911291,0.04465878754854202,0.05021638795733452,0.0003300350799690932,0.00022439668828155845,0.0037011923268437386,0.015424241311848164,0.31299781799316406,0.44436711072921753,0.19425182044506073,0.2371894121170044,0.00029045811970718205,8.888714546628762e-06,0.010425119660794735,0.07145370543003082,0.0016763715539127588,0.0035720786545425653,0.9557349681854248,0.9270111918449402,0.09631816297769547,0.018676012754440308,0.05559483543038368,0.038944311439991,3.2927900406320987e-07,9.428905286767986e-06,0.0,825.0
3.5879681945516495e-06,0.014047338627278805,0.01357660535722971,0.031107529997825623,0.24566367268562317,0.1057519018650055,0.0017211540834978223,2.4666733224876225e-06,8.299965088554018e-07,0.194302499294281,0.27585822343826294,0.34865841269493103,0.31816402077674866,0.026231329888105392,0.1338411569595337,0.14351852238178253,0.03764903172850609,0.031816452741622925,0.02488216944038868,0.2833462059497833,0.3687865734100342,0.005861458834260702,0.0020941661205142736,0.0024655458983033895,0.004109076224267483,0.08039222657680511,0.00018136519065592438,0.0023929497692734003,0.006507807411253452,0.03842154145240784,0.0005190614028833807,0.00034853594843298197,0.00602181488648057,0.0021387150045484304,0.3874129354953766,0.49611562490463257,0.08513420075178146,0.2294483482837677,0.004494333174079657,0.00021970877423882484,0.014389056712388992,0.021077973768115044,0.009721812792122364,0.030694803223013878,0.8029518127441406,0.8394685983657837,0.019872302189469337,0.01307512167841196,0.5208885669708252,0.6947749853134155,2.145320650015492e-06,6.6902211983688176e-06,0.0,826.0
4.802810963155935e-06,0.055758923292160034,0.04716091603040695,0.00098907551728189,0.057502467185258865,0.0621660016477108,0.0007869591936469078,2.4095447770378087e-06,1.2703380889433902e-06,0.14419646561145782,0.13060103356838226,0.10000235587358475,0.12853409349918365,0.10798774659633636,0.022502373903989792,0.04100446775555611,0.16908733546733856,0.1290004700422287,0.08315429836511612,0.6882603764533997,0.4978177547454834,0.0078493133187294,0.003502293024212122,0.0022305406164377928,0.0043822117149829865,0.08732104301452637,0.00018079541041515768,0.0024230116978287697,0.002512129256501794,0.002206675708293915,0.0028547148685902357,0.0023665358312427998,0.007291445508599281,0.0004043883236590773,0.15265175700187683,0.21343068778514862,0.03747443109750748,0.052327752113342285,0.001972860423848033,0.0002683515485841781,0.010350992903113365,0.018172595649957657,0.002333667827770114,0.02992072142660618,0.2609703838825226,0.3093501329421997,0.05194491893053055,0.20420315861701965,0.04368453100323677,0.06849481165409088,1.313737698183104e-06,8.265626092907041e-06,0.0,827.0
1.1150175396323903e-06,0.003268977627158165,0.003303172066807747,0.45712360739707947,0.42366495728492737,0.30877217650413513,3.600861964514479e-05,9.546170076646376e-07,6.963472287679906e-07,0.0015597821911796927,0.0008681885665282607,0.021207159385085106,0.019543228670954704,0.08748850226402283,0.09932981431484222,0.0399305522441864,0.03002033941447735,0.3149220049381256,0.2954895496368408,0.02142149768769741,0.016666218638420105,0.2574842870235443,0.23024967312812805,9.592598507879302e-05,0.005679492373019457,0.2698366641998291,0.0012639471096917987,0.006844302173703909,0.00030956280534155667,0.0022405851632356644,0.019716572016477585,0.01934153586626053,0.009855332784354687,0.003260276047512889,0.025153711438179016,0.031612422317266464,0.0002894838689826429,0.0027171361725777388,0.784035325050354,0.00015602416533511132,0.07372288405895233,0.018106620758771896,0.00975622795522213,0.005513973068445921,7.851372174627613e-07,9.344600471195008e-07,0.00015592035197187215,0.0009565362706780434,7.417336018988863e-05,9.381556446896866e-05,2.0492163912422257e-06,6.674899282188562e-07,1.0,828.0
2.2092929157224717e-06,0.009117202833294868,0.01915954425930977,0.13382603228092194,0.1804705560207367,0.07395396381616592,3.7371959479060024e-05,7.235977932396054e-07,3.334509415253706e-07,0.08878745883703232,0.1699451059103012,0.025714853778481483,0.03434956446290016,0.033399101346731186,0.07132192701101303,0.0981636643409729,0.055563561618328094,0.2677708864212036,0.26031774282455444,0.3713618814945221,0.2347072958946228,0.008362727239727974,0.003749192925170064,0.00010748066415544599,0.004149875603616238,0.004786305129528046,7.671313142054714e-06,0.00015205057570710778,0.0012095359852537513,0.003059195354580879,0.1691136509180069,0.2319919317960739,0.00035159700200892985,0.0003222804516553879,0.003485089633613825,0.002813557395711541,0.019434044137597084,0.0461939312517643,0.004655973985791206,0.0006994218565523624,0.029257915914058685,0.003127825213596225,0.043561287224292755,0.029027732089161873,0.0003815981326624751,0.00039196762372739613,0.004150660242885351,0.028296958655118942,0.0005751489661633968,0.0013333592796698213,9.468933967582416e-06,3.2604993975837715e-06,1.0,829.0
6.310700655376422e-07,0.009659463539719582,0.016188669949769974,0.03217792883515358,0.2676236629486084,0.07465311884880066,9.554044481774326e-06,2.7808738423118484e-07,9.431133207726816e-08,0.07485660165548325,0.08768117427825928,0.008678171783685684,0.009917953982949257,0.06415296345949173,0.06747116148471832,0.053715307265520096,0.06491641700267792,0.5077064037322998,0.4987373352050781,0.42103371024131775,0.22606219351291656,0.008669852279126644,0.004585700109601021,3.794124859268777e-05,0.0020263793412595987,0.011134874075651169,8.421211532549933e-05,0.0014376220060512424,0.00044279973371885717,0.003276325296610594,0.001045125536620617,0.0010474753798916936,0.002647185465320945,0.00010835103603312746,0.0018225610256195068,0.0016622600378468633,0.003481244668364525,0.023153455927968025,0.3235935866832733,0.015432448126375675,0.03236688673496246,0.018563732504844666,0.02046331763267517,0.009091855958104134,3.8791285987826996e-06,5.531240731215803e-06,8.28936681500636e-05,0.0006602401845157146,1.203627198265167e-05,2.2062629795982502e-05,2.050438070000382e-06,3.40843911317279e-07,2.0,830.0
1.9552551293600118e-06,0.004657306242734194,0.003149679396301508,0.12263137847185135,0.40524008870124817,0.26589760184288025,4.489401817409089e-06,5.217265766077617e-07,4.3837272301061603e-07,0.0421459898352623,0.020146554335951805,0.19874104857444763,0.2140003889799118,0.014216604642570019,0.23856514692306519,0.23808413743972778,0.011109392158687115,0.040165774524211884,0.03661075234413147,0.09974443912506104,0.03388327732682228,0.02217746153473854,0.02948903478682041,5.3133089750190265e-06,0.001152283395640552,0.0031602021772414446,7.314503454836085e-05,0.0001410147815477103,0.0015693038003519177,0.0003298459923826158,0.011891238391399384,0.025345399975776672,0.0009252402815036476,0.0030922796577215195,0.00013896793825551867,0.00010513149754842743,0.003375906264409423,0.004154658876359463,0.2961486876010895,0.001068691024556756,0.030234133824706078,0.00759260356426239,0.7114476561546326,0.6079742908477783,4.837179858441232e-06,3.2189441299124155e-06,0.00027190428227186203,0.002393211703747511,0.0035064727999269962,0.004594417288899422,1.0276746252202429e-05,7.413213438667299e-07,1.0,831.0
8.986083344098006e-07,0.1530793160200119,0.05435812473297119,0.002046073554083705,0.04943136125802994,0.1401243954896927,0.002111010951921344,2.6016662104666466e-06,2.188227654187358e-06,0.1468682587146759,0.06678986549377441,0.03056439198553562,0.021808644756674767,0.059597231447696686,0.09932643920183182,0.09368893504142761,0.05739910528063774,0.3439321219921112,0.4014797508716583,0.6981595158576965,0.4324711263179779,0.00545826181769371,0.013377005234360695,0.005445288959890604,0.0028147483244538307,0.13560089468955994,0.00802692398428917,0.00011399578943382949,0.021056706085801125,0.008431733585894108,0.009268534369766712,0.007718187291175127,0.020924827083945274,0.017849590629339218,0.9612343311309814,0.960995078086853,0.008489685133099556,0.015409251675009727,0.00429125688970089,9.538407539366744e-07,0.0005580094875767827,0.0032277910504490137,0.0003726485592778772,0.011253716424107552,0.848757803440094,0.8088080286979675,0.3150804340839386,0.08306436985731125,0.15777523815631866,0.1238875463604927,9.920931006490719e-06,1.0100174222316127e-05,1.0,832.0
4.243492526256887e-07,9.076552487385925e-06,4.901200554741081e-06,0.9740931987762451,0.9246256947517395,0.8571566939353943,4.855637962464243e-05,4.931352123094257e-06,4.262641084551433e-07,0.0388079434633255,0.014837153255939484,0.11617770791053772,0.11445420980453491,0.49770018458366394,0.007552214432507753,0.004772954620420933,0.48591819405555725,0.08405037969350815,0.08885549753904343,0.16295161843299866,0.02467592991888523,0.021526463329792023,0.05077072232961655,0.00044993541087023914,0.004020564258098602,0.006443655584007502,4.742226519738324e-05,0.00010577234206721187,0.001694398932158947,0.07642973959445953,0.0011912520276382565,0.000574657169636339,0.07074180990457535,8.500755939166993e-05,0.026605285704135895,0.018213797360658646,0.0015032915398478508,0.011061807163059711,0.24449481070041656,0.04633468762040138,0.008205908350646496,0.002360665239393711,0.016582109034061432,0.22785305976867676,0.000651575333904475,0.0010838364250957966,0.0017581013962626457,0.0006841925787739456,0.2030055820941925,0.22218045592308044,6.2630501815874595e-06,4.225098848564812e-07,1.0,833.0
1.4873171494400594e-06,0.0627342015504837,0.11246682703495026,0.01905144192278385,0.07166708260774612,0.009724934585392475,0.0008232557447627187,4.59143120679073e-06,9.553783684168593e-07,0.2451188713312149,0.10340172797441483,0.07376968115568161,0.04480374604463577,0.0058032916858792305,0.5286064147949219,0.5078335404396057,0.0032865204848349094,0.1547887772321701,0.2000458538532257,0.4767899215221405,0.42266544699668884,0.004303856287151575,0.004271623678505421,0.006571874488145113,0.01535351388156414,0.5438187122344971,0.001056797569617629,0.0003355010994710028,0.003511713584885001,0.056221045553684235,0.20950455963611603,0.1707797795534134,0.07137692719697952,9.845960448728874e-06,0.5892468690872192,0.639312744140625,0.0016535538015887141,0.004986812826246023,0.018229585140943527,0.002352258889004588,0.0004465134406927973,0.0004006805829703808,0.00045732554281130433,0.016384515911340714,0.17317698895931244,0.3477442264556885,0.2393500655889511,0.6038087010383606,0.09978335350751877,0.3033151924610138,9.48034539760556e-06,6.178530838951701e-06,1.0,834.0
7.137320494621235e-07,0.0034381772857159376,0.005890318192541599,0.4425289034843445,0.33077070116996765,0.20344901084899902,0.0009528801310807467,3.852860118058743e-06,1.9094716208201135e-06,0.36037030816078186,0.46356201171875,0.3863835334777832,0.34530097246170044,0.008884936571121216,0.4871143698692322,0.4751257598400116,0.008043266832828522,0.04226507991552353,0.040389157831668854,0.4672258794307709,0.5044493675231934,0.0024993596598505974,0.0015905790496617556,0.004225798882544041,0.006317674648016691,0.3706320524215698,0.0014624707400798798,0.0002232389961136505,0.023940248414874077,0.006433443166315556,0.07153724133968353,0.06402412801980972,0.10871947556734085,0.014440534636378288,0.7480354309082031,0.8969648480415344,0.0069894506596028805,0.004908727947622538,0.0679573267698288,4.24149993705214e-06,0.0014646038180217147,0.0008027759031392634,0.0008910744218155742,0.016359621658921242,0.554398775100708,0.4308861792087555,0.462927907705307,0.3065342605113983,0.20637255907058716,0.15401412546634674,1.0685875167837366e-05,1.8094558527081972e-06,0.0,835.0
1.7051408462975814e-07,0.002683521481230855,0.001930464874021709,0.14126916229724884,0.41574904322624207,0.2619500756263733,6.574409053428099e-05,1.1150808632010012e-07,4.475716934848606e-07,0.020649559795856476,0.009242190048098564,0.2544964849948883,0.2587936222553253,0.03038845583796501,0.1258639395236969,0.12346789240837097,0.03352252021431923,0.04101627320051193,0.03995995596051216,0.09302163124084473,0.05507364869117737,0.046650659292936325,0.06909902393817902,0.00017292157281190157,0.016282394528388977,0.25839507579803467,0.0006964204367250204,0.00857362151145935,0.0009666055557318032,0.0034034820273518562,0.00025748691405169666,0.0003162155917380005,0.0013345731422305107,0.001008431427180767,0.07063650339841843,0.07994905859231949,0.0029831056017428637,0.011884056963026524,0.11498793214559555,0.00041861782665364444,0.054650455713272095,0.22962728142738342,0.0012675903271883726,0.00040377533878199756,1.4070749330130639e-06,1.2117849337300868e-06,6.411672075046226e-05,0.00031174439936876297,1.323672586295288e-05,1.5123667253647e-05,1.5551964906990179e-06,4.472316277315258e-07,1.0,836.0
2.3627030714123975e-06,0.0013194940984249115,0.0011413834290578961,0.3659589886665344,0.7575623393058777,0.5985577702522278,7.081381772877648e-05,1.8609301832839265e-06,1.4390656133400626e-06,0.002614011522382498,0.0007479003397747874,0.0081978440284729,0.00791893806308508,0.016360394656658173,0.1293950229883194,0.14562749862670898,0.03678056597709656,0.5558873414993286,0.510517954826355,0.025815650820732117,0.00698193209245801,0.15950296819210052,0.3068542182445526,9.325436985818669e-05,0.006218165159225464,0.589058518409729,0.006266317795962095,0.004530956037342548,0.0047487723641097546,0.008396079763770103,0.004932571202516556,0.012380746193230152,0.0406794548034668,0.0006414363160729408,0.02542121708393097,0.025875257328152657,0.0003211394650861621,0.003500183578580618,0.6932790279388428,0.0011929315514862537,0.02578090876340866,0.010337872430682182,0.01571987383067608,0.023233583196997643,4.3078703129140195e-06,7.02706711308565e-06,2.0479157683439553e-05,0.004718037787824869,0.00025264977011829615,0.00022433979029301554,5.951380899205105e-06,2.7746034447773127e-06,1.0,837.0
8.472518970847887e-07,0.03724271059036255,0.03712483122944832,0.006499879527837038,0.10124406963586807,0.03429142385721207,0.00012832226639147848,2.204789950610575e-07,7.289128802767664e-07,0.016283409669995308,0.014942867681384087,0.10671524703502655,0.10826794803142548,0.0267623420804739,0.1583293080329895,0.14160823822021484,0.014818409457802773,0.07320798188447952,0.0764816552400589,0.08671925216913223,0.0353420116007328,0.041269879788160324,0.03340897709131241,0.0011921318946406245,0.00022735139646101743,0.007230949588119984,0.00011356407776474953,0.00016000820323824883,0.016697082668542862,0.005954300053417683,0.0007789695519022644,0.0009355329093523324,0.0033957678824663162,0.00017679488519206643,0.055461470037698746,0.06923163682222366,0.08419941365718842,0.05514197796583176,0.0016574383480474353,0.001316498382948339,0.0014884831616654992,0.0031366676557809114,0.0007133302860893309,0.019781997427344322,0.16896915435791016,0.1587127298116684,0.023774635046720505,0.042941734194755554,0.05495673790574074,0.06211194023489952,7.202110737125622e-06,1.4408824426936917e-06,1.0,838.0
2.261990346141829e-07,0.032138414680957794,0.13791614770889282,0.012360128574073315,0.07961901277303696,0.006251239683479071,6.7989335548190866e-06,3.388877445331673e-08,2.46023947880758e-08,0.23358316719532013,0.39495885372161865,0.43023380637168884,0.40613240003585815,0.08232304453849792,0.0731712207198143,0.08189000934362411,0.10526234656572342,0.03597061336040497,0.01610037311911583,0.2913556396961212,0.22424878180027008,0.011074813082814217,0.00028413732070475817,6.487010978162289e-05,0.04302978515625,0.0007113076862879097,2.760617462627124e-06,4.7733607061672956e-05,0.0012622843496501446,0.00957691390067339,0.0036082800943404436,0.002389549743384123,0.0014395489124581218,0.08580783009529114,0.00074459717143327,0.0003606906393542886,0.003880384610965848,0.05710279941558838,0.10735498368740082,4.708793312602211e-06,0.008401675149798393,0.0009999879403039813,0.226851686835289,0.07991193234920502,0.00011278501187916845,0.00013565730478148907,0.0007972174207679927,0.0004009646363556385,0.0003822541912086308,0.0005947151221334934,1.5732736073914566e-06,1.0132477257229766e-07,1.0,839.0
1.8070294345307047e-06,0.01939529925584793,0.0599072128534317,0.05486609786748886,0.10278867185115814,0.017941707745194435,3.372814899194054e-05,1.5925946854622453e-06,1.8127321936844965e-06,0.04281233623623848,0.030608972534537315,0.22350835800170898,0.18921205401420593,0.001564934034831822,0.8474751710891724,0.8253445625305176,0.00024974654661491513,0.03648684173822403,0.04943177476525307,0.15301059186458588,0.26147717237472534,0.025776231661438942,0.029656030237674713,0.00021863695292267948,0.03908964991569519,0.3217923939228058,0.0010565725388005376,0.00242023216560483,0.0017986216116696596,0.0011843210086226463,0.06877567619085312,0.11907514184713364,0.004767781589180231,0.025009745731949806,0.06701327860355377,0.07393031567335129,0.0008455183706246316,0.005385993048548698,0.25489866733551025,7.293367161764763e-06,0.12078569084405899,0.06406139582395554,0.015046324580907822,0.013316936790943146,9.647254728406551e-07,8.091082008832018e-07,0.00011391080624889582,0.0036073236260563135,0.00025645052664913237,0.0002558819833211601,7.295760497072479e-06,3.7701756809838116e-06,1.0,840.0
2.0379382021928905e-06,0.499533474445343,0.7866786122322083,5.899516327190213e-05,0.009111866354942322,0.0006539568421430886,0.0007565637351945043,7.579436100968451e-07,2.9090492148498015e-07,0.5130581855773926,0.6370872259140015,0.40117576718330383,0.4072894752025604,0.005328352563083172,0.46310409903526306,0.4395463764667511,0.005120254587382078,0.03820451349020004,0.018619857728481293,0.6473878622055054,0.44336146116256714,0.002454612171277404,0.0001422233908670023,0.004327869042754173,0.00020631737424992025,0.03831862658262253,0.005389867350459099,0.00012201206118334085,0.0025656388606876135,0.009022572077810764,0.0005044253193773329,0.0004214605432935059,0.1296520233154297,0.0002478382084518671,0.4085480868816376,0.6432931423187256,0.005840720143169165,0.01764192432165146,0.02348048985004425,0.0010429432149976492,0.0004374551062937826,0.0021949331276118755,0.0008477668161503971,0.07421204447746277,0.7185275554656982,0.8360056281089783,0.015377075411379337,0.1254381388425827,0.760873556137085,0.8566040992736816,6.5596200329309795e-06,3.157437276968267e-06,0.0,841.0
1.6670013565089903e-06,0.03548301011323929,0.06635583192110062,0.0647408589720726,0.037922658026218414,0.026462119072675705,2.1375222786446102e-05,4.023482631509978e-07,8.652536394038179e-07,0.010807003825902939,0.013169810175895691,0.03454762324690819,0.037188611924648285,0.010609639808535576,0.3327285647392273,0.3651704490184784,0.002987076761201024,0.179203599691391,0.19703370332717896,0.12085544317960739,0.09290675818920135,0.0521971732378006,0.028920499607920647,7.641655975021422e-05,0.0012821773998439312,0.013616024516522884,9.78325042524375e-05,0.00038717908319085836,0.002705255290493369,0.004840138368308544,0.0063112834468483925,0.006999913137406111,0.0006242573144845665,0.0056584784761071205,0.0056815738789737225,0.006332443095743656,0.01725112460553646,0.04276224598288536,0.010650526732206345,8.688578964211047e-05,0.07491517066955566,0.014137623831629753,0.03582071512937546,0.032812055200338364,9.90675762295723e-05,9.742437396198511e-05,0.0008417711360380054,0.002904896391555667,0.00037456813151948154,0.0005964348092675209,3.071646915486781e-06,8.178934081115585e-07,2.0,842.0
2.1436353563331068e-06,0.40110841393470764,0.39920568466186523,0.006705117411911488,0.007877008058130741,0.004706690087914467,4.835753861698322e-05,3.529930552303995e-07,2.174290330003714e-06,0.006998550612479448,0.004415979143232107,0.022323861718177795,0.023186378180980682,0.006890253629535437,0.34861311316490173,0.3550623953342438,0.0070399390533566475,0.3709855377674103,0.311012327671051,0.09755778312683105,0.07482951879501343,0.08858143538236618,0.08929143846035004,0.00023250609228853136,0.014241605065762997,0.4428638219833374,0.0068544126115739346,0.035000141710042953,0.012212071567773819,0.01603282429277897,0.00010622171976137906,0.00014300845214165747,0.050791267305612564,0.020923420786857605,0.0171272624284029,0.03441280871629715,0.0005407637800090015,0.0017879204824566841,0.9485735297203064,0.00010087365080835298,0.07120616734027863,0.08636164665222168,0.002416423289105296,0.0009735753410495818,1.1427805475250352e-06,9.712233577374718e-07,1.1459213055786677e-05,0.00017923380073625594,4.354843895271188e-06,3.2337070479115937e-06,1.1253295042479294e-06,5.406163268162345e-07,1.0,843.0
2.4902722088882e-06,0.09190327674150467,0.17101594805717468,0.07359347492456436,0.0043190037831664085,0.0019663565326482058,7.353332330239937e-05,1.4517250974677154e-06,2.447647489134397e-07,0.2118048071861267,0.2484195977449417,0.04074738919734955,0.045501790940761566,0.008326421491801739,0.26526325941085815,0.256830632686615,0.013230512849986553,0.23511527478694916,0.2526121139526367,0.5643022060394287,0.5317993760108948,0.002852530451491475,0.0012726617278531194,0.00048143946332857013,0.0005124517483636737,0.02722921594977379,0.00018630694830790162,0.0015376601368188858,0.0011024740524590015,0.0031700930558145046,0.027409514412283897,0.021285291761159897,0.005166961345821619,5.9257406974211335e-05,0.018752574920654297,0.02263166569173336,0.022260893136262894,0.024109169840812683,0.008622775785624981,0.00553324818611145,0.004960461053997278,0.003992323763668537,0.0025815623812377453,0.0463494174182415,0.004044987261295319,0.0041730948723852634,0.01753738708794117,0.010382444597780704,0.0014303610660135746,0.002667204476892948,3.5827845294988947e-06,2.818232360368711e-06,0.0,844.0
7.164209705479152e-07,0.00013172872422728688,6.294283230090514e-05,0.8822218775749207,0.7053602933883667,0.6522622108459473,0.0015069550136104226,3.5968619158666115e-06,2.7782784854935016e-06,0.03226214647293091,0.024707257747650146,0.2295800745487213,0.2106320708990097,0.2440224140882492,0.025701072067022324,0.020614957436919212,0.2318800985813141,0.06399166584014893,0.06748978048563004,0.10016424208879471,0.12567147612571716,0.0347880981862545,0.0687369629740715,0.0036249803379178047,0.004658480174839497,0.6293836236000061,0.008089848794043064,0.002327253110706806,0.04487594962120056,0.024458738043904305,0.005291762761771679,0.006312183570116758,0.03195948153734207,0.005490029230713844,0.6663987636566162,0.7181645631790161,0.008049355819821358,0.013715949840843678,0.012676091864705086,1.5235043974826112e-05,0.0014466544380411506,0.007389931473881006,0.00021307110728230327,0.0029128280002623796,0.7014428377151489,0.6815986037254333,0.03933188319206238,0.041379787027835846,0.00864761509001255,0.011124246753752232,3.5811037832900183e-06,6.00194880462368e-06,0.0,845.0
4.5283974259291426e-07,2.3136786694522016e-05,1.2026415788568556e-05,0.9697152376174927,0.8481488227844238,0.7543813586235046,1.4743761312274728e-05,3.9221347947204777e-07,1.9751148556679254e-06,0.009923611767590046,0.00263973162509501,0.685282826423645,0.5554633140563965,0.07886286079883575,0.4312865138053894,0.09997329860925674,0.003394691739231348,0.004099683836102486,0.005795544013381004,0.026999596506357193,0.019724946469068527,0.10120286792516708,0.18331408500671387,7.474629819625989e-05,0.0018914829706773162,0.00517713138833642,8.585086470702663e-05,0.00032713054679334164,0.023257562890648842,0.013402624055743217,0.00029473056201823056,0.00047964026452973485,0.000766226090490818,0.01190716028213501,0.0012403777800500393,0.0013386002974584699,0.03786496818065643,0.04121764749288559,0.038868773728609085,0.00037083603092469275,0.070270836353302,0.024616912007331848,0.035150863230228424,0.010169154964387417,0.00016281992429867387,0.00011869512673001736,0.00024144633789546788,0.0008241183822974563,0.00022311214706860483,0.0001528006832813844,4.20077367380145e-06,1.6716646200620744e-07,1.0,846.0
6.96110191711341e-07,0.005097039509564638,0.021443497389554977,0.008407414890825748,0.3379228115081787,0.1906474232673645,0.0002669981913641095,1.6391906001445022e-06,1.2892446648038458e-06,0.036825090646743774,0.03659271448850632,0.04332537576556206,0.04621293768286705,0.01791587471961975,0.20555993914604187,0.20291592180728912,0.027004972100257874,0.29168790578842163,0.29468610882759094,0.23484179377555847,0.2270810455083847,0.03304498270153999,0.03984875604510307,0.001726962742395699,0.00024046236649155617,0.0022952405270189047,0.000215203472180292,3.554428258212283e-05,0.002776304492726922,0.0030110147781670094,0.0004159136151429266,0.00034806644544005394,0.018348172307014465,0.0036259503103792667,0.07757453620433807,0.15753671526908875,0.016871966421604156,0.023415684700012207,0.013175166212022305,0.0001049874335876666,0.0002996146504301578,0.0011674950364977121,0.0016063695074990392,0.03948095068335533,0.9325330853462219,0.9267825484275818,0.08503790944814682,0.05005358159542084,0.3297157287597656,0.36579033732414246,8.719362085685134e-06,2.5311771878477884e-06,0.0,847.0
2.107143473040196e-06,0.056173525750637054,0.02749732695519924,0.24493852257728577,0.009194883517920971,0.02063736319541931,2.1666899556294084e-05,8.454374551547517e-07,1.045944827637868e-06,0.01071941014379263,0.0017438657814636827,0.042542919516563416,0.030129292979836464,0.32835161685943604,0.010548060759902,0.010925144888460636,0.3267642855644226,0.24895615875720978,0.2730923891067505,0.07232198119163513,0.018124490976333618,0.05130302533507347,0.18552881479263306,3.7885565689066425e-05,0.004287405870854855,0.035226743668317795,8.928836177801713e-05,0.02999768778681755,0.00468016229569912,0.000990138971246779,0.0024240294005721807,0.0012183325598016381,0.0014387128176167607,0.00084057601634413,0.0003752840275410563,0.00031088871764950454,0.09973448514938354,0.007728144992142916,0.07397452741861343,0.0032634262461215258,0.126461461186409,0.023953627794981003,0.08250068873167038,0.011595843359827995,0.00019893012358807027,4.261933281668462e-05,0.039413731545209885,0.00010469931294210255,1.788219014997594e-05,1.4930576980987098e-05,2.1459271692947368e-07,2.925050921476213e-07,1.0,848.0
2.43001386479591e-06,0.0008804493118077517,0.0010279365815222263,0.21285848319530487,0.6710473895072937,0.4942777752876282,1.1997868568869308e-05,1.0646281225490384e-06,5.162520437806961e-07,0.022573858499526978,0.017471330240368843,0.012420584447681904,0.009150760248303413,0.03421449661254883,0.13889741897583008,0.12765462696552277,0.016227897256612778,0.4860917031764984,0.48855075240135193,0.1807836890220642,0.16731911897659302,0.021844010800123215,0.02436373196542263,2.4175744329113513e-05,0.00192083022557199,0.045418631285429,7.015116716502234e-05,0.029465435072779655,0.0015617202734574676,0.0032767581287771463,0.0022721067070961,0.0026139316614717245,0.00206460221670568,0.00567125016823411,0.0005731616402044892,0.0006583520444110036,0.00875882338732481,0.035827167332172394,0.48115018010139465,0.0005832720780745149,0.2444683313369751,0.02463599666953087,0.10119374096393585,0.014347909949719906,9.63805359788239e-06,1.053529922501184e-05,0.00015749965677969158,0.000893402670044452,8.857050488586538e-06,1.1212739082111511e-05,7.370845764853584e-07,3.778238237828191e-07,1.0,849.0
5.537275455935742e-07,0.054523855447769165,0.04273051396012306,0.05870397388935089,0.03831805661320686,0.0349770113825798,8.08763343229657e-06,3.202054585926817e-07,3.302019706552528e-07,0.12589693069458008,0.11040791869163513,0.23101596534252167,0.23045997321605682,0.006896770093590021,0.2641694247722626,0.2559976279735565,0.017162345349788666,0.04025254398584366,0.04370694234967232,0.2301686853170395,0.38152527809143066,0.005703330505639315,0.009181647561490536,4.638093741959892e-05,0.008999868296086788,0.028899919241666794,0.00011336964962538332,0.00247945892624557,0.0015433296794071794,0.0006917408318258822,0.00013044475053902715,0.00020494882483035326,0.007813109084963799,0.005581267178058624,0.0013615406351163983,0.0015738193178549409,0.001323192729614675,0.0014501496916636825,0.8012881278991699,0.0004601843829732388,0.03891132399439812,0.03239517658948898,0.008597682230174541,0.01206896174699068,1.3692678066945518e-06,7.182941317296354e-07,4.251278005540371e-05,0.00024609529646113515,2.9616827305289917e-05,2.869857598852832e-05,1.7116086610258208e-06,5.810385914628569e-07,1.0,850.0
1.0626571338434587e-06,0.0027412648778408766,0.0026268362998962402,0.3833053708076477,0.307234525680542,0.3987694978713989,0.0006156504969112575,1.3363589459913783e-05,2.1469620605785167e-06,0.19789347052574158,0.04935417324304581,0.09628152847290039,0.08141327649354935,0.002001628279685974,0.565629243850708,0.5723579525947571,0.012294658459722996,0.10435287654399872,0.13510458171367645,0.30776679515838623,0.10576100647449493,0.003362028393894434,0.025429505854845047,0.0014615101972594857,0.0010484353406354785,0.06726209074258804,0.0032616276293992996,0.00033380347304046154,0.0011910948669537902,0.002173532033339143,0.004536265041679144,0.0032501514069736004,0.04414207115769386,0.0010336436098441482,0.2587164640426636,0.2003815621137619,0.00523016694933176,0.005359713453799486,0.03405541926622391,0.00020987946481909603,0.0020408194977790117,0.0010746188927441835,0.00235794042237103,0.16087442636489868,0.7907259464263916,0.6871902942657471,0.23385919630527496,0.025605781003832817,0.3620242178440094,0.3052252531051636,9.83650897978805e-06,4.912782515020808e-06,1.0,851.0
6.440583888434048e-07,0.00929007027298212,0.0029854935128241777,0.2107570916414261,0.14964300394058228,0.1336345374584198,4.5373810280580074e-05,1.6863282326085027e-07,1.0876743061771776e-07,0.3309939503669739,0.4134517312049866,0.46583226323127747,0.5084880590438843,0.0835832729935646,0.03206301108002663,0.07182110846042633,0.1499098688364029,0.01711995154619217,0.00888991728425026,0.4622291028499603,0.23729239404201508,0.003802091348916292,0.0004587261355482042,0.000670231762342155,0.010968310758471489,0.0004665488959290087,3.3431001611461397e-07,1.1776959581766278e-05,0.0046548605896532536,0.0016859702300280333,0.04645443707704544,0.06823756545782089,0.000576361664570868,0.011003177613019943,0.004094589967280626,0.006943002808839083,0.14885902404785156,0.11228881776332855,0.0013250629417598248,5.69667326999479e-06,0.0036941515281796455,0.0010720406426116824,0.018061935901641846,0.015288878232240677,0.01596497930586338,0.005748573690652847,0.022744351997971535,0.06454212218523026,0.007736771833151579,0.0038719302974641323,8.85965255292831e-06,1.8655804296940914e-06,1.0,852.0
1.3218310641605058e-06,0.030920108780264854,0.05417724698781967,0.043959129601716995,0.13778778910636902,0.10444860905408859,3.516639117151499e-05,1.1985481478404836e-06,1.310785478381149e-06,0.010546375066041946,0.005752243101596832,0.020480390638113022,0.019965775310993195,0.0019615429919213057,0.5764999389648438,0.5730482339859009,0.004510749597102404,0.2776713967323303,0.2702859938144684,0.06349225342273712,0.0819561555981636,0.06166604161262512,0.07731980830430984,0.0001909378479467705,0.00036984006874263287,0.08330105245113373,0.02230086922645569,0.0008931136690080166,0.0014839055947959423,0.0005246330983936787,0.001498942612670362,0.002192637650296092,0.012256321497261524,3.827036562142894e-05,0.07105571776628494,0.12160099297761917,0.004855163861066103,0.0006131156696937978,0.5057960152626038,0.025161998346447945,0.038094647228717804,0.018366016447544098,0.003072716062888503,0.01144756656140089,1.9672138478199486e-06,7.815633580321446e-07,0.0001251293724635616,0.0011304703075438738,0.000300800398690626,0.0001107045536627993,1.2364274880383164e-05,2.0873724224657053e-06,1.0,853.0
4.729477041109931e-06,0.05998017638921738,0.0416974276304245,0.08902035653591156,0.04759533703327179,0.05491292104125023,0.0013737545814365149,6.988225777604384e-06,1.0939090770989424e-06,0.23799650371074677,0.1219022274017334,0.1529659479856491,0.13291367888450623,0.011953662149608135,0.18389129638671875,0.20939558744430542,0.028338998556137085,0.09335168451070786,0.09829575568437576,0.3984757959842682,0.4719753563404083,0.004329755902290344,0.007214793004095554,0.0027319970540702343,0.001437866361811757,0.059428635984659195,0.0007080740761011839,0.0011118354741483927,0.002600901061668992,0.003795598866418004,0.008761275559663773,0.008045465685427189,0.0054692612029612064,0.0005553170922212303,0.2333258092403412,0.3917843699455261,0.015095510520040989,0.021269118413329124,0.0021812804043293,0.00016141464584507048,0.007208006922155619,0.02079322747886181,0.004217826295644045,0.035264816135168076,0.862917423248291,0.8239412903785706,0.056181348860263824,0.03866078704595566,0.31994718313217163,0.3244205713272095,2.4022094748943346e-06,2.097517608490307e-05,0.0,854.0
1.3957070450487663e-06,0.0357915423810482,0.056887008249759674,0.0017256306018680334,0.23842328786849976,0.06502602994441986,9.175374543701764e-06,8.024426847441646e-07,1.4722493801855308e-07,0.11137887090444565,0.10570352524518967,0.10248930752277374,0.09679387509822845,0.013485447503626347,0.16466577351093292,0.17385491728782654,0.03061126358807087,0.0920526534318924,0.10052391141653061,0.41220641136169434,0.4128871560096741,0.008466731756925583,0.005534453317523003,3.058101356145926e-05,0.0016855321591719985,0.004847332369536161,6.830994971096516e-05,0.0007148478180170059,8.198826253646985e-05,0.0010393051197752357,0.20055221021175385,0.15584421157836914,0.0013935394817963243,0.0006328808376565576,0.000503355753608048,0.0002912070194724947,0.0015636790776625276,0.008628083392977715,0.5481816530227661,0.0012428624322637916,0.052871499210596085,0.00384995574131608,0.10634505748748779,0.03188776597380638,2.9648176678165328e-06,2.803023789965664e-06,0.0035082660615444183,0.0019290816271677613,2.8965170713490807e-05,8.680571772856638e-05,2.915294771810295e-06,9.896407391352113e-07,2.0,855.0
5.644498742185533e-06,0.07691127806901932,0.06490175426006317,0.0002087984321406111,0.09021954238414764,0.08584354817867279,0.0009694037144072354,2.2150311451696325e-06,3.7385359519248595e-06,0.4212673306465149,0.2843429148197174,0.3096823990345001,0.31660720705986023,0.02489703707396984,0.23128120601177216,0.21931639313697815,0.01922358013689518,0.043212879449129105,0.03411385044455528,0.7146214246749878,0.45765694975852966,0.0024196866434067488,0.0018955719424411654,0.002790234051644802,0.001171638141386211,0.013165783137083054,0.0001415539300069213,0.00047600880498066545,0.015787726268172264,0.009075306355953217,0.0006972033879719675,0.0006830546772107482,0.00843135453760624,0.007816484197974205,0.15860123932361603,0.20752884447574615,0.08666371554136276,0.14896056056022644,0.00422744220122695,5.014276030124165e-05,0.006317914463579655,0.009026649408042431,0.007192749530076981,0.01982264220714569,0.934179425239563,0.9317032098770142,0.09225478023290634,0.15018409490585327,0.8757310509681702,0.8214975595474243,3.796427563429461e-06,2.9293657917150995e-06,0.0,856.0
1.223839035446872e-06,0.0567292682826519,0.03962820768356323,0.027203058823943138,0.18122732639312744,0.10773629695177078,1.7800402929424308e-05,8.322031135321595e-07,5.523841650756367e-07,0.0212276391685009,0.009868965484201908,0.011859254911541939,0.012419906444847584,0.0013060396304354072,0.6142145395278931,0.6017303466796875,0.002674371935427189,0.42645278573036194,0.4005034863948822,0.23706141114234924,0.07059203088283539,0.034713372588157654,0.03626272454857826,0.00010297771950718015,0.00016951223369687796,0.005756119731813669,0.001134472549892962,0.000261093198787421,0.0006134993163868785,0.0004844871291425079,0.012785949744284153,0.007208692375570536,0.025754593312740326,0.00745885306969285,0.0033177349250763655,0.0036086575128138065,0.0031420995946973562,0.00294570648111403,0.8148442506790161,0.00013264582958072424,0.01612783968448639,0.0028826557099819183,0.007813041098415852,0.029469363391399384,1.5771443941048346e-05,7.033275323919952e-06,0.007189927157014608,0.0008407545974478126,7.394616841338575e-05,7.058647315716371e-05,6.806381406931905e-06,6.026837695571885e-07,1.0,857.0
1.2994678399991244e-06,0.033679332584142685,0.020279835909605026,0.04535684734582901,0.1402098685503006,0.10303930193185806,4.338131475378759e-06,3.1124059773901536e-07,3.7285624898686365e-07,0.5585347414016724,0.3516252338886261,0.4650629162788391,0.4838321805000305,0.032424867153167725,0.12051329761743546,0.10634501278400421,0.027015747502446175,0.01054918672889471,0.01753148064017296,0.25121885538101196,0.45011740922927856,0.0004652337229344994,0.0008393490570597351,1.525647530797869e-05,0.0008453383925370872,0.004952800925821066,6.416399992303923e-05,0.0008196270209737122,0.0011402934323996305,0.003625323064625263,0.0020882466342300177,0.0029175905510783195,0.0003996336308773607,0.0050688860937952995,0.00017993018263950944,0.0001707082992652431,0.011260163970291615,0.058250170201063156,0.04115069657564163,0.0003350692568346858,0.04371582716703415,0.008202544413506985,0.12537889182567596,0.04879915714263916,7.119570364011452e-05,0.00012612316641025245,0.00032084996928460896,0.006377554498612881,6.597666651941836e-05,0.00011824697867268696,1.639490847082925e-06,5.783694518868288e-07,2.0,858.0
2.9956950129417237e-06,0.005459466017782688,0.018567079678177834,0.1194516271352768,0.2347690761089325,0.09973142296075821,5.2099763706792146e-05,9.654636414779816e-07,6.231712177395821e-06,0.03350404277443886,0.012895166873931885,0.3181360363960266,0.3523370325565338,0.0013369700172916055,0.8807117938995361,0.8728055953979492,0.0002054211072390899,0.030947009101510048,0.017418913543224335,0.18217700719833374,0.03730996325612068,0.05141197517514229,0.048637114465236664,0.00020405638497322798,0.00040463573532179,0.0003485668858047575,2.834939004969783e-05,1.3822124856233131e-05,0.019992636516690254,0.0036494042724370956,0.04634302109479904,0.05706094950437546,0.0001446070527890697,0.004667928908020258,0.00045229020179249346,0.0006298579974099994,0.14538531005382538,0.09361589699983597,0.001135687343776226,6.806648889323696e-05,0.018344778567552567,0.003444538451731205,0.17712292075157166,0.036592114716768265,0.6999759674072266,0.5620182156562805,0.13266463577747345,0.35322803258895874,0.007814346812665462,0.004962574690580368,1.315293411607854e-05,2.222210241598077e-06,0.0,859.0
6.559538633155171e-06,0.772108793258667,0.7553759813308716,0.00014953894424252212,0.0015219179913401604,0.0018282579258084297,0.001000191317871213,4.037780854559969e-06,3.1543793284072308e-06,0.12824533879756927,0.10046065598726273,0.14522162079811096,0.18777057528495789,0.012114712968468666,0.07947520166635513,0.29516997933387756,0.09959446638822556,0.08116132020950317,0.06414409726858139,0.5191132426261902,0.2389281988143921,0.00905890204012394,0.009133193641901016,0.004324350971728563,0.0013841899344697595,0.03441038355231285,0.00032612099312245846,0.0009315831703133881,0.008275204338133335,0.013673370704054832,0.0001987312571145594,0.0001575335772940889,0.016564786434173584,0.0013016603188589215,0.15484711527824402,0.30708029866218567,0.12091723084449768,0.18376010656356812,0.003612065687775612,0.0006365272565744817,0.00308615411631763,0.01960468851029873,0.002612483687698841,0.026539569720625877,0.942172110080719,0.9285721182823181,0.08821225166320801,0.07118689268827438,0.5710111260414124,0.5998669862747192,2.3349386992777e-06,1.0204797945334576e-05,0.0,860.0
1.6806029634608421e-06,0.0010788454674184322,0.041248619556427,0.0036514855455607176,0.7099957466125488,0.06551296263933182,0.0008977686520665884,8.87009321104415e-07,6.08625498443871e-07,0.055187322199344635,0.08753188699483871,0.18882274627685547,0.22783608734607697,0.0010805472265928984,0.6862328052520752,0.6937747001647949,0.0023514535278081894,0.07386087626218796,0.039580896496772766,0.3863294720649719,0.1439732164144516,0.04042097181081772,0.0069815972819924355,0.0020522898994386196,0.0016410764073953032,0.14613480865955353,0.0008189482032321393,0.004465063568204641,0.0057878210209310055,0.008908603340387344,3.627985279308632e-05,3.0427016099565662e-05,0.030839135870337486,0.0007251236238516867,0.08364708721637726,0.10919465869665146,0.01594262570142746,0.021036092191934586,0.017600975930690765,0.0020539213437587023,0.0012839975534006953,0.017189376056194305,0.000581882253754884,0.021866442635655403,0.6871715784072876,0.7320770025253296,0.00197724811732769,0.0045034922659397125,0.09568890184164047,0.12233249098062515,3.5072439459327143e-06,4.031366643175716e-06,0.0,861.0
3.0449467658399954e-07,0.08974973112344742,0.06651825457811356,0.0031673938501626253,0.05303207039833069,0.05469198524951935,3.145907248836011e-05,2.089821435902195e-07,1.0177588194437703e-07,0.33580079674720764,0.273439884185791,0.3302220106124878,0.33833882212638855,0.05601346120238304,0.07033678144216537,0.06794317066669464,0.05672746151685715,0.038587238639593124,0.034811295568943024,0.5921468734741211,0.3698945641517639,0.0018017070833593607,0.0020598911214619875,0.00015261227963492274,0.001238567871041596,0.4140869975090027,0.0016417164588347077,0.025065824389457703,0.0063147773034870625,0.028367629274725914,2.2213946522242622e-06,2.073595396723249e-06,0.06902310997247696,0.0003181287320330739,0.002770356833934784,0.004313520155847073,0.0034713861532509327,0.006275091785937548,0.17575199902057648,0.008509475737810135,0.0010545116383582354,0.00802219845354557,0.00030757091008126736,0.004247753880918026,0.0008457617368549109,0.001366714364849031,7.333913526963443e-05,0.00017039150407072157,0.00011379463830962777,0.00016389391385018826,2.842992046225845e-07,3.0795411021244945e-07,1.0,862.0
3.194773512404936e-07,0.0009281823877245188,0.01678466983139515,0.18009181320667267,0.6435275673866272,0.03546741604804993,2.6073486878885888e-05,2.074143878871837e-07,5.305503947283796e-08,0.6200575828552246,0.8043451309204102,0.2951481342315674,0.9269059896469116,0.09331963956356049,0.20112824440002441,0.05966433137655258,0.01656058244407177,0.10288453102111816,0.0003343940188642591,0.751776933670044,0.27533334493637085,0.0020773098804056644,4.657715544453822e-05,0.00010263078729622066,0.004624475724995136,0.07381004095077515,0.0009546603541821241,0.015333163551986217,0.000217439082916826,0.001740065636113286,0.018314054235816002,0.022530488669872284,0.0026486399583518505,0.0004399894387461245,0.0028356588445603848,0.0020885018166154623,0.0013557934435084462,0.031726282089948654,0.12499742954969406,0.0009127559023909271,0.0663096159696579,0.004582162480801344,0.02339259162545204,0.022680288180708885,4.810043901670724e-05,0.0001730997464619577,0.0004375111893750727,0.01345277950167656,1.9688939573825337e-05,5.47438467037864e-05,1.0700055099732708e-06,4.6699037170583324e-07,2.0,863.0
4.4976941353525035e-06,0.7917822599411011,0.8514302968978882,1.4004205695528071e-05,0.0007408614619635046,0.0004891229909844697,0.000274794758297503,6.060786290618125e-07,3.7719308920713956e-07,0.19507896900177002,0.16053931415081024,0.026942819356918335,0.03184455260634422,0.02215728722512722,0.12528309226036072,0.16605795919895172,0.04642416909337044,0.34829723834991455,0.3255283534526825,0.820975661277771,0.6092352271080017,0.0040665012784302235,0.0033466422464698553,0.0009970185346901417,0.000605455890763551,0.05312460660934448,0.0005840219673700631,0.008291884325444698,0.01038238126784563,0.004794122651219368,9.520606545265764e-05,0.00010319772263756022,0.009149771183729172,0.0002296778984600678,0.011171250604093075,0.029725046828389168,0.05931627005338669,0.02696717530488968,0.014414424076676369,0.0025997261982411146,0.003680204274132848,0.01642589457333088,0.0005993618397042155,0.002610140247270465,0.766785740852356,0.6908109188079834,0.005565592087805271,0.010782060213387012,0.00032620655838400126,0.00036156579153612256,4.3485843548296543e-07,2.226911647085217e-06,0.0,864.0
5.297990668395869e-08,0.00035629034391604364,0.00010327017662348226,0.5649198293685913,0.7514815926551819,0.48634740710258484,5.1250266551505774e-05,2.7039425276598195e-07,2.7563055482460186e-07,0.06346607208251953,0.005521213170140982,0.20385825634002686,0.152062326669693,0.6847083568572998,0.0031065470539033413,0.005371411796659231,0.706436038017273,0.04560914635658264,0.0676170140504837,0.11046848446130753,0.08592469245195389,0.022507838904857635,0.07994000613689423,0.00045587963541038334,0.7693324089050293,0.12640860676765442,6.583993581443792e-06,0.00057552894577384,0.004000099841505289,0.0010544316610321403,0.0003111959376838058,0.0002849006559699774,0.0314166396856308,0.024119539186358452,0.26977115869522095,0.23405736684799194,0.0017301610205322504,0.004295506980270147,0.3533831834793091,9.111373401538003e-06,0.02440345101058483,0.059157535433769226,0.0018921683076769114,0.004989307373762131,3.736429334821878e-06,1.692989599177963e-06,0.0005652161198668182,9.852989751379937e-05,0.0013936655595898628,0.0011642271419987082,1.4779835737499525e-06,3.130132029127708e-07,1.0,865.0
5.70340148442483e-07,0.1515132039785385,0.1828247755765915,0.00827328022569418,0.023000681772828102,0.005681145936250687,2.836461499100551e-05,3.5785839713753376e-07,3.939273796049747e-08,0.08607781678438187,0.1595821976661682,0.006493524182587862,0.007526382803916931,0.2856929898262024,0.007783709559589624,0.022047244012355804,0.3758668899536133,0.6289501786231995,0.6364517211914062,0.47726184129714966,0.6027798056602478,0.010678342543542385,0.0023807655088603497,0.0001819700701162219,0.24793602526187897,0.028602415695786476,4.225439624860883e-06,0.0009726310963742435,2.3765631340211257e-05,0.023131513968110085,0.06509844958782196,0.02900579944252968,0.0061347596347332,0.0002736504247877747,0.10693825781345367,0.0348505936563015,0.0002206692297477275,0.046379007399082184,0.31554919481277466,0.0004019798361696303,0.033029936254024506,0.05709873139858246,0.017010780051350594,0.009360969066619873,6.147342332951666e-07,1.916107976285275e-06,0.0002472479536663741,0.0012922636233270168,0.0001891832798719406,0.0013200849061831832,9.632343562770984e-07,1.2439335250746808e-06,2.0,866.0
3.38528093379864e-06,0.24534903466701508,0.25601497292518616,0.00023060146486386657,0.018904905766248703,0.009205419570207596,0.00026897346833720803,1.2249330438862671e-06,3.618305868258176e-07,0.30918949842453003,0.3049222230911255,0.23079814016819,0.2436831146478653,0.1971663534641266,0.03331930190324783,0.028223339468240738,0.19900959730148315,0.0681288093328476,0.05977535620331764,0.7448396682739258,0.6203193664550781,0.003385938238352537,0.0012446767650544643,0.0016059543704614043,0.0001640964183025062,0.004544967785477638,0.00017406600818503648,0.0004184219578746706,0.0011056646471843123,0.012469648383557796,0.002056706929579377,0.001333232270553708,0.008807873353362083,7.481425564037636e-05,0.02570934034883976,0.03240582346916199,0.013707528822124004,0.04403921589255333,0.0046234130859375,0.00587209640070796,0.0010119056096300483,0.006129499524831772,0.003811771748587489,0.015586288645863533,0.845458984375,0.9226986169815063,0.054519813507795334,0.1205349937081337,0.506986141204834,0.7132449150085449,1.287736836275144e-06,2.6348657229391392e-06,0.0,867.0
2.7858136490976904e-06,0.5698142647743225,0.5706568360328674,0.00018635080778039992,0.000893615884706378,0.0019192886538803577,0.0003765312721952796,1.007556534204923e-06,6.985874847487139e-07,0.11420167237520218,0.1153259351849556,0.06423314660787582,0.07595770806074142,0.012687692418694496,0.17131644487380981,0.2381758987903595,0.04425845667719841,0.20449818670749664,0.19489984214305878,0.6307941675186157,0.5749070644378662,0.006753306835889816,0.006174062844365835,0.0016586310230195522,0.00041658341069705784,0.009072273969650269,0.00013623700942844152,0.0002754145534709096,0.0023711074609309435,0.0034169997088611126,0.006347806192934513,0.0050317286513745785,0.0017700779717415571,0.0020956327207386494,0.03441305458545685,0.0509822852909565,0.018399911001324654,0.03688451647758484,0.0016484506195411086,3.96132018067874e-05,0.007024252787232399,0.015016729943454266,0.003263159655034542,0.009239456616342068,0.7783747911453247,0.7659206390380859,0.05670164152979851,0.07514084875583649,0.04447491839528084,0.06152760609984398,6.204188025549229e-07,3.5892003324988764e-06,0.0,868.0
2.2827910015621455e-06,0.1493799388408661,0.14702393114566803,0.012478312477469444,0.034745004028081894,0.03584786504507065,1.9011544281966053e-05,3.863103188450623e-07,7.188710924310726e-07,0.21451333165168762,0.0410747155547142,0.20443283021450043,0.1972486972808838,0.0075881388038396835,0.21113216876983643,0.23818086087703705,0.02670763060450554,0.031053608283400536,0.03236452862620354,0.24540956318378448,0.08900292217731476,0.003520459635183215,0.00815573614090681,2.060131009784527e-05,0.002611447824165225,0.02426235005259514,0.0001915063476189971,0.0008973402436822653,0.0022913182619959116,0.0016540349461138248,0.0007587264990434051,0.0010322806192561984,0.0009769343305379152,0.002654252341017127,0.0008302194182761014,0.0009528837981633842,0.011694934219121933,0.007429311517626047,0.16585583984851837,0.000897117075510323,0.2128199338912964,0.03255442902445793,0.11762351542711258,0.07904235273599625,5.970812253508484e-06,3.6557032672135392e-06,0.00012778952077496797,0.000584184774197638,0.0001563050172990188,0.00018688196723815054,1.6597407466178993e-06,9.517027592664817e-07,2.0,869.0
2.967819227706059e-06,0.6597256064414978,0.692973792552948,1.8701208318816498e-05,0.0014754373114556074,0.0042975652031600475,0.0002589352079667151,6.088031341278111e-07,1.8727303086052416e-06,0.09763890504837036,0.060064032673835754,0.1018381118774414,0.09875883162021637,0.023896625265479088,0.18433108925819397,0.177352637052536,0.027367601171135902,0.11987271904945374,0.12618179619312286,0.4614800810813904,0.3119676411151886,0.010515117086470127,0.013849815353751183,0.0016638125525787473,0.0003750238392967731,0.0016792693641036749,0.00013547645357903093,3.6909186746925116e-05,0.03540761023759842,0.00438519986346364,0.00018651969730854034,0.0002503554569557309,0.005130480974912643,0.008389810100197792,0.02628806233406067,0.06888995319604874,0.0796201303601265,0.06980661302804947,0.0030995775014162064,4.065133543917909e-05,0.0009304069681093097,0.00832052156329155,0.0028224210254848003,0.025186048820614815,0.9293850660324097,0.8586914539337158,0.02348310686647892,0.06122780218720436,0.3064188063144684,0.1735554039478302,4.002219156973297e-06,3.008928842973546e-06,0.0,870.0
1.636875595067977e-06,0.04156787320971489,0.032768331468105316,0.010220881551504135,0.07602232694625854,0.08875210583209991,0.0006573260179720819,1.0245929615848581e-06,1.625493155188451e-06,0.3332584798336029,0.31947845220565796,0.30923089385032654,0.32245200872421265,0.004766267724335194,0.46677514910697937,0.456997811794281,0.00907985307276249,0.03798640891909599,0.026451297104358673,0.5303807854652405,0.4041793644428253,0.002606488298624754,0.0016954640159383416,0.0017407906707376242,0.0005528915789909661,0.020275501534342766,0.0006090454407967627,0.00023507261357735842,0.004208637401461601,0.004844657611101866,0.0006595009472221136,0.00041180526022799313,0.004818728659301996,0.006379564292728901,0.2457943558692932,0.3015393912792206,0.033562466502189636,0.055237047374248505,0.0025602036621421576,3.181905412930064e-05,0.007639729417860508,0.020449787378311157,0.0020584252197295427,0.023333394899964333,0.8159298300743103,0.8239554762840271,0.04948753863573074,0.027742760255932808,0.3545543849468231,0.39975157380104065,2.790993676171638e-06,3.132462552457582e-06,0.0,871.0
2.697174181776063e-07,0.0024824952706694603,0.012255939655005932,0.008911059238016605,0.5949490666389465,0.11883686482906342,1.0111170922755264e-05,7.376240063194928e-08,1.2946493654908409e-07,0.05549437925219536,0.20839251577854156,0.010118183679878712,0.448289692401886,0.20898734033107758,0.016674378886818886,0.023165974766016006,0.19546635448932648,0.6040716767311096,0.02466226927936077,0.751491367816925,0.075410395860672,0.02338530495762825,0.0013706098543480039,1.9364553736522794e-05,0.01651761494576931,0.003339586313813925,4.555770374281565e-06,0.0005078468821011484,0.0004213946813251823,0.00654316833242774,0.02294408157467842,0.019228102639317513,0.0002471496700309217,0.00143713119905442,0.0006023644818924367,0.00017283881606999785,0.02168026752769947,0.4661475718021393,0.016491282731294632,0.00026063754921779037,0.09164249151945114,0.0075546735897660255,0.3830101788043976,0.03085382468998432,0.00011234309204155579,0.0002217047440353781,0.0014368855627253652,0.0056533594615757465,1.3334830327949021e-05,2.655843309185002e-05,7.982660576999479e-07,5.046852038503857e-07,1.0,872.0
4.937856488140824e-07,0.009175737388432026,0.11813472211360931,0.006991453003138304,0.2691812813282013,0.029860196635127068,3.276379356975667e-05,1.360079124879121e-07,2.455629726227926e-07,0.12025800347328186,0.375265508890152,0.06336265802383423,0.26630544662475586,0.43136149644851685,0.007211105432361364,0.023851625621318817,0.49566763639450073,0.20969721674919128,0.05455891415476799,0.48466551303863525,0.36801671981811523,0.01184793934226036,0.0004948066780343652,3.4723314456641674e-05,0.018913112580776215,0.01268362533301115,1.0419484169688076e-05,0.0007303213933482766,0.0019167270511388779,0.007709113880991936,0.12280112504959106,0.11624392122030258,9.925980702973902e-05,3.46899582837068e-06,0.00189461768604815,0.0017359035555273294,0.026508554816246033,0.06129084900021553,0.005070832092314959,0.06459811329841614,0.1737416535615921,0.1101137101650238,0.0506228432059288,0.0022075294982641935,3.739153180504218e-05,3.265493069193326e-05,0.015025309287011623,0.0070522320456802845,4.1682076698634773e-05,8.444386185146868e-05,1.4757567896594992e-06,4.6229823169596784e-07,2.0,873.0
2.013546236412367e-06,0.19943009316921234,0.1902943104505539,0.0036693960428237915,0.04020180180668831,0.04769998788833618,7.945407560328022e-06,4.512614566465345e-07,2.7999726626148913e-07,0.17628081142902374,0.2609851658344269,0.0536351315677166,0.08224387466907501,0.006654652301222086,0.17325960099697113,0.4086894690990448,0.055284541100263596,0.1552640199661255,0.11227551847696304,0.546782374382019,0.44089704751968384,0.0031858435831964016,0.001856978633441031,1.7118374671554193e-05,4.080156213603914e-05,0.005603416822850704,0.011216307058930397,0.0004125343111809343,0.001689455471932888,0.000974487978965044,0.000530148041434586,0.0010873230639845133,0.0014244249323382974,0.0003385922173038125,0.00030085293110460043,0.0010505984537303448,0.002231743186712265,0.0007434056606143713,0.9234782457351685,0.012670471332967281,0.10834172368049622,0.01749490387737751,0.09774218499660492,0.017267689108848572,1.646302081326212e-07,1.7404177299340517e-07,7.691031896683853e-06,0.0019747496116906404,3.8699650758644566e-05,2.4613986170152202e-05,4.998077201889828e-06,4.988049795429106e-07,1.0,874.0
2.338381364097586e-06,0.006861846894025803,0.005481727421283722,0.12950482964515686,0.3569134473800659,0.16349470615386963,3.064588599954732e-05,2.7772347266363795e-07,1.5671012931761652e-07,0.018015680834650993,0.01677515171468258,0.03559020161628723,0.0417390912771225,0.07224494963884354,0.03274795040488243,0.062066271901130676,0.11133911460638046,0.1729089319705963,0.16710567474365234,0.22348664700984955,0.09752395749092102,0.02366247959434986,0.01054094173014164,9.080024028662592e-05,0.0031958050094544888,0.019174648448824883,2.22190901695285e-05,0.0034322007559239864,0.0011753450380638242,0.004508283454924822,0.0008601184235885739,0.0011742683127522469,0.0009388828184455633,0.0014783970545977354,0.0013775002444162965,0.00095726567087695,0.02728971280157566,0.16261617839336395,0.001036236179061234,0.0002942473511211574,0.008667033165693283,0.008253862150013447,0.012951231561601162,0.045676060020923615,0.002535989275202155,0.0067750392481684685,0.0005634429981000721,0.015352081507444382,0.0007692475337535143,0.001120740664191544,7.66363257298508e-07,1.4515798056891072e-06,2.0,875.0
3.7990605505910935e-06,0.35286062955856323,0.19364705681800842,0.007723721209913492,0.000628872134257108,0.007947816513478756,0.002001460874453187,2.1174209905439056e-06,3.3419028113712557e-06,0.22308576107025146,0.2965204417705536,0.03483965992927551,0.04816453531384468,0.008333046920597553,0.41366106271743774,0.4166729152202606,0.01878323033452034,0.384667307138443,0.34321919083595276,0.806657612323761,0.5416088104248047,0.002794028492644429,0.0026188879273831844,0.0029502238612622023,0.022043118253350258,0.41678526997566223,0.00041736921411938965,0.005051785614341497,0.029705030843615532,0.003671401645988226,0.04779478535056114,0.05187423154711723,0.002157895127311349,0.09143609553575516,0.24836568534374237,0.3424106240272522,0.01328019518405199,0.01648188941180706,0.0006789218750782311,1.4085729560520122e-07,0.020132670179009438,0.029327042400836945,0.001920590759254992,0.004049933049827814,0.7520108222961426,0.5640496611595154,0.279572069644928,0.22451290488243103,0.02376593090593815,0.013778014108538628,5.972430017209263e-07,7.937417649372946e-06,0.0,876.0
5.1267134040244855e-06,0.866637110710144,0.8841337561607361,3.777319216169417e-05,0.00026910044834949076,0.0002798732020892203,0.0019799494184553623,9.455644658373785e-07,1.2248723351149238e-06,0.2955053150653839,0.3762795329093933,0.04673894867300987,0.06462397426366806,0.021120183169841766,0.16518865525722504,0.19152376055717468,0.04992064833641052,0.30222412943840027,0.25996488332748413,0.6402838230133057,0.5549075603485107,0.002867085160687566,0.001359395100735128,0.002738794544711709,0.03754613548517227,0.5385918617248535,0.0008651668904349208,0.0049058906733989716,0.023220470175147057,0.06674358993768692,0.0008539503323845565,0.0007166113355197012,0.021341048181056976,0.0002764911623671651,0.3454347848892212,0.4339780807495117,0.016461672261357307,0.04045310243964195,0.00590032571926713,0.0007005692459642887,0.0013110435102134943,0.015471039339900017,0.000712446344550699,0.00917624868452549,0.8588522672653198,0.9273395538330078,0.010311566293239594,0.0338815301656723,0.023308929055929184,0.0570463165640831,1.2480818440963048e-06,7.802699656167533e-06,1.0,877.0
1.465866716898745e-06,0.0009208127739839256,0.00040787801844999194,0.16810454428195953,0.5653914213180542,0.655681848526001,1.897815673146397e-05,1.1455466619736399e-06,1.090430259864661e-06,0.13001929223537445,0.10133866965770721,0.09710880368947983,0.1047186329960823,0.005759004969149828,0.5074320435523987,0.5066332817077637,0.0035712062381207943,0.10179697722196579,0.10356088727712631,0.3382859528064728,0.18837973475456238,0.005263131577521563,0.007848099805414677,0.00017325229418929666,0.0002425314305583015,0.0011466044234111905,9.975018474506214e-05,0.00024652743013575673,0.007491616997867823,0.0001278645941056311,0.010586543940007687,0.01286416407674551,0.0049825324676930904,0.007633142173290253,0.0003470689116511494,0.0006169404950924218,0.04006005823612213,0.0033241554629057646,0.09501072764396667,0.00011618826101766899,0.0017110074404627085,0.00027196420705877244,0.009165683761239052,0.06986816227436066,0.03318926319479942,0.008644810877740383,0.07634837180376053,0.0282678734511137,0.0010814195265993476,0.0006475303671322763,1.8303922843188047e-05,1.0079006642627064e-06,1.0,878.0
7.417251595143171e-07,0.00040863422327674925,0.00021395873045548797,0.4073994755744934,0.8174333572387695,0.6956146955490112,2.0135685190325603e-05,3.840592626147554e-07,4.907126367470482e-07,0.00419954676181078,0.0017466056160628796,0.044148243963718414,0.04521678015589714,0.04084651544690132,0.084271140396595,0.07891000062227249,0.044977884739637375,0.16589991748332977,0.17865794897079468,0.03456889092922211,0.00968858227133751,0.10082138329744339,0.16023047268390656,3.4618336940184236e-05,0.003200968960300088,0.03966961428523064,0.0002839669759850949,0.0019669386092573404,0.00040886897477321327,0.001056879642419517,0.0005837584030814469,0.000770291720982641,0.005817996338009834,0.0006453177193179727,0.0034946713130921125,0.0030288095586001873,0.0022215712815523148,0.007202334236353636,0.3961402177810669,0.004997969605028629,0.04415472596883774,0.04953193664550781,0.016871610656380653,0.02942807786166668,2.227185632364126e-06,2.281791921632248e-06,6.764930731151253e-05,0.0004999117809347808,0.00012571850675158203,0.0002573516976553947,3.6655162602983182e-06,3.993032180460432e-07,1.0,879.0
3.472494427114725e-06,0.12179304659366608,0.04599182307720184,0.03777793049812317,0.03831253945827484,0.09706974774599075,1.6196538126678206e-05,3.6975609418732347e-07,2.4473165467497893e-06,0.024125734344124794,0.0027715188916772604,0.09327520430088043,0.06716544181108475,0.07198422402143478,0.045148491859436035,0.052601564675569534,0.07838534563779831,0.09351588785648346,0.13588985800743103,0.09202549606561661,0.0837349072098732,0.01562491338700056,0.1281576305627823,2.320898238394875e-05,0.025388076901435852,0.04920410364866257,1.727662493067328e-05,0.015750830993056297,0.04761120676994324,9.761221008375287e-05,0.0017650257796049118,0.006287583615630865,0.0007411844562739134,0.0481230653822422,0.00041581367258913815,0.001266788924112916,0.022838270291686058,0.0021648809779435396,0.424166738986969,1.5158264432102442e-05,0.40898653864860535,0.06340141594409943,0.08145266026258469,0.007908518426120281,4.49326535090222e-06,1.0251667390548391e-06,0.000133488341816701,0.0017634570831432939,1.4375880709849298e-05,2.5277806798840174e-06,4.759135663334746e-07,8.333690288964135e-07,1.0,880.0
2.1231151094980305e-06,0.06864311546087265,0.038608040660619736,0.004366928245872259,0.08772925287485123,0.0671333447098732,0.0003251121088396758,3.4913623494503554e-06,2.1940181795798708e-06,0.15837612748146057,0.09663598239421844,0.06436384469270706,0.059100884944200516,0.02338082529604435,0.14788535237312317,0.18017584085464478,0.050903886556625366,0.19967857003211975,0.24749425053596497,0.5142325162887573,0.5265949964523315,0.00589996762573719,0.011291785165667534,0.005117971915751696,0.002295946003869176,0.0018344336422160268,1.775583041307982e-05,5.4863368859514594e-05,0.0004853267455473542,0.005767813418060541,0.056337371468544006,0.03522253409028053,0.004557127598673105,0.00013504864182323217,0.1629444807767868,0.21899496018886566,0.01801564171910286,0.04319775104522705,0.001798975165002048,0.0007168265874497592,0.002949642715975642,0.0068629710003733635,0.010722176171839237,0.0215997826308012,0.7812915444374084,0.8180882930755615,0.5055240988731384,0.4091271162033081,0.578771710395813,0.7730368375778198,3.4414026686135912e-06,5.360653631214518e-06,0.0,881.0
1.4655843187938444e-06,0.15633989870548248,0.04876800253987312,0.065411277115345,0.012394368648529053,0.06339496374130249,2.5563733288436197e-05,2.7370319344299787e-07,1.43586328249512e-06,0.15935535728931427,0.11292161047458649,0.04886370152235031,0.1985412836074829,0.0038242763839662075,0.14211289584636688,0.461332231760025,0.05597788468003273,0.2175738513469696,0.06171770021319389,0.5793144702911377,0.050134316086769104,0.007653743959963322,0.0043562245555222034,8.126824104692787e-05,0.001309420564211905,0.02276715263724327,0.00038063348620198667,0.005373044870793819,0.0020309926476329565,0.0007826313958503306,0.0027081076987087727,0.0051155248656868935,0.00046834858949296176,0.0007692893268540502,0.0008572064689360559,0.0015521884197369218,0.02350321225821972,0.014255382120609283,0.07979191094636917,0.0008837777422741055,0.15559940040111542,0.050290822982788086,0.02279755100607872,0.0012053812388330698,1.0764961189124733e-05,7.984146577655338e-06,0.00023176506510935724,0.005320928059518337,2.1376640688686166e-06,1.1205853525098064e-06,1.6603581798335654e-06,1.632180442356912e-06,2.0,882.0
6.520344868476968e-07,0.0001139839441748336,0.0001755477860569954,0.6436034440994263,0.8319104909896851,0.5941373109817505,0.00032634093076922,2.97547103400575e-06,2.198665924879606e-06,0.028253044933080673,0.004133577458560467,0.18608184158802032,0.1522229164838791,0.04156964272260666,0.11053986847400665,0.10218414664268494,0.04228805750608444,0.05988335236907005,0.07619532197713852,0.06516508758068085,0.02102801389992237,0.04160594567656517,0.17516328394412994,0.001160737476311624,0.004123579245060682,0.4673304557800293,0.011203019879758358,0.0004282114387024194,0.012475927360355854,0.009641707874834538,0.007544056046754122,0.016612844541668892,0.02451518550515175,0.006340246181935072,0.6640113592147827,0.6862969398498535,0.0019980710931122303,0.010266054421663284,0.07412682473659515,4.0580805944046006e-05,0.009503968991339207,0.0050677340477705,0.0028603982646018267,0.054274920374155045,0.00042015721555799246,0.0006723906844854355,0.0004002883215434849,0.017255466431379318,0.013018263503909111,0.011093409731984138,1.716756923997309e-05,5.295811661198968e-06,1.0,883.0
1.5418053180837887e-06,0.4342983365058899,0.36220407485961914,0.0018488263012841344,0.0014775180025026202,0.002685095649212599,2.2556459953193553e-05,2.3803842452707613e-07,3.436259703448741e-07,0.1315460503101349,0.1120854988694191,0.1737692952156067,0.19428159296512604,0.0031598780769854784,0.4144595265388489,0.38504254817962646,0.014461432583630085,0.06298497319221497,0.054018229246139526,0.4691240191459656,0.49730101227760315,0.004463145975023508,0.004238726571202278,0.00010844933422049507,0.0006922199972905219,0.009345297701656818,0.00012078847066732123,0.0013841056497767568,0.004168420564383268,0.014970588497817516,0.0025550387799739838,0.0027963374741375446,0.00019657606026157737,0.0003240504302084446,0.0009583831997588277,0.001166342874057591,0.04220479354262352,0.0772322490811348,0.005145517643541098,0.0010631289333105087,0.07566853612661362,0.007834933698177338,0.03856443613767624,0.007345719262957573,0.0006155525334179401,0.000810297264251858,0.0007518320344388485,0.0037066980730742216,1.6878171663847752e-05,4.658426405512728e-05,3.8438207639046595e-07,8.865332006280369e-07,1.0,884.0
2.688227368707885e-06,0.18258516490459442,0.26698431372642517,0.019599847495555878,0.007207774557173252,0.0021990654058754444,4.5339682401390746e-05,8.122377721520024e-07,5.3094930763109e-07,0.04570788890123367,0.02977096661925316,0.04278269037604332,0.03648888319730759,0.004171240609139204,0.2208794802427292,0.2794194221496582,0.019959459081292152,0.20495648682117462,0.20599354803562164,0.16616658866405487,0.145152285695076,0.017924074083566666,0.01334505993872881,0.00034867905196733773,0.0016009666724130511,0.0053454614244401455,2.5781382646528073e-05,0.00011842955427709967,0.003003882011398673,0.0017314478754997253,0.007828052155673504,0.008036828599870205,0.008880401961505413,0.0010253168875351548,0.015670090913772583,0.01951584964990616,0.017231427133083344,0.015224953182041645,0.035189464688301086,0.0006511116516776383,0.0049198768101632595,0.0013570019509643316,0.018369195982813835,0.31795376539230347,0.0012372932396829128,0.0009872687514871359,0.0032690211664885283,0.003717573592439294,0.0982155129313469,0.11965488642454147,7.296317107829964e-06,2.96250004794274e-06,1.0,885.0
2.237461785625783e-06,0.043916843831539154,0.01297884900122881,0.11321601271629333,0.026568874716758728,0.28655827045440674,0.001048682606779039,4.563523816614179e-06,3.1122472137212753e-06,0.17668204009532928,0.0860394760966301,0.1479586362838745,0.14250555634498596,0.0010977375786751509,0.6443889141082764,0.6886007785797119,0.01120961457490921,0.08553975820541382,0.06960058957338333,0.4893837869167328,0.3646429777145386,0.004957281984388828,0.01026914082467556,0.0024848664179444313,0.00022833484399598092,0.05069826915860176,0.0039579314179718494,0.00022558403725270182,0.019976701587438583,0.00254183541983366,0.018399996683001518,0.01807297021150589,0.003279759082943201,0.013674497604370117,0.2732538878917694,0.4167740046977997,0.017109861597418785,0.005204981658607721,0.00223943660967052,2.6649049686966464e-06,0.01389482244849205,0.004858395084738731,0.0036608027294278145,0.05966521054506302,0.5217132568359375,0.21734219789505005,0.34832441806793213,0.07313083112239838,0.45332300662994385,0.28166165947914124,3.17234116664622e-06,8.868588338373229e-06,0.0,886.0
1.2269053968338994e-06,0.06007593125104904,0.0817263126373291,0.02923916094005108,0.06343333423137665,0.0431264229118824,9.48373599385377e-06,1.1554774346222985e-06,3.4422225780872395e-07,0.014152886345982552,0.012525578029453754,0.06948570162057877,0.07940508425235748,0.9352754950523376,0.00047269693459384143,0.0001745944464346394,0.9374849200248718,0.11555609852075577,0.11362895369529724,0.2641816735267639,0.08002889156341553,0.042169686406850815,0.07079465687274933,0.00010991565068252385,0.0004955735057592392,0.0024766852147877216,0.0001027040125336498,0.0003897518909070641,0.0002263896749354899,0.00020522299746517092,0.02118689753115177,0.03001071885228157,0.01052318699657917,0.0011842274107038975,0.0006800638511776924,0.00045766131370328367,0.0005484235007315874,0.0028233323246240616,0.5582273602485657,0.0007155754719860852,0.0017527921590954065,0.0006092486437410116,0.007181054912507534,0.027619900181889534,0.00010926793038379401,0.00016453591524623334,0.003442102111876011,0.035282883793115616,0.0006030848599039018,0.000976717914454639,4.130495199206052e-06,2.127223297065939e-06,2.0,887.0
3.2256587019219296e-06,0.7112993001937866,0.6888211369514465,0.00026849485584534705,0.0014471367467194796,0.0010638204403221607,1.5419951523654163e-05,4.432166633705492e-07,3.627918374604633e-07,0.23870740830898285,0.15717017650604248,0.010351716540753841,0.008530683815479279,0.03848269581794739,0.058230187743902206,0.09234017878770828,0.06810702383518219,0.5216866731643677,0.5242995023727417,0.44542327523231506,0.35282060503959656,0.0017960063414648175,0.002083803294226527,4.640903352992609e-05,0.0017890483140945435,0.02439839020371437,0.00019726889149751514,0.00924205407500267,0.019626230001449585,0.0017131516942754388,0.0008656955324113369,0.0010989356087520719,0.0021467653568834066,0.001607912010513246,0.0006307614385150373,0.0009054573602043092,0.03260938450694084,0.009427066892385483,0.43040797114372253,0.0010299129644408822,0.22238032519817352,0.023695554584264755,0.04502939432859421,0.008790552616119385,2.61176101048477e-05,9.750156095833518e-06,0.0002886911970563233,0.0002963032457046211,5.001553290640004e-06,1.7658026081335265e-06,5.027808924751298e-07,3.570399371710664e-07,2.0,888.0
8.892936875781743e-07,0.005003664176911116,0.003809760557487607,0.23055501282215118,0.22904667258262634,0.3314266800880432,0.0018601587507873774,3.1241538636095356e-06,1.6778420786067727e-06,0.5585535764694214,0.6687026619911194,0.5817428827285767,0.5983883142471313,0.0063239880837500095,0.31805652379989624,0.35933834314346313,0.02145491912961006,0.019482573494315147,0.014324831776320934,0.5660656690597534,0.4317511320114136,0.0014883725671097636,0.0006370740593411028,0.004268838092684746,0.01550810132175684,0.4305349588394165,0.002008772687986493,0.00022473926946986467,0.009305562824010849,0.01531148049980402,0.3690386414527893,0.34787651896476746,0.011924002319574356,0.007495820056647062,0.7418845891952515,0.7590625286102295,0.004290680401027203,0.014917262829840183,0.004169598687440157,1.9260837689216714e-06,0.0038380895275622606,0.004011703189462423,0.0010379652958363295,0.027586733922362328,0.03348381444811821,0.039838552474975586,0.281470388174057,0.31329217553138733,0.06560704857110977,0.09206710755825043,1.0249947081319988e-05,9.583218343323097e-06,0.0,889.0
9.9626277005882e-07,0.0002727031533140689,0.00016840995522215962,0.6678801774978638,0.8218698501586914,0.8654194474220276,0.0008582755108363926,7.936773727124091e-06,1.785394488251768e-06,0.0423167422413826,0.015743417665362358,0.06387025117874146,0.05649353936314583,0.016635987907648087,0.1480143666267395,0.24931728839874268,0.054559990763664246,0.1407853066921234,0.1785455346107483,0.22930820286273956,0.16090711951255798,0.017428401857614517,0.05706772580742836,0.0017756449524313211,0.0002819585206452757,0.09318488836288452,0.005540188401937485,0.0007588248699903488,0.004511186387389898,0.0010938048362731934,0.0015545209171250463,0.0016066571697592735,0.038831647485494614,0.029315581545233727,0.38327860832214355,0.3317350447177887,0.012851105071604252,0.013163873925805092,0.016245879232883453,7.753150384814944e-06,0.0030859489925205708,0.0020712525583803654,0.0007982296519912779,0.012487569823861122,0.7619981169700623,0.5828391909599304,0.2168641984462738,0.04447151720523834,0.08997266739606857,0.05444929003715515,5.940295523032546e-06,1.943046072483412e-06,0.0,890.0
3.222196710339631e-06,0.09226472675800323,0.055638790130615234,0.015156195499002934,0.030366139486432076,0.05465586483478546,0.0004112818860448897,2.3023897028906504e-06,3.105901896560681e-06,0.3931383788585663,0.3061715364456177,0.426862508058548,0.43219825625419617,0.012911621481180191,0.2706712782382965,0.2751699388027191,0.024345973506569862,0.030746014788746834,0.026057962328195572,0.3400248885154724,0.37578022480010986,0.003297676332294941,0.0032862485386431217,0.0037486443761736155,0.00031184335239231586,0.00311127002350986,0.00014498730888590217,9.548154775984585e-05,0.00815640203654766,0.007335892412811518,0.0027954240795224905,0.0026884714607149363,0.005800316110253334,0.0015192074934020638,0.11028912663459778,0.2001127451658249,0.10851848125457764,0.13307344913482666,0.002968125743791461,0.000147626458783634,0.004769451450556517,0.009948753751814365,0.0060558742843568325,0.014219946227967739,0.9112415313720703,0.9114108085632324,0.1528586596250534,0.2915545105934143,0.5945711731910706,0.6517127752304077,4.615317720890744e-06,5.040685209678486e-06,0.0,891.0
3.4449751638021553e-06,0.002594876568764448,0.006018938962370157,0.2785463035106659,0.4868318736553192,0.2795560359954834,3.93918453482911e-05,1.868067869281731e-07,2.840493209532724e-07,0.012101292610168457,0.01583230122923851,0.0053685191087424755,0.007547677028924227,0.008770783431828022,0.3116239011287689,0.3174111247062683,0.011429551988840103,0.5372450351715088,0.5505889654159546,0.28077101707458496,0.04340910539031029,0.0642605572938919,0.009730317629873753,2.7903179216082208e-05,0.005167677998542786,0.17224322259426117,9.098763985093683e-05,0.13483312726020813,0.001767546171322465,0.003571157343685627,0.0004267508047632873,0.0005836184718646109,0.0006345387664623559,0.0016022101044654846,0.0011249920353293419,0.0007527307607233524,0.03015219420194626,0.07235004752874374,0.06726524978876114,0.001210416085086763,0.08686085790395737,0.03913647681474686,0.0384347066283226,0.0016687804600223899,2.9902126698289067e-05,2.723341094679199e-05,0.0001286765036638826,0.0008575892425142229,3.706687721205526e-06,3.863040547003038e-06,6.007842898725357e-07,3.8735211660423374e-07,1.0,892.0
1.3286240800880478e-06,0.011737524531781673,0.0033471921924501657,0.14966069161891937,0.2454073131084442,0.3147950768470764,0.001038948306813836,4.160156549914973e-06,1.8848872969101649e-06,0.16736283898353577,0.06373469531536102,0.236983060836792,0.1754310131072998,0.1519370675086975,0.26018422842025757,0.049531977623701096,0.015814146026968956,0.04802733659744263,0.06360087543725967,0.3211202323436737,0.2614002823829651,0.007055224850773811,0.017663124948740005,0.005452945828437805,0.00045491286437027156,0.11498359590768814,0.005109512712806463,0.0004185220750514418,0.009280890226364136,0.010489825159311295,0.002107868669554591,0.0019333161180838943,0.03209350258111954,0.0006000677822157741,0.8078844547271729,0.8728423118591309,0.017827168107032776,0.038686417043209076,0.008790506049990654,0.00015280461229849607,0.002210298553109169,0.005586183629930019,0.0009155492880381644,0.006902134045958519,0.8322159051895142,0.8511115312576294,0.06259827315807343,0.07248044013977051,0.6100386381149292,0.608717679977417,5.645370947604533e-06,5.012861038267147e-06,0.0,893.0
4.200284820399247e-06,0.7207224369049072,0.6979237198829651,0.00011300387268420309,0.001457119476981461,0.001952864695340395,6.403734732884914e-05,2.527394542539696e-07,2.771503773146833e-07,0.632907509803772,0.48698896169662476,0.5228692889213562,0.5403684973716736,0.2501700818538666,0.015358222648501396,0.015156607143580914,0.2520102560520172,0.00948392041027546,0.013145471923053265,0.46825116872787476,0.42997631430625916,0.0005094516673125327,0.0003285783459432423,0.00013324417523108423,0.0001658454566495493,0.00302203674800694,0.00016139000945258886,0.0004308696952648461,0.02972780540585518,0.012130524963140488,0.0001482673396822065,0.00015441342839039862,0.000877966289408505,0.00027634380967356265,0.00035418150946497917,0.0006321019609458745,0.034164585173130035,0.01506877038627863,0.013863516971468925,0.006120765116065741,0.006712793838232756,0.005125346127897501,0.01881471835076809,0.0626421794295311,0.43526002764701843,0.38105764985084534,0.0019001802429556847,0.006833917926996946,0.015230088494718075,0.016934160143136978,9.364441098114185e-07,7.422006547130877e-07,2.0,894.0
7.771647574372764e-07,0.00037091574631631374,0.0002412606409052387,0.6124232411384583,0.6938298940658569,0.5460755228996277,0.0019055886659771204,7.273890332726296e-06,3.045543508051196e-06,0.04230751842260361,0.014370269142091274,0.16034600138664246,0.14216843247413635,0.015008951537311077,0.3447705805301666,0.3294338285923004,0.006827862933278084,0.08322758227586746,0.10193442553281784,0.17871546745300293,0.1129864901304245,0.025284983217716217,0.0926593616604805,0.003083582269027829,0.03355983644723892,0.3081972002983093,0.0005434781196527183,0.0002510065387468785,0.009568626992404461,0.025158114731311798,0.011921524070203304,0.01341254636645317,0.04077240079641342,0.0003085036005359143,0.8420907258987427,0.8526629209518433,0.003945073112845421,0.013240651227533817,0.0443260483443737,0.0004444008518476039,0.0017595598474144936,0.0022392235696315765,0.0023813056759536266,0.060732003301382065,0.5320260524749756,0.6917524337768555,0.016139252111315727,0.044533874839544296,0.4893588125705719,0.574952244758606,1.8706363334786147e-05,1.0483632649993524e-05,1.0,895.0
1.3943819112682831e-06,0.00495890760794282,0.0023685824126005173,0.29895126819610596,0.32465967535972595,0.44548290967941284,6.832154758740216e-05,3.0396508918784093e-06,1.2550534620459075e-06,0.15417788922786713,0.03752691298723221,0.0901089459657669,0.05086703971028328,0.0010335472179576755,0.7884200215339661,0.774581789970398,0.002107140375301242,0.12688609957695007,0.1652313470840454,0.3247920274734497,0.40065568685531616,0.0034033413976430893,0.023766933009028435,0.00029424511012621224,0.0026654102839529514,0.048037633299827576,0.003295094007626176,0.0016540954820811749,0.001542816055007279,0.0008923175046220422,0.025558708235621452,0.01634484902024269,0.006794731132686138,0.11841298639774323,0.020102081820368767,0.04509378597140312,0.0066383350640535355,0.004449264146387577,0.4977101981639862,2.260347855553846e-06,0.11229223012924194,0.014965448528528214,0.006086533423513174,0.007767879404127598,9.239395694748964e-06,2.6210213945887517e-06,0.004925912711769342,0.0010589451994746923,2.4146022042259574e-05,1.4107151400821749e-05,4.057932073919801e-06,9.329311865258205e-07,1.0,896.0
3.125585976704315e-07,0.4788137972354889,0.2923167049884796,0.0014339233748614788,0.004113184288144112,0.010456990450620651,1.3923996448284015e-05,1.9704383191765373e-07,2.8788035066895645e-08,0.21260829269886017,0.3029671013355255,0.07122403383255005,0.20161710679531097,0.03688724711537361,0.046491920948028564,0.11888455599546432,0.11006656289100647,0.17898917198181152,0.07313734292984009,0.8010738492012024,0.5112457275390625,0.004863997921347618,0.0008984926389530301,0.00012931108358316123,0.0028224827256053686,0.02063142880797386,0.000153645160025917,0.0017774875741451979,0.00015127731603570282,0.0008686921210028231,0.0014748107641935349,0.001453843666240573,0.03868682309985161,0.00031333466176874936,0.003258115379139781,0.0020444239489734173,0.00016302622680086643,0.0014036381617188454,0.700028121471405,0.0023028517607599497,0.0011057050433009863,0.002655418822541833,0.0008431635214947164,0.00987893808633089,3.094393105129711e-05,5.6254983064718544e-05,0.0007487001712433994,0.0026061239186674356,9.44828861975111e-05,0.00023409321147482842,9.649389767218963e-07,5.588374278886477e-07,1.0,897.0
1.8184704231316573e-06,0.02337218075990677,0.03166528046131134,0.01197223924100399,0.14301829040050507,0.07638957351446152,0.0017997161485254765,3.183712806276162e-06,2.782226601993898e-06,0.021297000348567963,0.023061109706759453,0.037814460694789886,0.04464215412735939,0.015787266194820404,0.26978355646133423,0.24479730427265167,0.015170956030488014,0.3306090533733368,0.28516730666160583,0.2657214105129242,0.09710564464330673,0.06646433472633362,0.04000243544578552,0.0020826635882258415,0.009236790239810944,0.4895637035369873,0.0015199786284938455,0.0007140366360545158,0.013030892238020897,0.014942452311515808,0.002661211648955941,0.002502590650692582,0.07657312601804733,0.0011437964858487248,0.575128436088562,0.6431570053100586,0.01245076209306717,0.02393154986202717,0.0198155976831913,0.0001800678437575698,0.00038696304545737803,0.0022565668914467096,0.0008444213890470564,0.03477358818054199,0.9117857217788696,0.9319169521331787,0.07688040286302567,0.05479812249541283,0.20887728035449982,0.260805606842041,9.194382982968818e-06,1.1229840310988948e-05,1.0,898.0
8.46160958190012e-07,0.00039128607022576034,0.0002240646572317928,0.48985356092453003,0.6675484776496887,0.7256240844726562,0.0010487448889762163,3.8062337353039766e-06,3.0558835533156525e-06,0.10925102978944778,0.052702050656080246,0.07450136542320251,0.06646983325481415,0.02178169973194599,0.3266562819480896,0.3101922571659088,0.006647815927863121,0.1538958102464676,0.17841245234012604,0.20131076872348785,0.1358841508626938,0.012437066063284874,0.023183761164546013,0.0024424572475254536,0.02547096274793148,0.516796350479126,0.0008751045097596943,0.0001653931540204212,0.05430588126182556,0.017298229038715363,0.038667090237140656,0.061325106769800186,0.10015325993299484,0.004759121220558882,0.5724637508392334,0.569731593132019,0.0014229599619284272,0.003608912928029895,0.06702784448862076,1.026998597808415e-05,0.0014875464839860797,0.0011299444595351815,0.0006439218996092677,0.05651828646659851,0.3333973288536072,0.4736177623271942,0.04290540888905525,0.2528420686721802,0.18376407027244568,0.21268512308597565,1.651081402087584e-05,6.191542979649967e-06,1.0,899.0
8.852143764670473e-07,0.00040213504689745605,0.002892474876716733,0.16938212513923645,0.5817819833755493,0.2093009501695633,5.610880634776549e-06,7.574038249913428e-07,2.617790926251473e-07,0.08832413703203201,0.06349063664674759,0.051412031054496765,0.04491383954882622,0.011725346557796001,0.30159518122673035,0.2995623052120209,0.007367778569459915,0.1751149445772171,0.20055224001407623,0.3150515556335449,0.36716634035110474,0.007456559222191572,0.00927193183451891,2.360102917009499e-05,0.0005991491489112377,0.007039061281830072,0.0001722146844258532,0.001374555635266006,0.00023997020616661757,0.000906827044673264,0.012306691147387028,0.016742095351219177,0.0008876746287569404,0.0021267735864967108,0.00042721256613731384,0.00024218250473495573,0.0021375915966928005,0.021885834634304047,0.20190460979938507,0.0005131671205163002,0.033418845385313034,0.006594033446162939,0.06956323981285095,0.03026578575372696,8.476030416204594e-06,1.5369520042440854e-05,0.0005147512420080602,0.00674610398709774,2.8538264814415015e-05,8.600376168033108e-05,2.7516568934515817e-06,4.962674324815453e-07,1.0,900.0
1.705605768620444e-06,0.0038869772106409073,0.03590168058872223,0.14017832279205322,0.28544875979423523,0.04358572140336037,1.1422770512581337e-05,4.3503345636963786e-07,9.862225169854355e-07,0.026984885334968567,0.01773008704185486,0.04155193641781807,0.04229247570037842,0.0029325180221349,0.4420696794986725,0.428133100271225,0.008444401435554028,0.20153670012950897,0.21714286506175995,0.20407898724079132,0.11657466739416122,0.02301383763551712,0.027913108468055725,2.9982820706209168e-05,0.0002761871146503836,0.01210225559771061,0.0006194135057739913,0.001995884347707033,0.012942900881171227,0.0006363595020957291,0.00036341353552415967,0.000716182985343039,0.001095468644052744,0.0011100760893896222,0.0002722900826483965,0.000699765223544091,0.025105390697717667,0.003686442505568266,0.38672006130218506,0.003072340739890933,0.10331183671951294,0.015242299996316433,0.07403663545846939,0.01967131718993187,8.871015779732261e-06,3.805083224506234e-06,8.826580597087741e-05,0.0006498245638795197,2.3682305254624225e-05,1.5170932783803437e-05,2.290755446665571e-06,4.5001343096373603e-07,1.0,901.0
9.618830745239393e-07,0.0160833727568388,0.0067678047344088554,0.08014921844005585,0.162495419383049,0.1545432060956955,6.264149305934552e-06,4.3166488694623695e-07,1.2956732575730712e-07,0.5535305738449097,0.42186594009399414,0.6184004545211792,0.6508214473724365,0.013340472243726254,0.25151631236076355,0.24200847744941711,0.020548125728964806,0.008196208626031876,0.007269085850566626,0.31341254711151123,0.37464645504951477,0.0010661843698471785,0.000619764847215265,6.917736027389765e-05,0.000952341069933027,0.0007228926406241953,1.9069939298788086e-05,8.632486424176022e-05,0.0003626591060310602,0.0001750293158693239,0.05006711557507515,0.06552132964134216,0.003851455869153142,0.009941608645021915,0.0004982674145139754,0.00026174276717938483,0.002564049558714032,0.0038734348490834236,0.140422523021698,8.03110160632059e-05,0.0009953246917575598,0.00023168575717136264,0.031535468995571136,0.23516224324703217,0.0005235847784206271,0.0004436091985553503,0.008907176554203033,0.0208424162119627,0.010851908475160599,0.01363648846745491,1.2397075806802604e-05,1.156924099632306e-06,1.0,902.0
9.29926102344325e-07,9.513763507129624e-05,5.390498336055316e-05,0.8868381381034851,0.6353370547294617,0.639439582824707,0.0012505805352702737,6.128596396592911e-06,9.185636372421868e-06,0.01565781980752945,0.005588417407125235,0.7389239072799683,0.5118670463562012,0.2655932903289795,0.20717160403728485,0.017864158377051353,0.018530648201704025,0.004512867424637079,0.014888687059283257,0.014138376340270042,0.026281198486685753,0.08163446933031082,0.2296692579984665,0.006212329957634211,0.01239397656172514,0.29251712560653687,0.003437955165281892,0.000327548710629344,0.07415669411420822,0.06812037527561188,0.010328917764127254,0.018500907346606255,0.053724952042102814,0.0012840281706303358,0.9484165906906128,0.9528940916061401,0.016616933047771454,0.03641796112060547,0.009079307317733765,9.627971303416416e-05,0.010060933418571949,0.011435006745159626,0.0019338533747941256,0.03998558595776558,0.04561745747923851,0.05394464358687401,0.004829612094908953,0.019165020436048508,0.19168801605701447,0.17875109612941742,2.1991734683979303e-05,7.434868166455999e-06,1.0,903.0
7.251839519994974e-07,0.005873129237443209,0.009597057476639748,0.2552526593208313,0.24472783505916595,0.275169312953949,0.0001279138814425096,3.964074039686238e-06,1.4093016034166794e-06,0.07478737086057663,0.018044210970401764,0.02635282464325428,0.02722804620862007,0.5837666988372803,0.003531763795763254,0.007364082150161266,0.6406700015068054,0.24337641894817352,0.2381245493888855,0.2374057173728943,0.05274830386042595,0.009830608032643795,0.04820232465863228,0.0007974036270752549,0.0001543935650261119,0.03544740751385689,0.05422859266400337,0.00012689315190073103,0.0023289064411073923,0.00021020910935476422,0.009844286367297173,0.010324186645448208,0.012593691237270832,0.00012623505608644336,0.4397096633911133,0.7728036046028137,0.017444469034671783,0.0005692723789252341,0.20901533961296082,0.002840835601091385,0.01808088831603527,0.008957738988101482,0.0020692378748208284,0.03417345881462097,1.3659700016432907e-05,2.5727149477461353e-06,0.0014169053174555302,0.0018303764518350363,0.004051175434142351,0.0007467067916877568,4.4131040340289474e-05,4.4361686377669685e-06,1.0,904.0
1.8997562278855185e-07,0.00039568208740092814,0.0003415218961890787,0.38223519921302795,0.8584247827529907,0.38027605414390564,1.2699098078883253e-05,7.485213586733153e-07,3.5416707788726853e-08,0.04853328689932823,0.039430782198905945,0.13737832009792328,0.42189881205558777,0.7030977606773376,0.0018985728966072202,0.007614361122250557,0.8218590617179871,0.1042039543390274,0.01353843230754137,0.506210207939148,0.03424257040023804,0.05604615807533264,0.006580918096005917,0.00022300156706478447,0.002398561453446746,0.001101648318581283,0.00012460464495234191,9.662351658334956e-05,7.395420834654942e-05,0.0011247931979596615,0.4757412075996399,0.41026997566223145,0.003907194826751947,0.0006165213417261839,0.001644138596020639,0.0009132695849984884,0.0003793420910369605,0.009961312636733055,0.21097120642662048,0.0002927056630142033,0.002368012210354209,0.0004002837522421032,0.021390151232481003,0.03945489972829819,8.985277236206457e-05,0.00021369897876866162,0.0067635937593877316,0.02816232107579708,0.00026635697577148676,0.00038962741382420063,7.160832865338307e-06,7.818794642844296e-07,1.0,905.0
3.676656490370078e-07,0.0010723117738962173,0.0016316520050168037,0.11317171156406403,0.8332624435424805,0.6321200132369995,1.812162372516468e-05,2.1123251769950002e-07,8.416475907324639e-07,0.00204649125225842,0.000555213657207787,0.06694840639829636,0.05831654742360115,0.03651175647974014,0.05785319581627846,0.09059321135282516,0.0707501620054245,0.14929774403572083,0.14786435663700104,0.018367327749729156,0.009010451845824718,0.2078786939382553,0.4073711931705475,4.790433740708977e-05,0.005100305192172527,0.061283573508262634,0.0006043238681741059,0.0039401124231517315,0.001065634423866868,0.0009130699909292161,3.8624071748927236e-05,4.719353819382377e-05,0.033276576548814774,0.001418105443008244,0.004653280600905418,0.005596106871962547,0.0007685987511649728,0.001026367419399321,0.9482447504997253,0.005071661900728941,0.024860620498657227,0.057750072330236435,0.002125937957316637,0.004297150764614344,6.383378945429286e-07,4.030364664231456e-07,2.5328034098492935e-05,0.00010006171942222863,2.6206304028164595e-05,3.629767525126226e-05,2.5759654818102717e-06,2.812803359120153e-07,1.0,906.0
2.4805681277939584e-06,0.001291789929382503,0.003615899942815304,0.40749016404151917,0.5464037656784058,0.20154725015163422,1.6928999684751034e-05,3.3100382097472902e-06,2.8732418400068127e-07,0.04420243948698044,0.05915214493870735,0.0494694747030735,0.05282418429851532,0.025245439261198044,0.14534015953540802,0.13792231678962708,0.03951849415898323,0.19893141090869904,0.21882322430610657,0.14426353573799133,0.21378245949745178,0.017353713512420654,0.01224797684699297,0.00010184948041569442,0.0003495708806440234,0.015052219852805138,0.0001178738966700621,0.004893437959253788,0.00019363938190508634,0.0003322426928207278,0.12625975906848907,0.11986973136663437,0.03273716941475868,0.001021245843730867,0.0002676407166291028,0.00018105434719473124,0.0013671584893018007,0.001382767572067678,0.5331929326057434,0.000696626550052315,0.0017083355924114585,0.0002726176171563566,0.007280339486896992,0.07700061798095703,0.004326373804360628,0.004631299991160631,0.1523059904575348,0.09168467670679092,0.001388238975778222,0.002987065352499485,3.1715546811028617e-06,1.0331933708584984e-06,1.0,907.0
8.875787784745626e-07,0.12280109524726868,0.00045543527812696993,0.023616107180714607,0.04924061521887779,0.48658281564712524,3.0939150747144595e-05,1.5181855133050703e-06,6.575665452146495e-07,0.03014950267970562,0.009093819186091423,0.19351045787334442,0.21448613703250885,0.1636156588792801,0.025022214278578758,0.023697055876255035,0.1941249817609787,0.04496018588542938,0.04243232682347298,0.10313370078802109,0.02159043215215206,0.024948816746473312,0.10932786762714386,4.384632848086767e-05,0.13907292485237122,0.1447906792163849,0.00017227792704943568,0.0019345273030921817,0.000803608272690326,0.0031537257600575686,0.0007948902202770114,0.0005921825068071485,0.025766529142856598,0.0005113395163789392,0.019504394382238388,0.017294874414801598,0.0005333866574801505,0.000755002663936466,0.9706339836120605,0.010563704185187817,0.2151569128036499,0.08550240844488144,0.017906799912452698,0.043052978813648224,1.2883211297776143e-07,5.968723115756802e-08,5.919454270042479e-05,3.582875433494337e-05,0.00011927547166123986,9.80133845587261e-05,5.585797680396354e-06,7.348498343162646e-07,1.0,908.0
1.902036387946282e-06,0.3595242202281952,0.5751367807388306,0.00014085661678109318,0.019294090569019318,0.00345454434864223,0.0013781398301944137,6.201354949553206e-07,9.502915645498433e-07,0.4238626956939697,0.44904688000679016,0.26889097690582275,0.2824658155441284,0.2966635227203369,0.020223697647452354,0.022884175181388855,0.3067038357257843,0.07330022752285004,0.06663570553064346,0.5715962648391724,0.7061313390731812,0.006182199344038963,0.0007687525358051062,0.01546345092356205,0.06775140762329102,0.012006287463009357,8.803904165688436e-06,0.00014672870747745037,0.0011335737071931362,0.029170410707592964,0.004857860039919615,0.0034322580322623253,0.006286442745476961,0.000192129475180991,0.7357789278030396,0.7617750763893127,0.03946487978100777,0.17852826416492462,0.0004250127531122416,0.00027112927637062967,0.0020849520806223154,0.05164625495672226,0.0015952056273818016,0.006346871145069599,0.8401495814323425,0.9162499904632568,0.17277146875858307,0.4957548677921295,0.4613189399242401,0.6452407836914062,2.7776668503065594e-06,9.510617019259371e-06,0.0,909.0
5.829362521581061e-07,0.03348705172538757,0.033290352672338486,0.005486801732331514,0.08258605748414993,0.06648430228233337,1.6441694242530502e-05,1.62939073788948e-07,1.6958823323420802e-07,0.27560099959373474,0.1267545521259308,0.1939103901386261,0.16307388246059418,0.032925911247730255,0.11509018391370773,0.10259611159563065,0.035491976886987686,0.05572019889950752,0.05930209159851074,0.5359376668930054,0.39594125747680664,0.001888276543468237,0.0035348094534128904,0.00017320936603937298,0.0005147050833329558,0.0010704476153478026,1.1164487659698352e-05,0.000388602347811684,0.00662670424208045,0.005278043914586306,0.0003127136151306331,0.00029728509252890944,0.0013439327012747526,0.001613744767382741,0.00039588319486938417,0.0004100679070688784,0.05127422511577606,0.037223950028419495,0.015131973661482334,0.00047761708265170455,0.0015244632959365845,0.0003484823100734502,0.004072471056133509,0.010141436010599136,0.11671889573335648,0.09734362363815308,0.02163243107497692,0.009785132482647896,0.00013427883095573634,0.00019461468036752194,1.3730036698689219e-06,4.894404810329434e-07,0.0,910.0
3.3046626413124613e-07,0.0010910560376942158,0.0008364926907233894,0.2451590895652771,0.697085976600647,0.281761109828949,0.00025590808945707977,1.0630869837768842e-06,1.3293954737036984e-07,0.025921950116753578,0.09552807360887527,0.005257158540189266,0.0428493395447731,0.7039233446121216,0.0010697324760258198,0.005284799728542566,0.7890368103981018,0.5102239847183228,0.27334266901016235,0.24702584743499756,0.04625348746776581,0.027446074411273003,0.004680602811276913,0.003074506064876914,0.02096937969326973,0.005328408908098936,8.667669135320466e-06,0.0001051915533025749,0.00017682470206636935,0.027957702055573463,0.12374215573072433,0.042372941970825195,0.01809433102607727,0.00012137083831476048,0.3954806923866272,0.2702564299106598,0.010039333254098892,0.10835496336221695,0.014413022436201572,0.000636997283436358,0.002123459940776229,0.0028848976362496614,0.001862799865193665,0.05483529344201088,0.009185309521853924,0.028717583045363426,0.12653620541095734,0.08764740824699402,0.02621520310640335,0.05239981785416603,1.0429923349875025e-05,2.522497197787743e-06,0.0,911.0
3.4762783798214514e-06,0.3980722427368164,0.42498618364334106,0.00036317179910838604,0.009535959921777248,0.008765483275055885,0.00019179123046342283,1.6439106502730283e-06,1.4653495554739493e-06,0.15630391240119934,0.13848397135734558,0.29207244515419006,0.332623690366745,0.041590239852666855,0.06192313879728317,0.10792043060064316,0.09661319106817245,0.04453137889504433,0.040865086019039154,0.3756999969482422,0.288077712059021,0.008158096112310886,0.007745049893856049,0.001728596049360931,8.114775118883699e-05,0.0002215830172644928,4.164350320934318e-05,1.2485478691814933e-05,0.011390427127480507,0.03250250592827797,0.006199958734214306,0.005799072794616222,0.0017971934285014868,0.00024001914425753057,0.012635532766580582,0.028395123779773712,0.08660640567541122,0.15474767982959747,0.0029709353111684322,0.001790194190107286,0.0016745992470532656,0.00154483737424016,0.03810734674334526,0.04809029400348663,0.9273926019668579,0.9445599913597107,0.09686646610498428,0.33855339884757996,0.7156198024749756,0.8156721591949463,6.612278411921579e-06,4.646076376957353e-06,0.0,912.0
2.1186258436500793e-07,0.035993337631225586,0.017372822389006615,0.07816532999277115,0.08620371669530869,0.08034258335828781,4.854073267779313e-05,9.889588170608477e-08,2.2376978847660212e-07,0.07864704728126526,0.016477398574352264,0.03867616504430771,0.052287206053733826,0.1145053580403328,0.0639909878373146,0.04824415594339371,0.11370822042226791,0.2479223608970642,0.1958274245262146,0.45395126938819885,0.035585060715675354,0.0298678670078516,0.017103541642427444,0.00015942672325763851,0.563908576965332,0.4746158719062805,0.00011635822738753632,0.0016602497780695558,0.0018000047421082854,0.0006458628922700882,0.006037885323166847,0.010377628728747368,0.0033556369598954916,0.007410105317831039,0.11792439967393875,0.09785985946655273,0.00020416146435309201,0.004886265844106674,0.23291268944740295,6.242972631298471e-06,0.014773729257285595,0.015913505107164383,0.005188440438359976,0.0018352841725572944,3.8224322906899033e-07,6.094450100135873e-07,6.563233910128474e-05,0.0014026026474311948,8.30112912808545e-05,0.00016177966608665884,3.859590378851863e-06,6.002402415106189e-07,1.0,913.0
4.891049229627242e-06,0.3115118443965912,0.29160305857658386,0.0009038872667588294,0.002802091185003519,0.0028316155076026917,3.467575879767537e-05,2.8326050482974097e-07,6.533933856189833e-07,0.3029966950416565,0.46206027269363403,0.16454173624515533,0.20463943481445312,0.04968709498643875,0.15013551712036133,0.11839498579502106,0.019760433584451675,0.07963285595178604,0.061618395149707794,0.7289707660675049,0.5396201610565186,0.002290718723088503,0.0005474996287375689,0.00014980853302404284,0.00038055036566220224,0.0013164632255211473,5.13523664267268e-05,0.00014327939425129443,0.050271302461624146,0.023212909698486328,0.002883101115003228,0.0038728443905711174,0.000112658177386038,0.00013303026207722723,0.00048215247807092965,0.0005442578112706542,0.24483424425125122,0.1929665505886078,0.0009258156642317772,0.0025102170184254646,0.029355516657233238,0.012327034957706928,0.044511716812849045,0.0050567565485835075,0.4575377106666565,0.39759907126426697,0.010519851930439472,0.10652712732553482,7.329291838686913e-05,8.548097684979439e-05,1.6712369870219845e-06,1.5358543805632507e-06,0.0,914.0
3.412410194414406e-07,4.06182007282041e-05,0.0003872443921864033,0.772733747959137,0.7263270616531372,0.19838085770606995,8.876574429450557e-05,1.5855417814236716e-06,2.0635109194699908e-06,0.024414455518126488,0.01706794835627079,0.37226200103759766,0.3345239758491516,0.06359536945819855,0.2149704098701477,0.11240889877080917,0.01247244980186224,0.028554072603583336,0.022120339795947075,0.11899860203266144,0.07954404503107071,0.055551618337631226,0.06294620782136917,0.0003944752097595483,0.008361655287444592,0.6032664775848389,0.015426774509251118,0.0014858398353680968,0.04073619470000267,0.03999961540102959,2.0627889171009883e-05,5.9115005569765344e-05,0.06524403393268585,0.0006961772451177239,0.19784921407699585,0.23403286933898926,0.004744174890220165,0.024629225954413414,0.20118024945259094,0.004805812146514654,0.01689091883599758,0.058909252285957336,0.001601014519110322,0.013903195038437843,3.108124656137079e-05,4.4864293158752844e-05,1.007803530228557e-05,0.0011742337374016643,0.00046903599286451936,0.00036729307612404227,1.1157441804243717e-05,1.6448719861728023e-06,0.0,915.0
3.532368509695516e-06,0.006056885235011578,0.0012904241448268294,0.5338674187660217,0.18041568994522095,0.32349860668182373,2.684684659470804e-05,9.689373428045656e-07,3.7090462683408987e-06,0.015866022557020187,0.01116398349404335,0.06595625728368759,0.0705004557967186,0.0012752084294334054,0.6274791955947876,0.6047159433364868,0.004516881890594959,0.12440254539251328,0.12597906589508057,0.044447220861911774,0.05112342908978462,0.035465989261865616,0.04771260544657707,0.00010210979235125706,0.0024136858992278576,0.02789960987865925,0.0003927152429241687,0.0034453733824193478,0.02581116184592247,0.0008233378175646067,0.000761839677579701,0.0014518167590722442,0.0043995920568704605,0.03800869360566139,0.0017563726287335157,0.003782193409278989,0.02671803906559944,0.00461739394813776,0.41083651781082153,9.186617535306141e-05,0.22567281126976013,0.019377104938030243,0.02192791737616062,0.02539239078760147,2.608721661090385e-05,8.870457349985372e-06,0.0002176460693590343,0.001535796676762402,2.819043947965838e-05,1.3081267752568237e-05,3.5935977393819485e-06,8.66270056576468e-07,1.0,916.0
1.0953654054901563e-06,0.6985723972320557,0.7401502132415771,2.6404257368994877e-05,0.0021546180360019207,0.0010620771208778024,1.788454392226413e-05,1.1191975346491745e-07,2.69039219347178e-07,0.031874801963567734,0.02953905612230301,0.5297548770904541,0.49539920687675476,0.06226734444499016,0.06517347693443298,0.05233296379446983,0.0479363314807415,0.006614417769014835,0.006112107075750828,0.10044079273939133,0.07096192985773087,0.02146141603589058,0.013591914437711239,0.00010405891225673258,0.0005982902948744595,0.0033814955968409777,0.00011228055518586189,5.813859752379358e-05,0.003702665911987424,0.012599355541169643,0.00032016393379308283,0.0004828516102861613,0.005010703112930059,0.003126672934740782,0.003937277011573315,0.002908565802499652,0.011260987259447575,0.0589752122759819,0.013320501893758774,0.00036358178476803005,0.00722107756882906,0.007983642630279064,0.025680188089609146,0.16764099895954132,0.000644687854219228,0.0010747177293524146,0.0001675646926742047,0.0013939117779955268,0.024485541507601738,0.042701732367277145,1.9973831513198093e-06,6.563992656083428e-07,1.0,917.0
2.675266159712919e-06,0.0018040187424048781,0.0008920140680857003,0.5564373135566711,0.5289555788040161,0.6431670188903809,4.717967749456875e-05,6.833626571278728e-07,1.095012294172193e-06,0.018570803105831146,0.05597710236907005,0.003273000940680504,0.01723785512149334,0.01337552722543478,0.15522822737693787,0.225962296128273,0.04282349720597267,0.6721539497375488,0.41594597697257996,0.37631726264953613,0.07185463607311249,0.04769323766231537,0.015073173679411411,3.449949508649297e-05,0.018720241263508797,0.48011770844459534,0.005530331749469042,0.0718645453453064,0.009029051288962364,0.003167508402839303,3.946738797822036e-05,0.00012550661631394178,0.024101244285702705,0.012297205626964569,0.002560508204624057,0.0033464098814874887,0.00042728360858745873,0.0026490995660424232,0.9910936951637268,0.0012569704558700323,0.23611193895339966,0.1771429479122162,0.029569508507847786,0.0012038643471896648,4.087400640173655e-08,3.618377419911667e-08,8.979152994470496e-07,0.00020588624465744942,1.2786566685463185e-06,5.385743975239166e-07,4.5695333028561436e-06,3.8756496678615804e-07,1.0,918.0
4.182537395536201e-06,0.027069658041000366,0.06456483900547028,0.009714901447296143,0.1457950323820114,0.03889572247862816,9.07228677533567e-05,6.750212833139813e-07,3.5641056683743955e-07,0.5240929126739502,0.5868365168571472,0.2893621027469635,0.3049449622631073,0.027688907459378242,0.28941455483436584,0.24320344626903534,0.005809724796563387,0.031313151121139526,0.02948584035038948,0.6500309705734253,0.5841904282569885,0.0007053746958263218,0.00024251245486084372,7.876582094468176e-05,0.00018259402713738382,0.08128011226654053,0.0008487189188599586,0.011713317595422268,0.00048566272016614676,0.019537102431058884,0.14559154212474823,0.08867502957582474,0.00017637512064538896,0.0002300741762155667,0.0036966584157198668,0.0020967137534171343,0.053333550691604614,0.29113924503326416,0.00016783701721578836,0.00031851811218075454,0.12554073333740234,0.0323479063808918,0.026803724467754364,0.015061136335134506,0.00622878223657608,0.015567393973469734,0.04456741735339165,0.02732001058757305,0.0007301575387828052,0.0028587912674993277,3.8319402051456564e-07,1.44054172324104e-06,2.0,919.0
2.618213329697028e-06,0.026433534920215607,0.01936684548854828,0.12291952967643738,0.13725027441978455,0.061131950467824936,8.809186510916334e-06,1.5797293144714786e-06,6.229041105143551e-07,0.01846894435584545,0.040070272982120514,0.0376601442694664,0.04436466470360756,0.03660067543387413,0.17275263369083405,0.09372561424970627,0.016004811972379684,0.18457770347595215,0.16811440885066986,0.17323081195354462,0.08707054704427719,0.04735433682799339,0.011530058458447456,4.5949109335197136e-05,0.006175306625664234,0.013663978315889835,0.00013540129293687642,0.00036890534101985395,0.002224748721346259,0.003307163715362549,0.008434874936938286,0.009449532255530357,0.03859129175543785,0.00024530047085136175,0.004462592303752899,0.006269815843552351,0.0008363543311133981,0.002943593543022871,0.8880594968795776,0.004725434817373753,0.04582859203219414,0.00749515974894166,0.1177821233868599,0.19174641370773315,2.2904889647179516e-06,1.6503714732607477e-06,0.00019719421106856316,0.0009261333616450429,0.004328738898038864,0.003333863103762269,1.3418080015981104e-05,6.211671461642254e-07,2.0,920.0
4.009695658169221e-06,7.450128759955987e-05,0.00010320707224309444,0.8263866901397705,0.8101800680160522,0.6382880210876465,0.00017112975183408707,6.7350006247579586e-06,2.26839620154351e-06,0.008008860051631927,0.00812220387160778,0.05578179657459259,0.06608562916517258,0.00012267657439224422,0.9578701853752136,0.9542945027351379,0.00014542775170411915,0.13431410491466522,0.11623746156692505,0.10521192848682404,0.032297730445861816,0.13177409768104553,0.06227152422070503,0.0004016927268821746,0.012477307580411434,0.1509208083152771,0.00022242695558816195,0.0013482620706781745,0.00056923006195575,0.0024966781493276358,0.2241690754890442,0.2500818073749542,0.009032810106873512,0.00045411178143694997,0.07822153717279434,0.05906296148896217,0.003451396944001317,0.014506523497402668,0.06651850044727325,0.0010809251107275486,0.04371319338679314,0.009728898294270039,0.04600618779659271,0.13596096634864807,3.8918235077289864e-05,4.380721293273382e-05,0.0024128202348947525,0.011487404815852642,0.06172904744744301,0.09807191789150238,2.269028664159123e-05,3.832557922578417e-06,1.0,921.0
1.9788988083746517e-06,0.02228199876844883,0.011428151279687881,0.1307673305273056,0.18127304315567017,0.13992784917354584,0.0014169019414111972,8.043275556701701e-06,3.182892896802514e-06,0.04801097884774208,0.03165670484304428,0.20712845027446747,0.19443263113498688,0.00020681056776084006,0.9144490361213684,0.909842848777771,0.0004871452401857823,0.04709026217460632,0.046360813081264496,0.19673947989940643,0.1252702921628952,0.026421230286359787,0.030805373564362526,0.0068243034183979034,0.0015488627832382917,0.1615263670682907,0.0042589143849909306,0.0002745195524767041,0.008202921599149704,0.007512510754168034,0.05208411067724228,0.045371443033218384,0.06340409815311432,0.0006135288858786225,0.7029081583023071,0.7682256698608398,0.004312778823077679,0.006193404085934162,0.08026693761348724,0.00015059685392770916,0.0028225460555404425,0.0006677500205114484,0.0011997951660305262,0.10303980857133865,0.2752273380756378,0.26739373803138733,0.19306547939777374,0.10750918090343475,0.3193371891975403,0.340126633644104,1.8138291125069372e-05,1.4000119335833006e-05,1.0,922.0
9.297558563048369e-07,0.34227246046066284,0.34256935119628906,0.0019138040952384472,0.004889661446213722,0.0030634431168437004,3.12987067445647e-05,1.9193710443232703e-07,2.1289126550527726e-07,0.0467623732984066,0.03185286372900009,0.15380145609378815,0.17191530764102936,0.02088085375726223,0.08373789489269257,0.14425742626190186,0.0504310168325901,0.04497252032160759,0.04009130597114563,0.19428668916225433,0.09064066410064697,0.016660116612911224,0.011132800951600075,0.00014953665959183127,0.0015805125003680587,0.025960033759474754,0.00020661758026108146,0.0005198275903239846,0.004159821197390556,0.005027614999562502,3.152760837110691e-05,3.516035576467402e-05,0.015429803170263767,0.001169024035334587,0.009060515090823174,0.009391454048454762,0.013915857300162315,0.014718680642545223,0.06276866048574448,0.002563897054642439,0.00399518059566617,0.006735999137163162,0.004868815187364817,0.09864393621683121,0.0003252696187701076,0.0002938265388365835,0.00018561401520855725,0.00033573611290194094,0.011459828354418278,0.015750247985124588,2.090330781356897e-06,7.358681273217371e-07,1.0,923.0
2.97037445307069e-07,0.0002324790257262066,0.0029456771444529295,0.398283451795578,0.7295379638671875,0.15879690647125244,2.1929490685579367e-05,7.066719120984999e-08,5.0054278943889585e-08,0.5744330286979675,0.8006361126899719,0.8070908784866333,0.8496877551078796,0.3577035963535309,0.04130866378545761,0.02265169844031334,0.2641041874885559,0.008470648899674416,0.001105811563320458,0.7301768064498901,0.21959008276462555,0.0047035724855959415,3.763630229514092e-05,7.683943113079295e-05,0.042326994240283966,0.000335225195158273,1.3248422874312382e-06,3.4581575164338574e-05,0.004896064754575491,0.012733781710267067,0.0022783272434026003,0.0007944090175442398,0.0064065405167639256,0.04538406804203987,8.801642979960889e-05,5.2697581850225106e-05,0.06402093917131424,0.048230718821287155,0.1947188526391983,3.7578993214992806e-05,0.004944564308971167,0.0010178349912166595,0.2040761113166809,0.056149668991565704,0.010930412448942661,0.0031488591339439154,0.10943835973739624,0.00038548806332983077,0.0015427962644025683,0.0009643798694014549,2.720011252677068e-06,1.1241652941862412e-07,1.0,924.0
3.4093298495463387e-07,0.0014842667151242495,0.002097729593515396,0.21500474214553833,0.5029003620147705,0.5867595076560974,0.0004917479236610234,3.0575247365050018e-06,5.531984697881853e-06,0.03880983218550682,0.018745437264442444,0.04081755504012108,0.034786321222782135,0.00019196796347387135,0.9502936005592346,0.9632906913757324,0.00040550011908635497,0.27735835313796997,0.24170999228954315,0.13468047976493835,0.09035825729370117,0.023635640740394592,0.049162741750478745,0.004812533035874367,0.00032568167080171406,0.011204283684492111,0.002995080780237913,5.548284389078617e-05,0.00580610940232873,0.00042772211600095034,0.011282765306532383,0.011652945540845394,0.02398444525897503,0.005684074480086565,0.5417008996009827,0.7130632400512695,0.015793852508068085,0.005287581123411655,0.011006471700966358,4.708856067736633e-06,0.001812499132938683,0.0030231131240725517,0.0006698751240037382,0.02368560992181301,0.6561673879623413,0.29621005058288574,0.6936872005462646,0.1862030178308487,0.20695224404335022,0.07564838975667953,2.1097910575917922e-05,2.8544809538288973e-06,0.0,925.0
2.644375854288228e-06,0.12544162571430206,0.16790586709976196,0.0049131885170936584,0.027037402614951134,0.010222039185464382,3.256887794123031e-05,2.2299795432445535e-07,1.0368999028287362e-06,0.02618020959198475,0.012943625450134277,0.09615641832351685,0.10459750890731812,0.068723663687706,0.05416617915034294,0.06039511412382126,0.08458263427019119,0.09861502796411514,0.09225928783416748,0.1736713945865631,0.04126318171620369,0.032174088060855865,0.02617144212126732,0.00014372657460626215,0.00020127571769990027,0.0007062249351292849,1.5289759176084772e-05,8.65688780322671e-05,0.01602635160088539,0.006475013680756092,0.005931926891207695,0.007655285764485598,0.00013813877012580633,0.0010305860778316855,0.00024735007900744677,0.00028636655770242214,0.13957910239696503,0.10673486441373825,0.0015157004818320274,0.00031649426091462374,0.015157874673604965,0.0016109140124171972,0.04573778063058853,0.013839717023074627,0.29613474011421204,0.2844740152359009,0.0682007446885109,0.24617035686969757,0.00045138015411794186,0.0006654461030848324,1.8141658983950038e-06,1.0510543688724283e-06,1.0,926.0
8.720307960174978e-07,0.0008669270318932831,0.0014080891851335764,0.4649662971496582,0.4962996542453766,0.21275930106639862,1.1443006769695785e-05,3.9286223341150617e-07,1.6939006286520453e-07,0.16779685020446777,0.14482121169567108,0.45365607738494873,0.421108216047287,0.02817046269774437,0.10378871858119965,0.12976914644241333,0.05219343304634094,0.016787292435765266,0.013616766780614853,0.21086135506629944,0.21603445708751678,0.005783168599009514,0.004302011337131262,8.849588630255312e-05,0.0002101039281114936,0.0007462067878805101,2.3578171749250032e-05,0.0002788302372209728,0.0008266055956482887,0.0007391382823698223,0.008547828532755375,0.010973183438181877,0.0008190866792574525,0.0018492471426725388,0.00017296065925620496,0.000139255789690651,0.012171700596809387,0.01596863567829132,0.02374245412647724,0.0005630840896628797,0.0012372084893286228,0.0003194639284629375,0.026851443573832512,0.07111335545778275,0.007353598717600107,0.009813972748816013,0.010875155217945576,0.03619851917028427,0.006180113647133112,0.011019550263881683,5.340589723346056e-06,8.204503956221743e-07,1.0,927.0
1.3895432857680134e-06,0.100314661860466,0.13078206777572632,0.026825135573744774,0.0868980884552002,0.03478793427348137,1.3015764125157148e-05,2.1644829928391118e-07,6.804569920859649e-07,0.028612272813916206,0.08718498796224594,0.04557061940431595,0.24088521301746368,0.08429767936468124,0.0390143096446991,0.11760658770799637,0.27087172865867615,0.1362563818693161,0.03443188592791557,0.09547723084688187,0.048267681151628494,0.0268999170511961,0.008660938590765,3.579108670237474e-05,1.9309471099404618e-05,0.0008331694989465177,0.0028127641417086124,9.197663530358113e-06,0.004471431020647287,0.09393776953220367,0.010574480518698692,0.00829742755740881,0.00011699440074153244,0.00017155814566649497,0.000757531204726547,0.00033310853177681565,0.19238421320915222,0.4136517345905304,0.0009694997570477426,0.004296304192394018,0.06169000640511513,0.01522420346736908,0.20916390419006348,0.03940442204475403,0.0034924682695418596,0.011080031283199787,0.004208965227007866,0.028940221294760704,8.029884338611737e-05,0.0002315225574420765,5.720976787415566e-06,9.302693797508255e-07,1.0,928.0
1.893159833343816e-06,0.04307885468006134,0.03062872402369976,0.0947992131114006,0.03769452124834061,0.05165422335267067,0.00029474825714714825,1.2091678627257352e-06,8.877616437530378e-07,0.07129566371440887,0.03433632478117943,0.2020232230424881,0.2098492532968521,0.29546743631362915,0.0165368914604187,0.009102502837777138,0.27577507495880127,0.04529925808310509,0.040344059467315674,0.48001253604888916,0.21006523072719574,0.014703440479934216,0.01518052164465189,0.0017772996798157692,0.00354560324922204,0.005779682658612728,1.424558740836801e-05,0.00015895950491540134,0.002405561273917556,0.0034462346229702234,0.0006221066578291357,0.0004796368593815714,0.015907270833849907,0.004390970338135958,0.13982416689395905,0.21499381959438324,0.023081231862306595,0.04095520079135895,0.013673217035830021,5.019582386012189e-05,0.006120393518358469,0.005686519201844931,0.004678604193031788,0.0280945785343647,0.6893497109413147,0.6414144039154053,0.00911033432930708,0.008175330236554146,0.4870308041572571,0.5663720369338989,1.671578161221987e-06,4.244976025802316e-06,0.0,929.0
2.7229415877627616e-07,0.0033751570153981447,0.0026890698354691267,0.16974925994873047,0.27346158027648926,0.12718965113162994,5.165634865988977e-05,8.682156504846716e-08,9.620851670888442e-08,0.3684057593345642,0.38662463426589966,0.6985309720039368,0.7079365253448486,0.13599464297294617,0.12696707248687744,0.032836150377988815,0.02766796015202999,0.005873694550246,0.003139045089483261,0.42823508381843567,0.33767035603523254,0.0024331826716661453,0.000937150267418474,0.0006074688280932605,0.002440833719447255,0.0007348922081291676,5.142529971635668e-06,2.6801873900694773e-05,0.047959744930267334,0.33348900079727173,0.00010843402560567483,8.085677836788818e-05,0.002242986112833023,0.004933214746415615,0.012410586699843407,0.008413064293563366,0.13143429160118103,0.36416229605674744,0.002307272981852293,0.00013244411093182862,0.001656017848290503,0.001298583229072392,0.004790952429175377,0.022178417071700096,0.039705269038677216,0.04657654091715813,0.0021716239862143993,0.0010399103630334139,0.008038409054279327,0.0222944226115942,5.530950602405937e-06,4.6537917341993307e-07,0.0,930.0
3.5927855606132653e-06,0.5405082702636719,0.6006180644035339,0.0001090793011826463,0.00210781442001462,0.0021017801482230425,0.00046247770660556853,3.3833561019491754e-07,1.4777256183151621e-06,0.2493208348751068,0.3495630621910095,0.31364601850509644,0.3123927116394043,0.035000186413526535,0.16148240864276886,0.17058676481246948,0.0196212250739336,0.03296206519007683,0.025561820715665817,0.6598039865493774,0.2871157228946686,0.002842382760718465,0.0011753247817978263,0.0011867162538692355,0.001857504597865045,0.10454488545656204,0.0001446943642804399,0.0034708387684077024,0.02832064777612686,0.001898662536405027,0.10265247523784637,0.10288058966398239,0.0005600582808256149,0.10574858635663986,0.0288508553057909,0.06680001318454742,0.04638322442770004,0.017079126089811325,0.0002776582259684801,1.8371622445556568e-07,0.05326837673783302,0.008519572205841541,0.0020266270730644464,0.013287240639328957,0.039344172924757004,0.021214047446846962,0.07090823352336884,0.06713173538446426,0.011504966765642166,0.006855175830423832,7.695931572015979e-07,3.0792373308941023e-06,1.0,931.0
6.120590683167393e-07,9.930525993695483e-05,4.978071228833869e-05,0.838313102722168,0.7073315382003784,0.5791865587234497,3.2088890293380246e-05,2.146307878092557e-07,3.7753747506030777e-07,0.06919581443071365,0.04970619082450867,0.5063546895980835,0.44707340002059937,0.05795455351471901,0.10120140016078949,0.08523642271757126,0.05030550807714462,0.01945263147354126,0.009886636398732662,0.19163678586483002,0.06504041701555252,0.02064528316259384,0.014691349118947983,8.529710612492636e-05,0.000582750013563782,0.002311479998752475,2.5049486794159748e-05,0.00013098344788886607,0.016183476895093918,0.062091149389743805,0.003288618754595518,0.0038147803861647844,6.21358267380856e-05,0.020691407844424248,0.0006465963670052588,0.00037348916521295905,0.12150715291500092,0.43346327543258667,0.00038981152465566993,2.846995266736485e-05,0.04953724145889282,0.013173592276871204,0.15289640426635742,0.008291017264127731,0.005121618043631315,0.006195188499987125,0.00292194657959044,0.005462263245135546,0.00030107845668680966,0.0004900595522485673,1.5189140185611905e-06,4.471625345559005e-07,1.0,932.0
1.4031608088771463e-06,0.0017346092499792576,0.0022291603963822126,0.35282450914382935,0.4635466933250427,0.41766875982284546,1.3506190043699462e-05,2.596748345240485e-06,9.16189378585841e-07,0.045937370508909225,0.03286950662732124,0.07008737325668335,0.05056662857532501,0.0005295955343171954,0.8769500255584717,0.8604103326797485,0.0010877676540985703,0.12906861305236816,0.17586269974708557,0.12141361832618713,0.3821183443069458,0.008564875461161137,0.028397735208272934,8.07816322776489e-05,0.00018969987286254764,0.002374229719862342,0.0005976389511488378,0.00035065412521362305,0.0021466375328600407,0.00017765312804840505,0.04848240688443184,0.04022216796875,0.0017397385090589523,0.0005870459135621786,0.0002466529840603471,0.0013568623689934611,0.017943399026989937,0.0011195471743121743,0.3567570745944977,0.0014416361227631569,0.009354258887469769,0.0005320557975210249,0.05718933418393135,0.09986328333616257,0.00018530453962739557,5.647202124237083e-05,0.014415311627089977,0.0039604222401976585,0.0008746805251576006,0.000704857986420393,1.2005731150566135e-05,6.574567805728293e-07,1.0,933.0
2.1405853658507112e-06,3.378658220754005e-05,1.9597820937633514e-05,0.8614957332611084,0.8780990242958069,0.8735731840133667,8.65866313688457e-05,1.1175745839864248e-06,4.255803105479572e-06,0.012698222883045673,0.007129734382033348,0.6512766480445862,0.6424099206924438,0.017229868099093437,0.2767672836780548,0.28299614787101746,0.010064063593745232,0.006292236037552357,0.0049202716909348965,0.028522120788693428,0.020915964618325233,0.06896405667066574,0.09839934855699539,0.00019791773229371756,0.0004237398679833859,0.0027688120026141405,8.729589899303392e-05,0.00015609142428729683,0.061099398881196976,0.008426512591540813,0.0005468333256430924,0.0008101505809463561,0.0011784773087128997,0.00718822842463851,0.0011183064198121428,0.001809291890822351,0.23715902864933014,0.15245886147022247,0.0034049316309392452,0.00026478938525542617,0.01906769908964634,0.012471304275095463,0.03442974388599396,0.04714396595954895,0.5378546714782715,0.4121847152709961,0.0070463079027831554,0.022755324840545654,0.02180803380906582,0.014062078669667244,6.697172921121819e-06,1.688212364570063e-06,1.0,934.0
3.936313987651374e-06,0.006536678411066532,0.0002520107664167881,0.48075032234191895,0.22844401001930237,0.54449462890625,6.277547072386369e-05,4.676067419495666e-06,6.5643433799778e-07,0.12014158070087433,0.03896356001496315,0.07451120764017105,0.07146695256233215,0.021055197343230247,0.14210644364356995,0.14900532364845276,0.043925248086452484,0.1456245630979538,0.1477016806602478,0.4508063793182373,0.12519732117652893,0.005459227599203587,0.014565027318894863,0.00016742861771490425,0.00010648733587004244,0.014599651098251343,0.0004907039692625403,0.009569905698299408,0.002538061235100031,0.0016176220960915089,0.006142104975879192,0.0061902995221316814,0.0030948708299547434,0.00027905814931727946,0.0006218224298208952,0.0006809173501096666,0.04311313107609749,0.01133766956627369,0.059131771326065063,0.005199323408305645,0.0117726381868124,0.00077549007255584,0.016501912847161293,0.03601542115211487,0.11697827279567719,0.08010699599981308,0.1846354603767395,0.04931549355387688,0.00015985386562533677,0.00017607804329600185,2.0706925170088653e-06,1.2672876437136438e-06,1.0,935.0
1.8149688685298315e-06,0.025243209674954414,0.0329040102660656,0.05824856832623482,0.07707929611206055,0.04517192393541336,4.121188976569101e-05,1.1700343804932345e-07,5.916200507272151e-07,0.5934534072875977,0.49207139015197754,0.6145195960998535,0.5799611210823059,0.03915143385529518,0.11780326068401337,0.11315594613552094,0.04797914996743202,0.013838754035532475,0.012397012673318386,0.6464811563491821,0.497325599193573,0.0010469864355400205,0.00036706484388560057,0.00024878501426428556,0.0058059911243617535,0.008108995854854584,7.37040636522579e-06,0.0033277468755841255,0.017208121716976166,0.0047238473780453205,0.0024530268274247646,0.0032438612543046474,0.00012788666936103255,0.002071097493171692,0.0005638201255351305,0.0007839652244001627,0.33836475014686584,0.22728006541728973,0.00027465069433674216,8.32743535283953e-05,0.024388236925005913,0.03030475415289402,0.009374616667628288,0.0006196768372319639,0.022774234414100647,0.01594650000333786,0.019848672673106194,0.12368346750736237,1.6315536413458176e-05,1.2550972314784303e-05,6.385016604326665e-07,1.6857186437846394e-06,2.0,936.0
1.4196264601196162e-05,0.5923807621002197,0.43533048033714294,0.0010070095304399729,0.0017403728561475873,0.005436539184302092,4.338315920904279e-05,3.119002371931856e-07,1.0019778073910857e-06,0.13653257489204407,0.14869627356529236,0.538490891456604,0.5439649820327759,0.015769198536872864,0.24252603948116302,0.24779820442199707,0.02684307098388672,0.016077298671007156,0.008703917264938354,0.21965694427490234,0.09334814548492432,0.009185113944113255,0.005428250879049301,1.6218067685258575e-05,0.0006938417791388929,0.0012082410976290703,1.1646283383015543e-05,8.535529195796698e-05,0.011834961362183094,0.008191395550966263,0.06250013411045074,0.09050445258617401,3.944992567994632e-05,0.0019767240155488253,3.8676484109601006e-05,1.1301262020424474e-05,0.17090380191802979,0.17666809260845184,0.0001659908302826807,0.00027162552578374743,0.03993372619152069,0.019937438890337944,0.9385727643966675,0.26343727111816406,0.6955952644348145,0.6012362241744995,0.06993219256401062,0.0998682975769043,0.03192312642931938,0.02937988191843033,5.947449608356692e-07,3.0526300633937353e-06,1.0,937.0
4.891945081908489e-06,0.5145834684371948,0.3542992174625397,0.00035007362021133304,0.003727662842720747,0.006299070548266172,0.0011374489404261112,1.8079982737617684e-06,1.2388865116008674e-06,0.27552056312561035,0.08545508235692978,0.01768832840025425,0.016024935990571976,0.007393892388790846,0.1982572227716446,0.2535034716129303,0.029585225507616997,0.4307476878166199,0.40144744515419006,0.7031163573265076,0.2527865171432495,0.0032390758860856295,0.003937319852411747,0.0024482521694153547,0.033922579139471054,0.5900297164916992,0.00030361153767444193,0.0007700799615122378,0.12157406657934189,0.030205976217985153,0.004779051523655653,0.008381661027669907,0.08259660750627518,0.0017391728470101953,0.2084173709154129,0.3192429840564728,0.006346681155264378,0.007409887854009867,0.03763356804847717,6.31783259450458e-05,0.0009643377270549536,0.0003897608257830143,0.001418804400600493,0.0996018648147583,0.12020640075206757,0.12301584333181381,0.004251640290021896,0.036967527121305466,0.09723078459501266,0.07694710791110992,5.489824161486467e-06,1.2704743312497158e-05,1.0,938.0
1.2561204130179249e-06,0.00045119854621589184,0.006992780137807131,0.14949382841587067,0.7853579521179199,0.10541249066591263,8.465348219033331e-05,1.2987009085918544e-06,8.747394417696341e-07,0.05011310800909996,0.07964563369750977,0.02096974290907383,0.12472233176231384,0.005744601134210825,0.12252532690763474,0.3140490651130676,0.05568697303533554,0.3200461268424988,0.08966581523418427,0.3558824062347412,0.10662051290273666,0.019346041604876518,0.0067876907996833324,0.0006182082579471171,6.156336894491687e-05,0.0006257640197873116,7.138645742088556e-05,5.4860804084455594e-05,0.0030491959769278765,0.004334285389631987,0.050621286034584045,0.04575227573513985,0.00042167812353000045,0.001192149007692933,0.0011139041744172573,0.0011631546076387167,0.023121224716305733,0.028511667624115944,0.006842260714620352,0.0003804800217039883,0.005611364264041185,0.0003692074096761644,0.04251829907298088,0.08018141239881516,0.1647137552499771,0.19258509576320648,0.22470517456531525,0.34031355381011963,0.010141856037080288,0.015204199589788914,1.040280403685756e-05,2.0917566416756017e-06,0.0,939.0
1.3104005347486236e-06,0.538568377494812,0.6735794544219971,3.156302227580454e-06,0.005905868485569954,0.00118012516759336,3.005490725627169e-05,9.579286341931947e-08,4.774254946937617e-08,0.26850995421409607,0.44129374623298645,0.40697628259658813,0.34874916076660156,0.03486854210495949,0.13892455399036407,0.1315395087003708,0.030880920588970184,0.043324220925569534,0.015994153916835785,0.8152574896812439,0.4138016402721405,0.004062027670443058,0.00031671428587287664,9.108625090448186e-05,0.004750419873744249,0.0020776805467903614,8.23580558062531e-06,0.0003150395932607353,0.00145045411773026,0.0519702211022377,0.005423500668257475,0.002153495792299509,0.0008967791218310595,5.4476528021041304e-05,0.0004545600095298141,0.00026217728736810386,0.03984054923057556,0.08416631817817688,0.005284546408802271,0.024786969646811485,0.01005533616989851,0.0067876712419092655,0.10517971962690353,0.05004165694117546,0.0038621912244707346,0.0031884415075182915,0.019848011434078217,0.0010383495828136802,0.0006179930060170591,0.0012896035332232714,4.998917120246915e-07,2.6296689270566276e-07,2.0,940.0
2.61058630712796e-06,0.013669384643435478,0.009925064630806446,0.12206914275884628,0.2886488139629364,0.18905505537986755,8.447083928331267e-06,7.883214152570872e-07,8.168161684807274e-07,0.02122696116566658,0.004010779317468405,0.04314042627811432,0.026510395109653473,0.040165722370147705,0.08105800300836563,0.07216478884220123,0.04469864442944527,0.1750999540090561,0.2224140167236328,0.046823885291814804,0.04820000380277634,0.020156748592853546,0.07781798392534256,1.3006867447984405e-05,0.002607436850667,0.026409775018692017,0.0001441302156308666,0.004203678574413061,0.0007270351052284241,0.0003592429857235402,0.00697761494666338,0.00981228705495596,0.0013855616562068462,0.003465222893282771,0.0007176119252108037,0.0006713165785185993,0.004491684027016163,0.005225606262683868,0.6576142907142639,0.000551206583622843,0.39876285195350647,0.04394615441560745,0.19286863505840302,0.04140312969684601,7.249336704262532e-07,4.3811110117530916e-07,0.00022074375010561198,0.000636023934930563,2.1224926967988722e-05,3.2688923965906724e-05,1.3559339322455344e-06,4.972935698788206e-07,2.0,941.0
2.269332981086336e-06,0.10974831879138947,0.12564717233181,0.005073789972811937,0.04905311390757561,0.03768398240208626,0.0025269316975027323,3.557561967681977e-06,1.7535119241074426e-06,0.12403696030378342,0.134476900100708,0.05607713758945465,0.050230711698532104,0.29700276255607605,0.01262897253036499,0.012453006580471992,0.3222306966781616,0.20507581532001495,0.24019819498062134,0.4378127455711365,0.5314075946807861,0.007302117999643087,0.0050214314833283424,0.0028663326520472765,0.060962021350860596,0.4598225951194763,0.0006205394165590405,0.0002782608789857477,0.0160342026501894,0.02187003381550312,0.08526810258626938,0.08614164590835571,0.017569497227668762,0.0011804101523011923,0.8388605117797852,0.861588716506958,0.004158794414252043,0.00918966718018055,0.017319705337285995,2.518249129934702e-05,0.0029647129122167826,0.0016282914439216256,0.0018333146581426263,0.05227088928222656,0.38981375098228455,0.47930845618247986,0.06525985896587372,0.092197947204113,0.06552059948444366,0.1159629076719284,7.277956683537923e-06,1.777617580955848e-05,1.0,942.0
9.671051884652115e-06,0.06535414606332779,0.12068070471286774,0.023855887353420258,0.05165557563304901,0.017072683200240135,0.0006138564785942435,2.681053729247651e-06,2.042680080194259e-06,0.2874348759651184,0.28217005729675293,0.3360832929611206,0.3194512128829956,0.01589042693376541,0.21769291162490845,0.2162424772977829,0.020865635946393013,0.037579238414764404,0.028326690196990967,0.6027668714523315,0.5237189531326294,0.004671153146773577,0.001444634865038097,0.0027337525971233845,0.0003590127162169665,0.006399734877049923,0.00011426339915487915,0.0002814895415212959,0.024321362376213074,0.04189477488398552,0.000382426253054291,0.0004051431023981422,0.0061209797859191895,0.00032965332502499223,0.10053566843271255,0.25920554995536804,0.22382496297359467,0.29119443893432617,0.003115629078820348,0.0021590208634734154,0.010650742799043655,0.015143217518925667,0.013005062006413937,0.024140099063515663,0.9147992134094238,0.9338744282722473,0.020722949877381325,0.114634208381176,0.84487384557724,0.8758049011230469,3.9177079997898545e-06,6.990518613747554e-06,0.0,943.0
1.759703650350275e-06,0.005875078029930592,0.026067491620779037,0.0013581481762230396,0.4311761260032654,0.20355570316314697,0.002221242291852832,4.962526418239577e-06,3.085910748268361e-06,0.349125474691391,0.2995631694793701,0.04694714397192001,0.04018661007285118,0.09519246965646744,0.08217694610357285,0.05694768577814102,0.09533292800188065,0.28952184319496155,0.35315316915512085,0.7055362462997437,0.4684038460254669,0.002299464540556073,0.0029732552357017994,0.0024126044008880854,0.03744547441601753,0.47923585772514343,0.0009949824307113886,0.000920752645470202,0.009933375753462315,0.003070553531870246,0.08932476490736008,0.0991121381521225,0.02254929393529892,0.007603407837450504,0.693657636642456,0.584485650062561,0.004350460600107908,0.009790594689548016,0.007571664173156023,2.7060473257733975e-06,0.001855095149949193,0.0030886128079146147,0.000997933093458414,0.014981300570070744,0.8266060948371887,0.8104033470153809,0.2467862069606781,0.24949775636196136,0.031723763793706894,0.0275359395891428,6.389806003426202e-06,1.150900061475113e-05,1.0,944.0
4.0026324654718337e-07,6.798544745834079e-06,3.07463196804747e-05,0.9718189239501953,0.7552511096000671,0.22545485198497772,1.7579659470357e-05,2.6482547355044517e-07,7.716295726822864e-07,0.009000066667795181,0.026772454380989075,0.23200567066669464,0.2273455560207367,0.10754404217004776,0.1747279167175293,0.049482882022857666,0.02013968862593174,0.04134178161621094,0.027460964396595955,0.07349282503128052,0.044087331742048264,0.13090933859348297,0.02312486432492733,9.95167501969263e-05,0.005044847261160612,0.022471614181995392,0.000207078323001042,0.0037073232233524323,0.006094520445913076,0.033101364970207214,3.349765165694407e-06,4.654764325096039e-06,0.009908944368362427,0.0030725481919944286,0.0017397418851032853,0.0012460955185815692,0.006352162919938564,0.021804386749863625,0.413526326417923,0.008875120431184769,0.029557866975665092,0.043799057602882385,0.006487559527158737,0.014804014004766941,5.208485890761949e-05,8.458255615551025e-05,2.4787968868622556e-05,0.00014701482723467052,0.00018356934015173465,0.0003021968004759401,2.654629497556016e-06,6.70718094397671e-08,1.0,945.0
5.2111331569904e-06,0.333195298910141,0.33346879482269287,0.0011884307023137808,0.0047788722440600395,0.01115015335381031,0.001298116403631866,7.345657195401145e-06,3.6848987292614765e-06,0.05631671100854874,0.10370387881994247,0.06403837352991104,0.09506217390298843,0.5673386454582214,0.004435977898538113,0.005004991311579943,0.5703893303871155,0.20275183022022247,0.15232530236244202,0.7085440158843994,0.25882092118263245,0.017351403832435608,0.009053098037838936,0.0029827142134308815,0.032391779124736786,0.2509825527667999,0.00012618256732821465,0.0021358500234782696,0.0025480547919869423,0.001350261620245874,0.010792170651257038,0.011162063106894493,0.03118554875254631,0.00036558290594257414,0.14920952916145325,0.3412436544895172,0.012694873847067356,0.007427195552736521,0.008840232156217098,0.00023893846082501113,0.0009472399251535535,0.00493195652961731,0.0012482712045311928,0.020344359800219536,0.9072809219360352,0.8456159830093384,0.13904596865177155,0.2977360188961029,0.2200571447610855,0.14614926278591156,2.9479688237188384e-06,2.7421463528298773e-05,0.0,946.0
3.4019901704596123e-06,0.021169906482100487,0.012633897364139557,0.018092889338731766,0.27599290013313293,0.22554123401641846,9.905737897497602e-06,2.9209502372395946e-07,1.4968037476137397e-06,0.005377654451876879,0.003920757677406073,0.016707953065633774,0.015822015702724457,0.0035527637228369713,0.3628573715686798,0.35599979758262634,0.007572940085083246,0.34343421459198,0.35715779662132263,0.057132475078105927,0.027039924636483192,0.07583589106798172,0.09755486249923706,1.759919905452989e-05,0.0016718535916879773,0.0033197018783539534,4.6829507482470945e-05,0.00012700125807896256,0.008366243913769722,0.000929216796066612,0.0026876176707446575,0.004993731155991554,0.0009791393531486392,0.050521865487098694,0.0003560800105333328,0.0004297758569009602,0.008217784576117992,0.007862227968871593,0.1449051946401596,6.288103759288788e-05,0.028501950204372406,0.009503452107310295,0.31165000796318054,0.26610830426216125,2.0351848434074782e-05,1.089822399080731e-05,0.00029229040956124663,0.0021954586263746023,0.0026387653779238462,0.0021499330177903175,8.406356755585875e-06,7.237945283122826e-07,2.0,947.0
1.75306047367485e-06,0.20676909387111664,0.13607020676136017,0.006352746859192848,0.009318504482507706,0.040285252034664154,0.0013922175858169794,1.0888298902500537e-06,2.040832214333932e-06,0.2870688736438751,0.1620899885892868,0.1307244598865509,0.13898445665836334,0.012264872901141644,0.27916568517684937,0.27154433727264404,0.015245886519551277,0.07880761474370956,0.08400072902441025,0.6656507253646851,0.4782416522502899,0.002076887059956789,0.0038301011081784964,0.0036836257204413414,0.020005937665700912,0.4009578824043274,0.0010000035399571061,0.002650115406140685,0.014325767755508423,0.009503946639597416,0.010757447220385075,0.009681246243417263,0.006944580469280481,0.006278015207499266,0.6327687501907349,0.6451350450515747,0.012216375209391117,0.018267154693603516,0.0018280430231243372,2.52349082074943e-06,0.004552551079541445,0.012660942040383816,0.0002956099633593112,0.002239122288301587,0.5724947452545166,0.4795770049095154,0.13762706518173218,0.09101822227239609,0.006623679306358099,0.005508189555257559,1.3204338529249071e-06,7.613632988068275e-06,1.0,948.0
2.2038618681108346e-06,0.06830558180809021,0.02933472767472267,0.07870664447546005,0.05173841863870621,0.08804277330636978,0.000104085702332668,6.109201535764441e-07,2.7606095045484835e-06,0.0007723416783846915,0.0004252810904290527,0.03490804508328438,0.043024756014347076,0.04917660355567932,0.0741155818104744,0.05813940241932869,0.038434647023677826,0.20368319749832153,0.19078776240348816,0.015363386832177639,0.0022731306962668896,0.3223661482334137,0.30798280239105225,9.315845090895891e-05,0.11305207759141922,0.5963929891586304,0.000546695722732693,0.0027291621081531048,0.004037874285131693,0.002418682910501957,0.005115095525979996,0.0048291562125086784,0.010645559057593346,0.0029824930243194103,0.03288281708955765,0.050581514835357666,0.0048417579382658005,0.0041468203999102116,0.1307149976491928,0.00017368054250255227,0.013918043114244938,0.010314155369997025,0.013073122128844261,0.07421030849218369,4.193928907625377e-05,2.3588268959429115e-05,0.0006454804679378867,0.0006295600323937833,0.0010706438915804029,0.0007625243160873652,6.740609023836441e-06,2.5606673261791e-06,1.0,949.0
2.029882580245612e-06,0.004909718409180641,0.006834475323557854,0.0014069908065721393,0.5712916254997253,0.2606472671031952,0.0004447602550499141,2.7752862479246687e-06,1.2950894188179518e-06,0.019768765196204185,0.010424874722957611,0.044492073357105255,0.04837927594780922,0.03662152960896492,0.09489034116268158,0.08709634095430374,0.032628484070301056,0.20298124849796295,0.19619405269622803,0.23494169116020203,0.08054336160421371,0.05288005992770195,0.03579944744706154,0.0015165740624070168,0.0012620312627404928,0.09364373236894608,0.0006805138546042144,0.0003727212024386972,0.000993247958831489,0.009783132001757622,0.03489306941628456,0.0542239211499691,0.008773640729486942,0.00013054479495622218,0.5077069401741028,0.5067487955093384,0.0018940054578706622,0.02128009684383869,0.02335236966609955,0.0012690218864008784,0.004777420777827501,0.0037878570146858692,0.007502840366214514,0.14665859937667847,0.0017558031249791384,0.006295233033597469,0.004895764868706465,0.27737218141555786,0.5498619079589844,0.6350640058517456,1.778333171387203e-05,4.985323812434217e-06,1.0,950.0
3.816011030721711e-06,0.06038445606827736,0.09019800275564194,0.010299816727638245,0.05514051392674446,0.06454210728406906,6.163132638903335e-05,3.950756024551083e-07,9.358861348118808e-07,0.5241469144821167,0.24519087374210358,0.685757040977478,0.688247561454773,0.020998848602175713,0.1354646235704422,0.19217051565647125,0.05283786728978157,0.008203929290175438,0.007230911869555712,0.6243152618408203,0.37075263261795044,0.0021970500238239765,0.0024067333433777094,6.820997077738866e-05,0.000897339778020978,0.0003959151217713952,1.214982239616802e-05,2.3183743905974552e-05,0.053138282150030136,0.015346343629062176,0.0016269587213173509,0.0019749223720282316,9.377728565596044e-05,0.023990076035261154,0.00016907381359487772,0.00019526765390764922,0.16494423151016235,0.14980390667915344,0.0012010587379336357,3.235336043871939e-05,0.013346165418624878,0.004148815758526325,0.2606956362724304,0.03296780586242676,0.8491593599319458,0.7923325300216675,0.009586787782609463,0.022515350952744484,0.0065790507942438126,0.00553154107183218,2.017932956732693e-06,4.153183908783831e-06,0.0,951.0
4.697732492786599e-06,0.4138135015964508,0.33741021156311035,0.0005611480446532369,0.006114365998655558,0.00966346450150013,0.0003370448830537498,5.132007458996668e-07,8.22059121219354e-07,0.18782317638397217,0.12837724387645721,0.27840033173561096,0.25664541125297546,0.004963264334946871,0.5110001564025879,0.5103747844696045,0.007768698967993259,0.04182162135839462,0.03926815092563629,0.24138425290584564,0.3868155777454376,0.006602352950721979,0.007860626094043255,0.0003416813269723207,0.00038263737224042416,0.0066273701377213,8.817586785880849e-05,0.0005374138127081096,0.013992023654282093,0.019557856023311615,0.0006072107353247702,0.0005447285366244614,0.0019967867992818356,0.025029603391885757,0.01445191353559494,0.011421741917729378,0.042267732322216034,0.12618742883205414,0.0034668135922402143,1.735871956043411e-05,0.03576561063528061,0.029618721455335617,0.040893472731113434,0.047517046332359314,0.8481050729751587,0.8705918192863464,0.008120471611618996,0.005583146587014198,0.6756372451782227,0.7100347280502319,3.8425159232247097e-07,1.667896640356048e-06,0.0,952.0
6.445181043090997e-06,0.11734450608491898,0.09506886452436447,0.00632946752011776,0.05053295940160751,0.04534265398979187,0.0003105720388703048,1.5725340745120775e-06,6.436058583858539e-07,0.4502045512199402,0.32234469056129456,0.5553613305091858,0.5667274594306946,0.18929456174373627,0.00618504174053669,0.04562988504767418,0.451837956905365,0.01453468482941389,0.007979542016983032,0.5835915803909302,0.24367929995059967,0.003238476812839508,0.0010653877397999167,0.0008336988394148648,0.0006999853067100048,0.0013465348165482283,2.245999530714471e-05,0.00012846625759266317,0.014199979603290558,0.02048596739768982,0.0012548115337267518,0.0014521402772516012,0.0013381019234657288,0.00018596263544168323,0.004761780146509409,0.008329414762556553,0.1200573667883873,0.1308206468820572,0.0017814364982768893,0.004933016374707222,0.004401662852615118,0.007119800895452499,0.030487678945064545,0.03212495893239975,0.9042691588401794,0.9158351421356201,0.016824590042233467,0.09221566468477249,0.34984132647514343,0.43751901388168335,3.790870323427953e-06,1.0184626262343954e-05,0.0,953.0
4.4295467205301975e-07,0.00044605525908991694,0.0009778967360034585,0.588713526725769,0.8845433592796326,0.36648350954055786,0.0001342447940260172,2.0251168564300315e-07,5.626116603707487e-07,0.00780791649594903,0.046207819133996964,0.00032628991175442934,0.01081266812980175,0.11138761788606644,0.10139498114585876,0.11788105964660645,0.12226284295320511,0.8920067548751831,0.6459628343582153,0.5517290234565735,0.011654296889901161,0.18188495934009552,0.02148865908384323,0.0006445921026170254,0.058204714208841324,0.0018057646229863167,2.3515578959631966e-06,1.1487672963994555e-05,0.00023618714476469904,0.00040588495903648436,0.5413247346878052,0.3886466920375824,0.005773651879280806,9.807489550439641e-05,0.024254171177744865,0.12387140840291977,0.01036491896957159,0.004436268005520105,0.07300164550542831,0.0009789247997105122,0.010411316528916359,0.012190050445497036,0.013800847344100475,0.019617360085248947,5.792957017547451e-05,2.048413807642646e-05,0.027067385613918304,0.003422453301027417,0.002445242600515485,0.0031631779856979847,6.951686373213306e-05,8.156516742019448e-07,2.0,954.0
8.428106639257749e-07,0.07435241341590881,0.036199651658535004,0.002978914650157094,0.04759269952774048,0.08973073959350586,1.5859737686696462e-05,2.2270509703048447e-07,2.0053141724929446e-07,0.12378831207752228,0.1279735565185547,0.063921719789505,0.06749732047319412,0.06054848060011864,0.06206844002008438,0.07294163107872009,0.0722602978348732,0.2017335742712021,0.20443297922611237,0.594648003578186,0.5195249319076538,0.008535165339708328,0.004720647353678942,6.634625606238842e-05,0.005734097678214312,0.012423206120729446,3.554794238880277e-05,0.0022600891534239054,0.0007700774003751576,0.0003918306902050972,0.018281543627381325,0.027356471866369247,0.0009042804013006389,0.0010209569009020925,0.0013250743504613638,0.0013653322821483016,0.005362795200198889,0.006422897335141897,0.13464955985546112,0.00018111529061570764,0.032254140824079514,0.009804741479456425,0.010864270851016045,0.0017500858521088958,1.0910472155956086e-05,6.87836154611432e-06,0.001095871557481587,0.00468823267146945,5.933755801379448e-06,6.82122981743305e-06,1.162995090453478e-06,8.661122592457104e-07,1.0,955.0
2.368921286688419e-06,5.284664439386688e-05,4.796330540557392e-05,0.8761700987815857,0.8009904026985168,0.8938485980033875,5.627854261547327e-05,8.183412774087628e-07,2.2584272585390863e-07,0.29468193650245667,0.24007248878479004,0.034576065838336945,0.0436287596821785,0.010715390555560589,0.5564734935760498,0.6064232587814331,0.0256967730820179,0.19067707657814026,0.21930035948753357,0.24595512449741364,0.5047098994255066,0.006556016858667135,0.0011486579896882176,0.00011612180969677866,4.315406840760261e-05,0.005556752905249596,0.012008991092443466,0.0001368275552522391,0.001983445603400469,0.02194570004940033,0.0008898527594283223,0.0029749309178441763,0.003658778965473175,4.1851631067402195e-06,0.008550488390028477,0.006627150811254978,0.012280277907848358,0.04012294113636017,0.045383282005786896,0.42361345887184143,0.09766817092895508,0.10280421376228333,0.010351276956498623,0.006988262291997671,0.00014744751388207078,0.0004543819813989103,6.102898623794317e-05,0.0403253510594368,0.0005037221708334982,0.0013813185505568981,1.3552805285144132e-05,2.0127885136389523e-07,1.0,956.0
8.01117676019203e-06,0.0016518859192728996,0.0015834671212360263,0.41630396246910095,0.5544261932373047,0.42134755849838257,4.013991201645695e-05,2.463361170157441e-06,1.0079121466333163e-06,0.046305060386657715,0.047747716307640076,0.002327204216271639,0.0025561824440956116,0.056370560079813004,0.03829196095466614,0.06472158432006836,0.10051696747541428,0.772080659866333,0.7844576835632324,0.40726450085639954,0.1931762397289276,0.013909426517784595,0.00841554719954729,4.99875532113947e-05,0.01288920920342207,0.06495185941457748,2.2966089090914465e-05,0.022126616910099983,0.0023255418054759502,0.0007425207295455039,0.03241430222988129,0.03976820409297943,0.002350367372855544,0.014710537157952785,0.001003759098239243,0.002148210071027279,0.005910408217459917,0.00631590886041522,0.6458818912506104,8.492661436321214e-05,0.31829729676246643,0.024980824440717697,0.12029010057449341,0.021117502823472023,1.2009292731818277e-05,5.733550551667577e-06,0.0004468119004741311,0.002243773080408573,1.8153070413973182e-05,1.2887840057373978e-05,1.7173739479403594e-06,1.4696292964799795e-06,2.0,957.0
5.563935701502487e-06,0.0011364156380295753,0.0007468147086910903,0.4053575098514557,0.49560269713401794,0.3413323163986206,7.169277523644269e-05,1.627789060876239e-06,2.2625972633250058e-06,0.010057899169623852,0.0012103377375751734,0.012553973123431206,0.00989112164825201,0.006511168088763952,0.33560091257095337,0.31966426968574524,0.006915460340678692,0.4024079144001007,0.43814489245414734,0.10889415442943573,0.04486057534813881,0.03278106078505516,0.16644378006458282,0.00012091293319826946,0.0011678275186568499,0.1716093271970749,0.0005593844689428806,0.015283129177987576,0.0152561841532588,9.085940837394446e-05,0.0047706011682748795,0.009031068533658981,0.007926013320684433,0.009800386615097523,0.00394390057772398,0.016670282930135727,0.028678830713033676,0.001445380738005042,0.07038456201553345,6.310721801128238e-05,0.025288362056016922,0.009239312261343002,0.015006810426712036,0.05031970143318176,0.0001987394061870873,5.068694372312166e-05,0.0018155091674998403,0.0032643384765833616,0.004127706866711378,0.002023453125730157,2.5630586151237367e-06,1.2357418199826498e-06,1.0,958.0
3.713477553901612e-06,0.016011686995625496,0.11311546713113785,0.018271686509251595,0.2208687961101532,0.026705389842391014,0.0002812226302921772,1.1168319815624272e-06,1.2365446764306398e-06,0.008386149071156979,0.011376754380762577,0.012229708954691887,0.01082424633204937,0.00019226617587264627,0.9313955307006836,0.9275555610656738,0.00014981781714595854,0.41400355100631714,0.39317750930786133,0.07480764389038086,0.08431687951087952,0.10002204775810242,0.02729685790836811,0.0014380456414073706,0.0006156045128591359,0.005624549929052591,6.180559284985065e-05,0.00023879155924078077,0.0034513233695179224,0.011599823832511902,0.0025905300863087177,0.0016264746664091945,0.005960055161267519,0.0006630677380599082,0.04217484965920448,0.056005533784627914,0.023195715621113777,0.0639488473534584,0.00783371739089489,0.0005793656455352902,0.004866839852184057,0.004321706015616655,0.008693690411746502,0.041987136006355286,0.7385904788970947,0.7758917808532715,0.03423811122775078,0.026149682700634003,0.3762202560901642,0.4704715311527252,4.799683665623888e-06,2.2729025204171194e-06,0.0,959.0
5.078849198980606e-07,0.0010699148988351226,0.00036651757545769215,0.29232531785964966,0.5271151065826416,0.40364763140678406,7.515960078308126e-06,1.1459702164984265e-07,9.466366179822217e-08,0.20961931347846985,0.0704750046133995,0.5631883144378662,0.5496557950973511,0.31231847405433655,0.013514946214854717,0.013144487515091896,0.30244213342666626,0.010461182333528996,0.007697978522628546,0.2375292181968689,0.09462032467126846,0.006946731824427843,0.005215737968683243,3.024654506589286e-05,0.001164093497209251,0.0008653985569253564,1.1377956070646178e-05,0.0002339086786378175,0.010882810689508915,0.000686796847730875,0.0011639953590929508,0.0021281784866005182,0.0007527422276325524,0.0028390707448124886,7.013184222159907e-05,0.00010049594129668549,0.03313131257891655,0.01036759465932846,0.02888575568795204,0.0002673777344170958,0.0035575309302657843,0.0009044156759046018,0.11446022242307663,0.03790118172764778,0.0013501234352588654,0.0005774708115495741,0.0014257020084187388,0.00221046875230968,0.004960307851433754,0.0021194627042859793,2.791201495710993e-06,3.0528002525898046e-07,1.0,960.0
7.234605163830565e-07,7.219459803309292e-06,3.6590690797311254e-06,0.982359766960144,0.9646241068840027,0.9279366135597229,1.1790838470915332e-05,7.432914799210266e-07,2.841262585207005e-06,0.002073980402201414,0.005861514247953892,0.088927261531353,0.17672450840473175,0.018587222322821617,0.466524600982666,0.33127647638320923,0.002452760934829712,0.11604778468608856,0.04694891348481178,0.014893029816448689,0.011701825074851513,0.25589519739151,0.12811382114887238,5.956214590696618e-05,0.0005398641224019229,0.006421089172363281,0.0003487423819024116,0.0003873754758387804,0.007079373579472303,0.001742165768519044,0.002890732605010271,0.005527468863874674,0.002501717070117593,0.0033212986309081316,0.0013324795290827751,0.003682982176542282,0.008127810433506966,0.004085970111191273,0.44400283694267273,0.0009228481212630868,0.1176866814494133,0.008598449639976025,0.07253666967153549,0.032780181616544724,1.2262723430467304e-05,8.107565008685924e-06,0.00010925532842520624,0.0035690704826265574,0.00029128423193469644,0.0002447106526233256,1.0767620551632717e-05,2.0296256764140708e-07,1.0,961.0
1.7020861378114205e-06,0.1666862964630127,0.13438954949378967,0.005088344682008028,0.02063572034239769,0.013805825263261795,1.2613896615221165e-05,1.5950817555676622e-07,2.2155016665692528e-07,0.044430747628211975,0.0575295090675354,0.0031982376240193844,0.003944404888898134,0.0033625478390604258,0.6459251642227173,0.6488537788391113,0.0029368142131716013,0.7700039744377136,0.7603787183761597,0.5076526403427124,0.3253244459629059,0.0325600728392601,0.006293711718171835,9.310198220191523e-05,0.003717780578881502,0.03962285444140434,0.00025191876920871437,0.01675703190267086,0.0006379240658134222,0.0016803441103547812,0.005768811795860529,0.010693959891796112,0.0005978051922284067,7.400054892059416e-05,0.0022277208045125008,0.0013353315880522132,0.002139735734090209,0.03383626043796539,0.1505434811115265,0.005914934910833836,0.06458412855863571,0.07980222254991531,0.015276005491614342,0.00046265849960036576,2.9585785341623705e-06,6.21948720436194e-06,0.0001514144241809845,0.019114024937152863,4.3084068579446466e-07,1.3760146657659789e-06,7.078900807755417e-07,3.635524308265303e-07,1.0,962.0
5.564777438848978e-07,0.00016205848078243434,3.616896356106736e-05,0.8377426266670227,0.8277598023414612,0.8566507697105408,0.00014773363363929093,5.7125753301079385e-06,3.4820152450265596e-06,0.022821463644504547,0.004340440034866333,0.5606687068939209,0.5984928011894226,0.43597090244293213,0.019222259521484375,0.005513745825737715,0.3660179078578949,0.01313349511474371,0.010311980731785297,0.12631766498088837,0.011456262320280075,0.054984528571367264,0.1990661919116974,0.006307543721050024,0.00023176064132712781,0.00037775657256133854,0.000126251790788956,6.553505045303609e-06,0.003160774474963546,0.002033620374277234,0.2632603645324707,0.24317558109760284,0.008362035267055035,0.0025478885509073734,0.05087311565876007,0.07091734558343887,0.010730661451816559,0.013684784062206745,0.023739682510495186,3.918652146239765e-05,0.0010838690213859081,0.0004916065954603255,0.006918666884303093,0.06632249802350998,0.19635747373104095,0.15846887230873108,0.5112771987915039,0.6895110607147217,0.1606873720884323,0.0968821570277214,2.9996521334396675e-05,3.941234353987966e-06,0.0,963.0
3.410051760965871e-07,0.0013868019450455904,0.0016108389245346189,0.3387087881565094,0.4431305229663849,0.31972000002861023,2.374415453232359e-05,3.4407258908686345e-07,7.256412573042326e-07,0.020538650453090668,0.016589023172855377,0.48938894271850586,0.4867052137851715,0.015403326600790024,0.2407703846693039,0.2579125463962555,0.009110725484788418,0.013766337186098099,0.009836379438638687,0.05591351166367531,0.052001193165779114,0.05473780259490013,0.05038980767130852,0.0001641086273593828,0.0030733048915863037,0.03246786817908287,0.0007873286376707256,0.0002887285954784602,0.0074025485664606094,0.0048962924629449844,2.9825376259395853e-05,2.3787215468473732e-05,0.06852012872695923,0.004365847911685705,0.03977898880839348,0.0758356899023056,0.0121307997033,0.005371011793613434,0.4064696729183197,0.0008586824988014996,0.009468229487538338,0.01539077889174223,0.0025916898157447577,0.042707301676273346,4.786579302162863e-05,2.7941765438299626e-05,0.00012421197607181966,0.00011225839261896908,0.006711335387080908,0.00679511995986104,6.8214835664548445e-06,4.2848253656302404e-07,1.0,964.0
2.0649044927267823e-06,0.1463746726512909,0.127921462059021,0.020695626735687256,0.03493369370698929,0.04800611734390259,8.280459041998256e-06,2.1941343675280223e-07,4.5371683654593653e-07,0.7020989060401917,0.592574417591095,0.7717083692550659,0.7783113121986389,0.007126555312424898,0.24901753664016724,0.26016414165496826,0.023634282872080803,0.0024107675999403,0.0016674527432769537,0.08606405556201935,0.15319573879241943,0.0005714861326850951,0.000342466781148687,4.697576878243126e-05,0.00013548524293582886,0.0008051117183640599,0.0001657035027164966,0.00011233475379412994,0.009224004112184048,0.0015226464020088315,0.003866484621539712,0.006753958761692047,0.0010693244403228164,0.0023767801467329264,0.0001451217249268666,0.00015031207294669002,0.03305907920002937,0.014803430065512657,0.03592434898018837,0.00048223408521153033,0.0064990948885679245,0.0006382978172041476,0.13213418424129486,0.18328925967216492,0.003316431073471904,0.0034531885758042336,0.001661714049987495,0.02219858579337597,0.010910417884588242,0.006046229973435402,5.457131464936538e-06,1.0124448408532771e-06,2.0,965.0
8.364033874386223e-07,0.5912988185882568,0.5801033973693848,7.048336556181312e-05,0.002524035284295678,0.002717121969908476,4.578010339173488e-05,1.908359763547196e-07,4.170967997652042e-07,0.26484498381614685,0.28536877036094666,0.38238808512687683,0.37263497710227966,0.05864281207323074,0.07659468799829483,0.0656530037522316,0.06520990282297134,0.020993350073695183,0.024817969650030136,0.48678824305534363,0.5510166883468628,0.0015111041720956564,0.001196610857732594,0.00021070957882329822,0.00039222920895554125,0.0740932822227478,0.0014250808162614703,0.00329588376916945,0.0022661497350782156,0.0005658677546307445,0.002533760154619813,0.0028829723596572876,0.0027892165817320347,0.022654162719845772,0.012421725317835808,0.021567819640040398,0.005602949298918247,0.0048832967877388,0.08156610280275345,5.968671757727861e-06,0.02783636748790741,0.012339748442173004,0.001369720557704568,0.004143991507589817,0.00010689152986742556,6.747091538272798e-05,0.001365451142191887,0.0037937366869300604,0.00016923331713769585,0.0001555324997752905,5.482125402522797e-07,5.297798679748666e-07,1.0,966.0
4.66442952529178e-06,0.2792069613933563,0.18061737716197968,0.0010641810949891806,0.00960365030914545,0.012329158373177052,0.0019378922879695892,2.0923710053466493e-06,1.388086388942611e-06,0.0442839115858078,0.030904030427336693,0.02407270483672619,0.02939680591225624,0.013329729437828064,0.11128295958042145,0.17788943648338318,0.049018677324056625,0.33119866251945496,0.29765135049819946,0.3970312774181366,0.09374425560235977,0.02271614596247673,0.010464834980666637,0.005434654653072357,0.04047216475009918,0.1549370437860489,0.00012877999688498676,0.0017671661917120218,0.003568097250536084,0.00771607318893075,0.01786901243031025,0.017175685614347458,0.03383525833487511,0.0003167895192746073,0.4857836067676544,0.666805624961853,0.0077437846921384335,0.008631380274891853,0.015351762995123863,0.00013459777983371168,0.004605382215231657,0.0036285126116126776,0.0014749309048056602,0.03417322784662247,0.4661339521408081,0.4178038537502289,0.038220688700675964,0.03807961940765381,0.0661993995308876,0.09379187971353531,2.8152398954262026e-06,1.4407104572455864e-05,1.0,967.0
8.773310469223361e-07,1.467992569814669e-05,8.877454820321873e-05,0.9263251423835754,0.9087269902229309,0.6446291208267212,7.968795216584112e-06,4.152255144163064e-07,2.3848863293096656e-06,0.0011440492235124111,0.0004883623914793134,0.06854056566953659,0.05929602310061455,0.07389765977859497,0.07318507134914398,0.05011536553502083,0.04036199674010277,0.1618041843175888,0.1709396094083786,0.012198309414088726,0.007922261022031307,0.3423314690589905,0.406916081905365,2.9139411708456464e-05,0.0040127551183104515,0.01991298235952854,9.371738997288048e-05,0.00578171806409955,0.004683155566453934,0.0011591706424951553,0.00011118220572825521,0.00024765139096416533,0.005371508654206991,0.0035738118458539248,0.0005099506233818829,0.0008178185671567917,0.007163975853472948,0.010017046704888344,0.6644620895385742,0.0034990564454346895,0.07272599637508392,0.04075184836983681,0.039907753467559814,0.01794039085507393,3.7844372400286375e-06,3.8347552617779e-06,2.2649534002994187e-05,0.0008720774785615504,3.9436308725271374e-05,3.407141048228368e-05,2.1650516828231048e-06,1.674562213338504e-07,1.0,968.0
1.8837215520761674e-07,0.0016628147568553686,0.006364595144987106,0.21218205988407135,0.6462191343307495,0.10467849671840668,0.0007525908295065165,5.282910251480644e-07,5.074293198958912e-07,0.10101854801177979,0.06291995197534561,0.14749698340892792,0.1385701298713684,0.028922906145453453,0.35962504148483276,0.36387044191360474,0.02198479138314724,0.09055014699697495,0.09368745237588882,0.18544253706932068,0.1078425720334053,0.048897065222263336,0.008934707380831242,0.02434999868273735,0.01952124387025833,0.014448205940425396,0.0001677733234828338,2.0121020497754216e-05,0.00043358493712730706,0.02024957723915577,0.043957244604825974,0.029150400310754776,0.003731346456333995,4.467690087039955e-05,0.9495741128921509,0.8830007314682007,0.0050094169564545155,0.06496135890483856,0.00032300976454280317,0.00027890311321243644,0.001953527797013521,0.02189859189093113,0.00057976198149845,0.011160030961036682,0.07884540408849716,0.3594478964805603,0.3419314920902252,0.7678765654563904,0.05958149954676628,0.36649343371391296,2.4191682314267382e-05,2.4293603928526863e-06,0.0,969.0
4.6118375394144095e-06,0.9040818214416504,0.8642485737800598,0.0016440297476947308,3.4115986636606976e-05,0.00011293482384644449,0.0006732639740221202,3.1975971523934277e-06,6.091649424888601e-07,0.3157407343387604,0.23348914086818695,0.25950244069099426,0.2673061788082123,0.15006129443645477,0.007740286644548178,0.055663466453552246,0.4030822217464447,0.03852070868015289,0.04020208120346069,0.7254493236541748,0.5103411078453064,0.0021636392921209335,0.001889878767542541,0.0016352377133443952,0.04335863143205643,0.37921032309532166,0.0004909773706458509,0.001711549237370491,0.004493660759180784,0.04324565827846527,0.11092333495616913,0.13588076829910278,0.0027144034393131733,0.0003626573598012328,0.5176240801811218,0.3669778108596802,0.004181163851171732,0.04853732883930206,0.002618874190375209,0.00015892117517068982,0.02159963548183441,0.0076660457998514175,0.010818039998412132,0.06201114133000374,0.0038692038506269455,0.011041948571801186,0.0023301930632442236,0.04356071725487709,0.019859198480844498,0.04806981608271599,1.6129803270814591e-06,2.0049976228619926e-05,1.0,970.0
4.6829359234834556e-06,0.7293521165847778,0.8191391229629517,1.3654163922183216e-05,0.001797536388039589,0.0006855393294245005,0.0006745668943040073,2.041797642959864e-06,6.408124022527772e-07,0.278509259223938,0.4377667009830475,0.13055306673049927,0.15959762036800385,0.060201164335012436,0.07935545593500137,0.08090179413557053,0.08005168288946152,0.16089336574077606,0.13255316019058228,0.688023567199707,0.6568895578384399,0.0046456060372292995,0.0011523354332894087,0.0025218238588422537,0.002062074141576886,0.1285875290632248,0.0005992104415781796,0.0031256431248039007,0.000934809388127178,0.005319146439433098,0.002293640049174428,0.0015611129347234964,0.06345278024673462,0.0003925318596884608,0.13711586594581604,0.1860857605934143,0.014966840855777264,0.034177590161561966,0.008770382963120937,0.0005856213974766433,0.0007782632019370794,0.007262788247317076,0.0009222561493515968,0.024047251790761948,0.8824073672294617,0.9187712073326111,0.13446152210235596,0.12105336785316467,0.11930166184902191,0.26995399594306946,1.0549578064456e-06,5.247678473097039e-06,1.0,971.0
3.7376835848590417e-07,0.0005919224349781871,0.002762974938377738,0.28147828578948975,0.6949471831321716,0.1594674289226532,5.11557373101823e-05,3.1852727033765404e-07,1.4810101447437773e-06,0.0008509879698976874,0.0003209178685210645,0.13932138681411743,0.19691723585128784,0.07722165435552597,0.23167182505130768,0.06321652233600616,0.010409115813672543,0.05670490488409996,0.03031507134437561,0.010609034448862076,0.002789044054225087,0.3869006037712097,0.4391839802265167,0.00011135175736853853,0.007656166795641184,0.4277273118495941,0.0034691966138780117,0.0024340206291526556,0.010815820656716824,0.03179825097322464,2.6697260182118043e-05,3.341909177834168e-05,0.02246997505426407,0.0008680011378601193,0.06786882132291794,0.0756102204322815,0.0018489768262952566,0.006322743836790323,0.3852185606956482,0.0043831621296703815,0.028639329597353935,0.022214459255337715,0.007332479581236839,0.03334987908601761,1.0615739483910147e-05,1.2586162483785301e-05,1.281870572711341e-05,0.0001448010589228943,0.0026045427657663822,0.0038199902046471834,4.536122560239164e-06,4.0406825974059757e-07,1.0,972.0
2.002865358008421e-06,0.4214683473110199,0.5217466354370117,0.00032043238752521574,0.0033038691617548466,0.0010764733888208866,0.0002466205332893878,8.134551165994708e-08,1.4649624517915072e-06,0.10443258285522461,0.05084621161222458,0.09239853173494339,0.07894089072942734,0.004057897254824638,0.5190123319625854,0.5062841176986694,0.007213895209133625,0.10329196602106094,0.13058127462863922,0.36808231472969055,0.5583069920539856,0.0048037986271083355,0.011443051509559155,0.0013508475385606289,0.000788819685112685,0.21602670848369598,0.0021409313194453716,0.03771505877375603,0.29202398657798767,0.04183923453092575,2.0309009869379224e-06,2.802403514579055e-06,0.0031686860602349043,0.030918708071112633,0.01300252228975296,0.02555721439421177,0.08144182711839676,0.06319455802440643,0.0018682603258639574,1.7002259482978843e-05,0.006554057355970144,0.18974660336971283,0.00010017924068961293,0.0008105742163024843,0.049961041659116745,0.04669579491019249,0.000950002868194133,0.004126694984734058,0.0006899589207023382,0.0004353227268438786,2.9704509074690577e-07,6.813641562075645e-07,1.0,973.0
8.477760275127366e-06,0.00044888650882057846,0.0004532589518930763,0.5783783197402954,0.7716673612594604,0.7263981103897095,0.0001452247379347682,3.917640697181923e-06,5.210834842728218e-06,0.00245896284468472,0.007043616380542517,0.00650032376870513,0.00643598847091198,0.40588563680648804,0.006751317530870438,0.00419511878862977,0.43350574374198914,0.5799872875213623,0.6230033040046692,0.12301922589540482,0.04177897050976753,0.21271349489688873,0.04696136713027954,0.0005385820404626429,0.0005341907381080091,0.0033307878766208887,4.3464984628371894e-05,0.000475219712825492,0.021374426782131195,0.013515455648303032,0.11852195113897324,0.1183592677116394,0.00033203719067387283,0.0003146020171698183,0.0012126663932576776,0.0016901761991903186,0.08482584357261658,0.05243669077754021,0.00503338361158967,0.0006637164042331278,0.03807281330227852,0.0036604725755751133,0.028234753757715225,0.010985175147652626,0.18644800782203674,0.13011761009693146,0.4028349220752716,0.541156530380249,0.00029859572532586753,0.00024197086167987436,5.600055374088697e-06,2.880209876821027e-06,0.0,974.0
2.9001239454373717e-06,0.05583840236067772,0.017383521422743797,0.17839106917381287,0.01401923131197691,0.09978866577148438,0.0005520375561900437,1.5654267144782352e-06,8.13298174762167e-06,0.37374112010002136,0.07426846027374268,0.26927995681762695,0.20830391347408295,0.517641544342041,0.14181843400001526,0.008109118789434433,0.07954565435647964,0.06266595423221588,0.09053768217563629,0.4958905279636383,0.2580905556678772,0.0030701521318405867,0.030937207862734795,0.0033177603036165237,0.00018244836246594787,0.010151923634111881,0.0004871394485235214,0.00036497070686891675,0.038466926664114,0.010514377616345882,0.0012174004223197699,0.0010052463039755821,0.0012972838012501597,0.02619076333940029,0.061742234975099564,0.1400844156742096,0.19824418425559998,0.21963782608509064,0.0001293678069487214,5.620552656182554e-06,0.006448926869779825,0.12120836228132248,0.0013381458120420575,0.0016753853997215629,0.9754279851913452,0.9664931893348694,0.42356374859809875,0.2289249747991562,0.17288236320018768,0.1448170691728592,1.8785543716148823e-06,4.082537998328917e-06,0.0,975.0
1.8250306084155454e-06,0.00018201276543550193,7.442431524395943e-05,0.7800161838531494,0.9155449867248535,0.8603824377059937,3.439374631852843e-05,9.203754416375887e-07,1.5828494497327483e-06,0.0008848988218232989,0.00019122079538647085,0.01713063381612301,0.01802237145602703,0.014592551626265049,0.2565709054470062,0.25163668394088745,0.006253363564610481,0.37356430292129517,0.3197370767593384,0.020497530698776245,0.005501480773091316,0.3150598704814911,0.47092196345329285,3.8877617043908685e-05,0.004371234215795994,0.27629971504211426,0.001512545975856483,0.020075293257832527,0.0023237261921167374,0.002188581507652998,0.0003261449746787548,0.00047181008267216384,0.028908057138323784,0.007940107956528664,0.004710743669420481,0.00874655693769455,0.001905206823721528,0.004151185974478722,0.8680986166000366,0.0005650310195051134,0.07820149511098862,0.04149311035871506,0.026179732754826546,0.014946090057492256,1.2038210570608499e-06,8.866464895618265e-07,2.6492589313420467e-05,0.00033065170282498,0.0001980313827516511,0.00011804746463894844,2.333424845346599e-06,3.0658594596388866e-07,1.0,976.0
1.0257124358759029e-06,0.4831537902355194,0.4873991012573242,0.00018656007887329906,0.006304525304585695,0.004130604676902294,1.3432150808512233e-05,5.098750932575058e-08,1.3561236755776918e-07,0.28043264150619507,0.20000043511390686,0.20616571605205536,0.18702860176563263,0.01945253275334835,0.17685112357139587,0.17645996809005737,0.027225783094763756,0.04954913258552551,0.06811689585447311,0.37395229935646057,0.5796204209327698,0.0024264557287096977,0.0017507934244349599,8.752870598982554e-06,0.0071687251329422,0.028181474655866623,3.326164369354956e-05,0.0025696787051856518,0.002263212576508522,0.005430066492408514,0.00022249035828281194,0.0002801759692374617,8.304549555759877e-05,0.0037605909164994955,0.0003026094054803252,0.00018905075557995588,0.03377165272831917,0.06848391890525818,0.014220540411770344,0.0002130044886143878,0.3584357500076294,0.2086510956287384,0.15933719277381897,0.00395602360367775,1.683419213804882e-05,9.66248717304552e-06,0.00015878725389484316,0.0002605421468615532,1.4491393812932074e-05,2.289744224981405e-05,1.339072213113468e-07,1.979911274929691e-07,1.0,977.0
2.079579871860915e-06,0.4453623294830322,0.4837009310722351,0.0028313046786934137,0.009397774003446102,0.006467660889029503,1.4503146303468384e-05,1.1748999213523348e-06,1.9509411686158273e-06,0.0166843980550766,0.0029135316144675016,0.0668354481458664,0.05262921750545502,0.000247381889494136,0.7653498649597168,0.863399863243103,0.003587449202314019,0.12780560553073883,0.12433037906885147,0.0693766176700592,0.026807324960827827,0.03626350685954094,0.156831756234169,6.145794759504497e-05,0.0016406959621235728,0.04356483370065689,0.002635668497532606,0.0022923399228602648,0.0004163225821685046,0.0009203903609886765,0.0010224072029814124,0.0012512779794633389,0.018731528893113136,0.001372822211124003,0.0020964103750884533,0.001836553099565208,0.0005678525776602328,0.0005653815460391343,0.9750684499740601,0.004569901153445244,0.11400346457958221,0.0638916939496994,0.02508091740310192,0.034536559134721756,1.716958308861649e-07,8.543085527890071e-08,5.81790336582344e-05,0.0002638408332131803,4.553731923806481e-05,3.587620813050307e-05,3.625840008680825e-06,1.0128176199941663e-06,1.0,978.0
2.0638279238482937e-05,0.8811267614364624,0.8502156138420105,0.0004160413227509707,7.531748269684613e-05,4.6813522203592584e-05,0.0005720943445339799,2.087452230625786e-06,2.688078666324145e-06,0.4613400101661682,0.49755755066871643,0.5252406001091003,0.49645325541496277,0.12037914246320724,0.07050049304962158,0.04879424721002579,0.12418339401483536,0.0343143530189991,0.02305416576564312,0.8470624685287476,0.8671326637268066,0.0027107875794172287,0.000315252662403509,0.004227291326969862,0.0029640926513820887,0.04698505997657776,0.00016361536108888686,0.00624025659635663,0.018635094165802002,0.04441611096262932,0.12033039331436157,0.1314677745103836,0.00024370338360313326,6.350307558022905e-06,0.03404829651117325,0.06161759793758392,0.16408556699752808,0.15321631729602814,8.72458767844364e-05,0.015006471425294876,0.15158453583717346,0.2050323635339737,0.005243545863777399,0.001643586903810501,0.04351767152547836,0.043795932084321976,0.24372754991054535,0.7266396880149841,0.0013379673473536968,0.00238406122662127,9.366272024635691e-07,7.272087259480031e-06,2.0,979.0
7.405017186101759e-07,0.007397165521979332,0.007742078043520451,0.00705849239602685,0.3658343553543091,0.18597427010536194,6.270933681662427e-06,1.066644870206801e-07,2.837290651314106e-07,0.06666627526283264,0.06350391358137131,0.03049282915890217,0.033653050661087036,0.03110341727733612,0.15891580283641815,0.17472292482852936,0.017538920044898987,0.2310631424188614,0.22930803894996643,0.3029698431491852,0.24988362193107605,0.011785326525568962,0.011385264806449413,1.2484026228776202e-05,0.008063066750764847,0.03445500507950783,0.00022743010777048767,0.015003391541540623,0.03529087081551552,0.01118157897144556,7.79119432081643e-07,1.240805659108446e-06,0.0035867744591087103,0.003640530863776803,0.00014970131451264024,0.00019061843340750784,0.005681757815182209,0.0022833014372736216,0.9259600639343262,0.010312412865459919,0.15915526449680328,0.19666624069213867,0.03850071504712105,0.002638338366523385,8.157932143149083e-07,3.2993597187669366e-07,3.906694473698735e-06,1.4416326848731842e-05,2.9795428417855874e-06,2.12641589314444e-06,9.705215688882163e-07,5.952591308755473e-08,2.0,980.0
2.01574607672228e-06,0.15622834861278534,0.11247999221086502,0.006240075919777155,0.02831784076988697,0.07265138626098633,2.4231929273810238e-05,1.2683698287219158e-06,2.968979742945521e-06,0.03107265941798687,0.019198449328541756,0.07623256742954254,0.07671148329973221,0.00011993068619631231,0.9616994261741638,0.9666370749473572,0.0006765075959265232,0.1286623775959015,0.11574417352676392,0.17009471356868744,0.16678179800510406,0.028128406032919884,0.04423785209655762,0.00048748269909992814,6.99922748026438e-05,0.0014760963385924697,0.010798952542245388,3.0397864975384437e-05,0.0071679516695439816,0.0019436402944847941,0.0015926908235996962,0.002808735705912113,0.020540330559015274,0.001071341335773468,0.006994213908910751,0.020767780020833015,0.008751263841986656,0.0023967763409018517,0.3803500831127167,0.0010426879161968827,0.006611479911953211,0.003402196802198887,0.0075480020605027676,0.04232335463166237,7.36797446734272e-05,4.0592603909317404e-05,0.0001875091838883236,0.008523499593138695,0.0013493970036506653,0.00041522487299516797,3.883444514940493e-05,3.1898853194434196e-06,1.0,981.0
3.100332378380699e-06,0.09971866756677628,0.0404278002679348,0.11477382481098175,0.01739494316279888,0.03824694827198982,0.00022735074162483215,1.5542045730398968e-06,9.654535233494244e-07,0.1972787082195282,0.13495758175849915,0.3261881172657013,0.2953529357910156,0.0263034850358963,0.11837011575698853,0.12548953294754028,0.03824368491768837,0.029579292982816696,0.029798734933137894,0.35033026337623596,0.4378884732723236,0.004417469725012779,0.005126530770212412,0.001545935869216919,0.0003139156033284962,0.0015729106962680817,4.630342300515622e-05,8.104829612420872e-05,0.005998410750180483,0.006375585217028856,0.012887291610240936,0.01097369659692049,0.003150956705212593,0.005198657512664795,0.15701645612716675,0.20660026371479034,0.06588805466890335,0.12482471764087677,0.004656614735722542,2.904134089476429e-05,0.02908194437623024,0.004213498439639807,0.04228685796260834,0.04201903194189072,0.6775778532028198,0.6771386861801147,0.03471898287534714,0.02348596230149269,0.6792761087417603,0.7963528037071228,1.5028784901005565e-06,3.881937573169125e-06,0.0,982.0
4.97459609505313e-07,0.015340019017457962,0.02319863997399807,0.012194948270916939,0.28432902693748474,0.16777446866035461,2.5927887691068463e-05,1.5175169210124295e-07,7.625874900440976e-07,0.0117452098056674,0.00764246704056859,0.04168527200818062,0.02917570434510708,0.0396546833217144,0.16501599550247192,0.13577790558338165,0.019080085679888725,0.29310232400894165,0.2892519235610962,0.06199038401246071,0.07369130849838257,0.052668094635009766,0.15264372527599335,0.00015744483971502632,0.06086196005344391,0.10063058882951736,0.0003665331460069865,0.0035044706892222166,0.0053965868428349495,0.007698470260947943,1.7614545868127607e-05,1.7689744709059596e-05,0.061279501765966415,0.3824007511138916,0.027538318186998367,0.020132478326559067,0.0015640128403902054,0.002427075756713748,0.8514994382858276,6.099803158576833e-06,0.036156464368104935,0.061636630445718765,0.0012403292348608375,0.004513653926551342,1.6952562873484567e-06,8.877675554685993e-07,2.1007046598242596e-05,5.04246236232575e-05,3.768870737985708e-05,1.7544603906571865e-05,1.8202679257228738e-06,2.1513019987651205e-07,1.0,983.0
3.0909709494153503e-06,0.0074890293180942535,0.010121675208210945,0.007805819157510996,0.2756832242012024,0.24736803770065308,0.0001233062648680061,4.056349553138716e-06,1.0862587487281417e-06,0.012011781334877014,0.009767484851181507,0.010531159117817879,0.011400215327739716,0.2665081322193146,0.009990553371608257,0.009504683315753937,0.2730167806148529,0.436668336391449,0.44282519817352295,0.21476733684539795,0.04660336673259735,0.04348677024245262,0.04639099910855293,0.0002039357932517305,0.0033006707672029734,0.1398879885673523,0.0007601069519296288,0.0004887346876785159,0.0017773853614926338,0.0002954290830530226,0.04116435348987579,0.0421016700565815,0.04344160109758377,0.008731844834983349,0.06757614016532898,0.09907468408346176,0.0032211150974035263,0.002638953272253275,0.17469872534275055,2.744778430496808e-05,0.01488410122692585,0.0035886969417333603,0.014128297567367554,0.3079959452152252,6.798326649004593e-05,3.671323065645993e-05,0.0037676538340747356,0.003792370902374387,0.10379678010940552,0.04516807571053505,8.775102287472691e-06,3.5974519505543867e-06,1.0,984.0
1.0723990726546617e-06,0.0009889157954603434,0.0004859695036429912,0.5673035383224487,0.33007901906967163,0.2154017984867096,1.8271957742399536e-05,8.485359330734354e-07,4.396173949317017e-07,0.3642084300518036,0.4137451648712158,0.43758779764175415,0.4184145927429199,0.002096753567457199,0.663547933101654,0.6444246172904968,0.002358602359890938,0.020186126232147217,0.016830451786518097,0.27512145042419434,0.30063632130622864,0.00207238900475204,0.0009322873083874583,4.8202520702034235e-05,0.0008614893886260688,0.026812920346856117,0.0007668241742067039,0.0009392448118887842,0.0011664783814921975,0.0021026222966611385,0.005706473253667355,0.007498694118112326,0.0010357137070968747,0.0004745975020341575,0.0029320847243070602,0.004247698001563549,0.007765163667500019,0.011912439949810505,0.17852982878684998,0.00259454851038754,0.18752476572990417,0.07174103707075119,0.06732150167226791,0.028908614069223404,3.102018126810435e-06,2.639508238644339e-06,0.00017438014037907124,0.0013394106645137072,0.00010011267295340076,0.00022401445312425494,5.06289961776929e-06,5.549265438276052e-07,1.0,985.0
1.4711491758134798e-06,0.5752238035202026,0.5714046955108643,1.553192487335764e-05,0.002066876972094178,0.0032556632068008184,7.14555244485382e-06,5.047968087978916e-08,1.1842170977161004e-07,0.16365943849086761,0.16050340235233307,0.21388445794582367,0.21567675471305847,0.026703517884016037,0.14496321976184845,0.14228521287441254,0.029554910957813263,0.04225015267729759,0.03824116662144661,0.5284186005592346,0.3026862144470215,0.003622630378231406,0.0024919845163822174,1.0180459867115133e-05,0.0005807195557281375,0.0038600286934524775,9.874200623016804e-05,0.0004863617941737175,0.0201907716691494,0.031607504934072495,3.799624755629338e-05,5.929177496000193e-05,0.000261301378486678,0.0034414625260978937,4.920063656754792e-05,2.8173291866551153e-05,0.04626009240746498,0.0876961499452591,0.013532484881579876,0.0008905286667868495,0.023431340232491493,0.018048275262117386,0.3985995054244995,0.03607577085494995,0.0003645209362730384,0.00033094597165472806,0.00012745012645609677,0.0006210020510479808,0.00014686561189591885,0.0001504845859017223,2.9990286520842346e-07,1.389162633813612e-07,1.0,986.0
3.430143635796412e-07,0.001383276772685349,0.006071137730032206,0.03303877264261246,0.6310074329376221,0.16514994204044342,1.4924441529728938e-05,2.2786359465953865e-07,2.6406610231788363e-07,0.023929981514811516,0.013435236178338528,0.052915558218955994,0.06431297212839127,0.012152309529483318,0.2626994550228119,0.28650450706481934,0.01376544963568449,0.17314663529396057,0.15333205461502075,0.3362721800804138,0.09490008652210236,0.04093670845031738,0.03418484702706337,6.57664131722413e-05,0.06304416805505753,0.056732870638370514,3.9643768104724586e-05,0.0007986709824763238,0.0031589018180966377,0.0008110725902952254,4.651004928746261e-05,7.007822568994015e-05,0.06337703764438629,0.0015539259184151888,0.00871341023594141,0.009135213680565357,0.0006086435751058161,0.0010746828047558665,0.8436788320541382,0.0018567047081887722,0.010673095472157001,0.033825889229774475,0.00753428740426898,0.0417783185839653,7.932573566904466e-07,6.318433065644058e-07,2.2656275177723728e-05,0.00016034068539738655,0.0012888017809018493,0.0027899169363081455,3.7956599499011645e-06,3.5207253290536755e-07,1.0,987.0
1.6954066950347624e-06,0.3165351450443268,0.20981694757938385,0.024570349603891373,0.005860630888491869,0.007204731926321983,1.3457358363666572e-05,1.6587011941737728e-06,1.9808840079349466e-07,0.08752147108316422,0.09197957813739777,0.005965232849121094,0.005030422937124968,0.5494206547737122,0.0022158126812428236,0.004937402438372374,0.5507525205612183,0.6520951986312866,0.6600494980812073,0.4408038258552551,0.460054486989975,0.005839144345372915,0.008815910667181015,4.9476824642624706e-05,0.0033903419971466064,0.03139861673116684,8.25924871605821e-05,0.008653441444039345,0.0007193681667558849,0.0026408028788864613,0.005976966582238674,0.005653618834912777,0.0033945078030228615,8.146540494635701e-05,0.0028701052069664,0.00308054662309587,0.003761452389881015,0.014293194748461246,0.6722279191017151,0.012494581751525402,0.21794357895851135,0.02852744236588478,0.03967512771487236,0.0036133117973804474,3.06839410768589e-06,2.9827640446455916e-06,0.000213614635867998,0.0008212358807213604,4.358275873528328e-06,6.16119632468326e-06,3.546305720192322e-07,7.58865780881024e-07,2.0,988.0
3.436034148762701e-06,0.29867348074913025,0.24281443655490875,0.0012517365394160151,0.009810637682676315,0.010840981267392635,0.0008387709967792034,2.3796153527655406e-06,2.837433612512541e-06,0.036414775997400284,0.019000114873051643,0.18449407815933228,0.15921837091445923,0.026689670979976654,0.2037568986415863,0.17989613115787506,0.01461729034781456,0.052900560200214386,0.058569684624671936,0.13039901852607727,0.1136612594127655,0.022395923733711243,0.038877688348293304,0.00259570125490427,0.0020978054963052273,0.028182977810502052,0.00013785452756565064,0.0008442842517979443,0.008800741285085678,0.04047495871782303,0.0007793171098455787,0.0005915842484682798,0.010623378679156303,0.0012716868659481406,0.4353439211845398,0.5143789052963257,0.05954449251294136,0.1433958113193512,0.0077735926024615765,0.00033621417242102325,0.01494850404560566,0.012307780794799328,0.009762275964021683,0.04584774002432823,0.8266959190368652,0.8218159079551697,0.030996710062026978,0.011515084654092789,0.7394847869873047,0.8266131281852722,1.7526242572785122e-06,3.983462192991283e-06,0.0,989.0
8.758204330661101e-07,0.020193230360746384,0.018495893105864525,0.04032603278756142,0.18952874839305878,0.23687125742435455,1.9064229491050355e-05,2.4683342303433164e-07,9.130980629379337e-07,0.7741192579269409,0.6404447555541992,0.6092166900634766,0.6540015935897827,0.053918302059173584,0.06444377452135086,0.0935574620962143,0.07906430959701538,0.005930754356086254,0.008363079279661179,0.40097370743751526,0.4179210662841797,0.00033726103720255196,0.0003597274189814925,0.0002184004697483033,0.0004644622385967523,0.001231401227414608,2.5474539143033326e-05,0.00016245224105659872,0.008944077417254448,0.00029481120873242617,0.022257184609770775,0.03799227252602577,0.0005579718272201717,0.14203457534313202,0.0005834202165715396,0.001510297181084752,0.018507277593016624,0.005341016687452793,0.017184356227517128,1.8543186115493882e-06,0.00493530323728919,0.0008905252907425165,0.004767519421875477,0.008288363926112652,0.002647219691425562,0.0012456239201128483,0.016115738078951836,0.14046809077262878,0.0006408857298083603,0.0002975091047119349,6.928020411578473e-06,1.4436071751333657e-06,2.0,990.0
1.2529601917776745e-05,0.6127845048904419,0.00623803585767746,0.004865214694291353,0.00432985695078969,0.5819027423858643,0.0004450985579751432,4.099716170458123e-05,1.3368359077503555e-06,0.33618688583374023,0.026309991255402565,0.68437659740448,0.10161670297384262,0.018470417708158493,0.06251009553670883,0.20327730476856232,0.06060696020722389,0.007392562460154295,0.20078440010547638,0.3099908232688904,0.7868478894233704,0.002448383718729019,0.052199043333530426,0.0035676818806678057,4.599167368724011e-05,0.01393249910324812,0.012719707563519478,9.564612264512107e-05,0.02739037573337555,0.030911870300769806,0.00031587929697707295,0.0005753784207627177,0.0244048610329628,4.496893234318122e-05,0.7740521430969238,0.7600446939468384,0.059350430965423584,0.15471003949642181,0.004865701775997877,0.010398633778095245,0.006389376241713762,0.010318789631128311,0.0010897486936300993,0.03005431964993477,0.7028984427452087,0.8710541129112244,0.010705038905143738,0.5111252069473267,0.15622520446777344,0.4140514135360718,4.415410785441054e-06,2.4197266611736268e-05,1.0,991.0
6.925286015757592e-07,0.001285361242480576,0.000886365887708962,0.3915001451969147,0.39309224486351013,0.16257244348526,0.00023174607485998422,7.865101565585064e-07,1.3462662309393636e-06,0.0020818281918764114,0.0014601752627640963,0.16440774500370026,0.21811199188232422,0.5685632228851318,0.0210827998816967,0.0018616288434714079,0.4120303690433502,0.07110647857189178,0.03304028883576393,0.0657334253191948,0.007399675436317921,0.3266774117946625,0.1648007035255432,0.00394720071926713,0.012475480325520039,0.19658300280570984,0.0002829449367709458,0.0010883117793127894,0.0011573665542528033,0.00918369647115469,0.0018727498827502131,0.002528261160477996,0.015897182747721672,0.00010578081855783239,0.2354571521282196,0.2588071823120117,0.0019548034761101007,0.024313336238265038,0.005892633460462093,0.0012207685504108667,0.0017054909840226173,0.005745775066316128,0.00026172801153734326,0.013752852566540241,0.009530269540846348,0.04022964462637901,0.004365081433206797,0.4211999177932739,0.008701050654053688,0.028062943369150162,4.652221377909882e-06,3.1812451197765768e-06,1.0,992.0
2.0521674741758034e-06,0.029375091195106506,0.028628135100007057,0.042325761169195175,0.23220309615135193,0.11078903079032898,8.66139725985704e-06,1.0640881100698607e-06,1.8471214957571647e-07,0.06530208885669708,0.0837501809000969,0.02182888798415661,0.025687605142593384,0.012825988233089447,0.1868222951889038,0.19769173860549927,0.01934371516108513,0.2929234206676483,0.272731751203537,0.4100480377674103,0.4179095923900604,0.00847477838397026,0.0069723837077617645,1.7544085494591855e-05,0.00137150171212852,0.026330076158046722,0.00039665267104282975,0.01029064692556858,0.00020847420091740787,0.0011095658410340548,0.002289040945470333,0.002262868219986558,0.007569077890366316,0.0017878820654004812,0.0004898368497379124,0.00042252958519384265,0.0015588431851938367,0.00516347773373127,0.9583655595779419,0.0021544303745031357,0.18579049408435822,0.027772560715675354,0.05989566072821617,0.010451373644173145,4.847228751714283e-07,3.9097400872378785e-07,0.00012810123735107481,0.00034356044488959014,1.9851593151543057e-06,3.3919930046977242e-06,1.2482294096116675e-06,4.682725318616576e-07,2.0,993.0
1.6474639323860174e-06,0.13545340299606323,0.06078505516052246,0.04075183719396591,0.01064231339842081,0.02301817014813423,0.00042232361738570035,3.700482011481654e-06,4.05812124881777e-06,0.28572317957878113,0.087776318192482,0.27315372228622437,0.20665529370307922,0.21938686072826385,0.026589244604110718,0.020302386954426765,0.21277563273906708,0.04732488468289375,0.07764846086502075,0.1768697202205658,0.5131338834762573,0.004192710854113102,0.0074308449402451515,0.010174517519772053,0.039356332272291183,0.08249202370643616,3.95125025534071e-05,0.00084715272532776,0.001095104031264782,0.0013143924297764897,0.05027959123253822,0.048714496195316315,0.007206293288618326,0.0005171188968233764,0.5310695171356201,0.5494851469993591,0.011766788549721241,0.014151854440569878,0.0020209355279803276,2.609903458505869e-05,0.009482555091381073,0.03326131030917168,0.0010159400990232825,0.00490303710103035,0.18906012177467346,0.1904471516609192,0.5551408529281616,0.8258482813835144,0.22908265888690948,0.2407105267047882,1.8236110008729156e-06,8.070082003541756e-06,0.0,994.0
6.458648726948013e-07,0.1089334487915039,0.07565715909004211,0.0024081452284008265,0.02426871284842491,0.02454615943133831,5.2685823902720585e-05,1.3397389864167053e-07,4.0051983773992106e-07,0.025785284116864204,0.011501122266054153,0.05181339383125305,0.06068496033549309,0.06779856979846954,0.0571090430021286,0.0579218827188015,0.06171731650829315,0.1578339785337448,0.16529306769371033,0.2698880434036255,0.11445210129022598,0.025458360090851784,0.027592042461037636,0.00010636616934789345,0.008984808810055256,0.308836966753006,0.0004679684352595359,0.012026841752231121,0.008957273326814175,0.0013191672042012215,1.979446278710384e-05,2.625433262437582e-05,0.011668332852423191,0.0007017098250798881,0.010128060355782509,0.01860196888446808,0.013082747347652912,0.0035933018662035465,0.12328042089939117,0.0013267532922327518,0.021327516064047813,0.07302079349756241,0.0015696617774665356,0.0029786615632474422,2.1064097381895408e-05,1.0470783308846876e-05,0.0001464076922275126,0.00014255494170356542,0.0002558097767177969,0.0001748648501234129,5.565754008785007e-07,2.820985969265166e-07,1.0,995.0
2.6607681320456322e-06,0.015505597926676273,0.021614499390125275,0.0529053770005703,0.1852826476097107,0.08855830132961273,0.0007861811900511384,3.5407565519562922e-06,2.309732963112765e-06,0.5316728353500366,0.6353827714920044,0.6229815483093262,0.6312999725341797,0.015306246466934681,0.2872600257396698,0.288513720035553,0.019273076206445694,0.017490888014435768,0.011007245630025864,0.4981693923473358,0.6031893491744995,0.0019439001334831119,0.0005777760525234044,0.0037659520749002695,0.0008292552083730698,0.05263000354170799,0.000567132665310055,0.0015986694488674402,0.001836366020143032,0.002179153962060809,0.0030872563365846872,0.002327253110706806,0.025453953072428703,0.0036981343291699886,0.2730940282344818,0.39622870087623596,0.039192091673612595,0.05225753411650658,0.006578054279088974,5.33508718945086e-05,0.00468091107904911,0.017789501696825027,0.0013693443033844233,0.00841014925390482,0.8496959209442139,0.8391976356506348,0.2800803482532501,0.27152055501937866,0.6607086658477783,0.6498749256134033,2.672152731975075e-06,5.529326244868571e-06,0.0,996.0
1.384685788252682e-06,0.3077407777309418,0.2997332215309143,0.0023769133258610964,0.011711716651916504,0.022910596802830696,0.00011476613872218877,7.042539209578536e-07,1.9529777546267724e-06,0.4253048002719879,0.3893008530139923,0.39484700560569763,0.38146576285362244,0.024418756365776062,0.1519019901752472,0.16574987769126892,0.04697519540786743,0.02092510648071766,0.019788958132267,0.2855719327926636,0.3196248710155487,0.0012758475495502353,0.0012016560649499297,0.0009093218832276762,6.915716949151829e-05,0.0017911308677867055,0.0006615266320295632,2.805516305670608e-05,0.00894306693226099,0.0008140899590216577,0.015557044185698032,0.01720496267080307,0.0023432003799825907,0.01208744291216135,0.015284514985978603,0.027632270008325577,0.025606302544474602,0.010789263993501663,0.004598311148583889,6.456617938965792e-06,0.0029773591086268425,0.0026703381445258856,0.004455645568668842,0.04792003706097603,0.5332496166229248,0.30316367745399475,0.351360946893692,0.28443795442581177,0.17054827511310577,0.10080424696207047,5.299287295201793e-06,2.231499365734635e-06,0.0,997.0
3.106507620032062e-07,0.12252862751483917,0.2071535438299179,0.002536349929869175,0.0211825892329216,0.005950674414634705,1.0736304830061272e-05,1.3230287265741936e-07,9.037058390504171e-08,0.19907960295677185,0.15747201442718506,0.27948567271232605,0.2792370021343231,0.21170061826705933,0.015322599560022354,0.024735692888498306,0.20005662739276886,0.03493858873844147,0.02837621234357357,0.3901258409023285,0.3174065053462982,0.005538443569093943,0.002248273929581046,3.708909935085103e-05,0.009400516748428345,0.04017699882388115,0.0001380601606797427,0.003377835266292095,0.0019368781941011548,0.009461639449000359,6.413976734620519e-06,5.214384145801887e-06,0.023427434265613556,0.001070950529538095,0.0016383163165301085,0.0013108673738315701,0.0018396518426015973,0.0064180693589150906,0.7265505790710449,0.005299720447510481,0.05702999234199524,0.07651368528604507,0.006529890466481447,0.010193354450166225,3.019789346581092e-06,2.5532151539664483e-06,3.691112215165049e-05,2.234667590528261e-05,5.4642558097839355e-05,0.00013611704343929887,3.5490191407916427e-07,1.0917730719484098e-07,1.0,998.0
9.895680932459072e-07,0.00013390611275099218,1.0307822776667308e-05,0.9368601441383362,0.6992102861404419,0.8209052681922913,0.000150075473356992,8.480246833642013e-07,6.883624905640318e-07,0.011569383554160595,0.0037308481987565756,0.04122447967529297,0.04778781905770302,0.015680082142353058,0.21993885934352875,0.21068844199180603,0.015312557108700275,0.23172083497047424,0.23442569375038147,0.10706033557653427,0.04154298081994057,0.055599942803382874,0.11497025936841965,0.00031278037931770086,0.009769408963620663,0.12367785722017288,5.804403917863965e-05,0.025484181940555573,0.0031830747611820698,0.006068018730729818,0.0020529814064502716,0.0016798983560875058,0.002323741791769862,0.0051183239556849,0.015325131826102734,0.020944785326719284,0.021180851384997368,0.016728514805436134,0.0217402596026659,0.00010382994514657184,0.03164241462945938,0.008356987498700619,0.003114592283964157,0.004763857927173376,0.0014246833743527532,0.0009403868461959064,0.002682636259123683,0.0009860402205958962,0.00010360297164879739,8.92013922566548e-05,7.282090450644318e-07,4.894595804216806e-07,1.0,999.0
2.13191265174828e-06,0.0022946815006434917,0.001057564397342503,0.111510269343853,0.6528670191764832,0.6998640894889832,4.573210753733292e-05,1.86812280844606e-06,8.271305205198587e-07,0.039962347596883774,0.03145868703722954,0.014929677359759808,0.012936639599502087,0.02672036550939083,0.0957135483622551,0.1249043270945549,0.048167966306209564,0.44724464416503906,0.43990716338157654,0.19317667186260223,0.15947701036930084,0.016824590042233467,0.021790077909827232,7.251712668221444e-05,0.0018852180801331997,0.018929753452539444,0.000113860318379011,0.004108536057174206,0.0013688424369320273,0.00021219832706265152,0.21460005640983582,0.15864025056362152,0.0014211919624358416,0.010379171930253506,0.0009594045113772154,0.002272325102239847,0.014554210007190704,0.002840586006641388,0.5139214992523193,5.286529631121084e-05,0.15495061874389648,0.005429180338978767,0.02917388454079628,0.011260541155934334,4.246610478730872e-05,9.128219062404241e-06,0.027644308283925056,0.0017828360432758927,1.2377181519696023e-05,4.364960204839008e-06,3.4737033729470568e-06,1.2107175280107185e-06,2.0,1000.0
1.1654254876702907e-06,0.004499692935496569,0.002333803102374077,0.1724989265203476,0.4366937279701233,0.6229226589202881,2.4318485884577967e-05,8.799294732853014e-07,8.080933753262798e-07,0.10786335915327072,0.12076880782842636,0.27348682284355164,0.2551874816417694,0.006344218738377094,0.12759491801261902,0.45461753010749817,0.07188449054956436,0.03379247710108757,0.027953745797276497,0.2241474688053131,0.33791011571884155,0.006284852046519518,0.00815100409090519,5.780171341029927e-05,0.00023797900939825922,0.019800497218966484,0.007717307191342115,0.005533566698431969,0.036438558250665665,0.004016487393528223,8.844473995850421e-06,1.5700430594733916e-05,0.0049391500651836395,0.0007707718759775162,0.0010081961518153548,0.0048899101093411446,0.02506905235350132,0.0013591944007202983,0.970524787902832,0.03352225199341774,0.201209157705307,0.05059214308857918,0.016928507015109062,0.003779361257329583,6.655823199253064e-07,1.4413836879612063e-07,7.0683354351785965e-06,7.245974848046899e-05,3.7295299080142286e-06,8.678287031216314e-07,3.6025262488692533e-06,4.4173972923999827e-07,2.0,1001.0
2.696837384519313e-07,0.0005258726887404919,0.0002506953605916351,0.5942041873931885,0.730929434299469,0.32586154341697693,0.000982551253400743,1.3353081840250525e-06,5.193180072637915e-07,0.11738303303718567,0.1259329468011856,0.3707374334335327,0.39295846223831177,0.8596324324607849,0.0024810645263642073,0.002289419062435627,0.8361554145812988,0.03647863492369652,0.023927966132760048,0.32125768065452576,0.10738243162631989,0.045052528381347656,0.006909174844622612,0.043942682445049286,0.049511220306158066,0.003938430920243263,1.5555064237560146e-05,8.540462658856995e-06,0.0013405478093773127,0.03691333532333374,0.06796162575483322,0.06802026182413101,0.009145556949079037,7.172019104473293e-05,0.9555696249008179,0.9079508781433105,0.012277663685381413,0.10123077034950256,0.0007330900407396257,0.00022348154743667692,0.0012228033738210797,0.013664615340530872,0.0019881525076925755,0.02224457822740078,0.2187390923500061,0.5624083280563354,0.20902609825134277,0.7754751443862915,0.506324052810669,0.792847216129303,3.407618714845739e-05,8.968687325250357e-06,0.0,1002.0
1.6655444312618783e-07,0.013502745889127254,0.013893777504563332,0.022345425561070442,0.2442985475063324,0.09950105100870132,3.852290774375433e-06,2.389522357759688e-08,4.61391778117104e-08,0.3461732864379883,0.44893139600753784,0.6024760007858276,0.5953139662742615,0.03612786531448364,0.07889942079782486,0.11424863338470459,0.0695081353187561,0.012927327305078506,0.0064814151264727116,0.3829883337020874,0.2349959760904312,0.003893303917720914,0.0005443193367682397,2.170139123336412e-05,0.0011013791663572192,0.0011287087108939886,2.5063131033675745e-05,0.00016118194616865367,0.004070008173584938,0.002076250733807683,0.0001346805802313611,0.00028063898207619786,0.0010712642688304186,0.02107907459139824,0.00021610553085338324,0.00015352624177467078,0.002306066220626235,0.011389418505132198,0.3298473656177521,7.1246839070227e-05,0.0066751278936862946,0.001507371780462563,0.03382366895675659,0.00884229689836502,2.4019273041631095e-05,2.638772093632724e-05,4.7918227210175246e-05,0.0011402886593714356,9.669652354205027e-05,0.00014018437650520355,2.145281769116991e-06,1.5922395846246218e-07,1.0,1003.0
1.5252587672875961e-06,0.13063378632068634,0.012769419699907303,0.00789086427539587,0.020478863269090652,0.10144978761672974,1.6786641936050728e-05,5.513888936548028e-07,3.440831051193527e-07,0.13198551535606384,0.08601327985525131,0.061962105333805084,0.051635876297950745,0.4275989532470703,0.00646265409886837,0.00595897575840354,0.4195520877838135,0.15501269698143005,0.16727927327156067,0.2773098051548004,0.2589658796787262,0.003727551316842437,0.006454640068113804,8.97225399967283e-05,0.0012650768039748073,0.002900936407968402,1.77354540937813e-05,0.0004681417194660753,0.009349982254207134,0.002250807126984,0.005873238202184439,0.006917500868439674,0.0007745115435682237,0.026346560567617416,0.000862546032294631,0.0008261536713689566,0.016400208696722984,0.018198421224951744,0.02040308155119419,1.6040117770899087e-05,0.03375963121652603,0.0011605892796069384,0.04876546561717987,0.05924934893846512,0.001222116407006979,0.0008707016822881997,0.0036408009473234415,0.004115845076739788,0.0006854243692941964,0.0004248705809004605,1.1036532896468998e-06,6.165502099975129e-07,1.0,1004.0
1.7052609564416343e-06,0.04640704020857811,0.07246629893779755,0.0020041551906615496,0.1151174008846283,0.04742015525698662,0.0004748273640871048,2.005632950385916e-06,1.1949244935749448e-06,0.19567757844924927,0.2040998637676239,0.2714407742023468,0.25432780385017395,0.6741186380386353,0.0024897290859371424,0.0015485869953408837,0.6825286149978638,0.034654200077056885,0.03453896567225456,0.4437125623226166,0.3901057541370392,0.004248619545251131,0.0024503853637725115,0.0010623761918395758,0.0037410908844321966,0.49178558588027954,0.0030346177518367767,0.0011186458868905902,0.01285072322934866,0.020923014730215073,0.003119564848020673,0.004271853249520063,0.009989180602133274,5.599524229182862e-05,0.2575371265411377,0.41653773188591003,0.008233483880758286,0.022470463067293167,0.00825424026697874,0.00335717317648232,0.0016906566452234983,0.0019988964777439833,0.001553351292386651,0.05992191284894943,0.010924520902335644,0.027050714939832687,0.0023505643475800753,0.048671215772628784,0.03067600727081299,0.0398729182779789,6.050020147085888e-06,9.532528565614484e-06,1.0,1005.0
7.402016422020097e-07,0.00025769148487597704,0.0005082146381027997,0.46472978591918945,0.6817638874053955,0.508793830871582,0.0005035147769376636,3.8039656828914303e-06,4.739641099149594e-06,0.024672461673617363,0.048756763339042664,0.3987395763397217,0.4015898108482361,0.010993586853146553,0.3679842948913574,0.36224812269210815,0.007253617979586124,0.030116409063339233,0.019186269491910934,0.09969009459018707,0.028367899358272552,0.06659725308418274,0.031626489013433456,0.0014281078474596143,0.022042367607355118,0.5770095586776733,0.004458196461200714,0.0002347062254557386,0.017456740140914917,0.02812373824417591,0.016299182549118996,0.04213147237896919,0.06760117411613464,0.0006267259013839066,0.7237282991409302,0.8115203976631165,0.0012484227772802114,0.007150821853429079,0.1654035896062851,0.0006206012330949306,0.007966237142682076,0.005438539665192366,0.002745695412158966,0.09476035088300705,0.0010517626069486141,0.0026165649760514498,0.0003342936106491834,0.045988764613866806,0.018525097519159317,0.02650442160665989,6.187052349559963e-05,1.3845251487509813e-05,1.0,1006.0
4.904019874629739e-07,0.0032878280617296696,0.002850419608876109,0.07200947403907776,0.3301382064819336,0.16676484048366547,3.0922812584321946e-05,4.7166898298200977e-07,2.770666185369919e-07,0.1035270094871521,0.04047425836324692,0.09737582504749298,0.10212967544794083,0.09717664122581482,0.060723938047885895,0.04510628804564476,0.06873234361410141,0.10970120877027512,0.1087399497628212,0.30098193883895874,0.09869290888309479,0.008597178384661674,0.012972344644367695,0.0006008979398757219,0.0002443951671011746,0.0002946564054582268,1.1947846360271797e-05,2.052888521575369e-05,0.0038263737224042416,0.003361103357747197,0.0015553219709545374,0.0015944350743666291,0.009085805155336857,0.0002099066914524883,0.0043062372133135796,0.004695324692875147,0.010205176658928394,0.010001425631344318,0.04166208207607269,0.0036796347703784704,0.00020654965192079544,0.00013528282579500228,0.0031414676923304796,0.08639649301767349,0.19731324911117554,0.18087658286094666,0.04404090344905853,0.04814176261425018,0.0986088439822197,0.09906701743602753,2.1740397642133757e-05,8.162835456460016e-07,1.0,1007.0
5.758146812695486e-07,0.002856325125321746,0.0006249019643291831,0.4402065873146057,0.3920593559741974,0.46443694829940796,4.674888259614818e-05,1.9749911928101938e-07,9.64065975495032e-07,0.0011166709009557962,0.0013335187686607242,0.09519308805465698,0.17035257816314697,0.06055756285786629,0.1414758563041687,0.08259476721286774,0.021435489878058434,0.09605616331100464,0.037035416811704636,0.029031435027718544,0.005282674450427294,0.36804652214050293,0.17669934034347534,5.7679531892063096e-05,0.02484806999564171,0.5694042444229126,0.0022542160004377365,0.00728588318452239,0.002448933431878686,0.005597492679953575,0.0004455771704670042,0.0006205201498232782,0.011072928085923195,0.01505136489868164,0.015031385235488415,0.016134392470121384,0.0010865310905501246,0.004717458039522171,0.6040348410606384,0.00012095490092178807,0.021251874044537544,0.02634318359196186,0.006528378464281559,0.005235994700342417,1.8834533648259821e-06,1.7931585034602904e-06,3.543425555108115e-05,0.0003530289977788925,4.390583126223646e-05,3.775647928705439e-05,3.947272034565685e-06,4.417498473685555e-07,1.0,1008.0
2.431212124065496e-06,0.04443637281656265,0.03934769704937935,0.08127199858427048,0.06912099570035934,0.0463423915207386,2.6918909497908317e-05,6.054120262888318e-07,1.170625296254002e-06,0.20532099902629852,0.18166382610797882,0.03747715428471565,0.05387574061751366,0.026182174682617188,0.0674624815583229,0.15925031900405884,0.09034445881843567,0.24121080338954926,0.21040377020835876,0.5627593994140625,0.20347243547439575,0.0037327876780182123,0.0025290355551987886,0.0003252184542361647,0.0009487384231761098,0.004964664112776518,7.86993041401729e-05,0.00018212386930827051,0.011519118212163448,0.006513939239084721,0.0011120170820504427,0.003505568252876401,0.009078917093575,0.003409598022699356,0.006892695557326078,0.006841213908046484,0.0032670083455741405,0.022312568500638008,0.07367022335529327,0.00012678852363023907,0.020748216658830643,0.0013620360987260938,0.006665860302746296,0.05897410959005356,0.0009438765118829906,0.0037344794254750013,0.00014620566798839718,0.15885089337825775,0.0006849956698715687,0.0011689517414197326,5.746841907239286e-06,2.2588026240555337e-06,1.0,1009.0
4.549379355012206e-06,0.28253236413002014,0.15410427749156952,0.0020443364046514034,0.014858469367027283,0.03418354690074921,2.4963683245005086e-05,9.474202897763462e-07,2.4153854383257567e-07,0.18373699486255646,0.34469518065452576,0.27454376220703125,0.32619860768318176,0.026181763038039207,0.047259267419576645,0.1489918828010559,0.10560640692710876,0.03268173709511757,0.019739478826522827,0.563559889793396,0.42394450306892395,0.0030858463142067194,0.0007128824363462627,3.1388288334710523e-05,0.010529499500989914,0.07359711825847626,4.253856968716718e-05,0.031528931111097336,0.0003189551061950624,0.0009107717196457088,0.016632268205285072,0.016859671100974083,0.0016883700154721737,0.002707152161747217,0.00036208544042892754,0.000459584902273491,0.007646453566849232,0.010997772216796875,0.2617741823196411,0.0003556738665793091,0.19798113405704498,0.036171745508909225,0.17077484726905823,0.0384507030248642,5.994884304527659e-06,3.773074695345713e-06,0.0008549835765734315,0.0012423860607668757,4.995938797947019e-05,9.042988676810637e-05,3.6091043398300826e-07,1.6814638001960702e-06,2.0,1010.0
3.789569063883391e-06,0.9176036715507507,0.8881304264068604,9.334480637335218e-06,7.166522846091539e-05,0.00023714298731647432,0.0003877775161527097,6.468437163675844e-07,5.162574439054879e-07,0.2619468867778778,0.27305281162261963,0.22288277745246887,0.2304992824792862,0.03690512478351593,0.15734334290027618,0.14728718996047974,0.026952166110277176,0.05307385325431824,0.057246025651693344,0.6438043117523193,0.6341310143470764,0.0019493548898026347,0.0009670417057350278,0.0004916199250146747,0.04919707775115967,0.7499374151229858,0.0005301271448843181,0.003015529830008745,0.0058494810946285725,0.021759454160928726,0.08910731226205826,0.12161161005496979,0.002628664718940854,0.0004391085240058601,0.04147285223007202,0.037259168922901154,0.00560591509565711,0.027040185406804085,0.0024262319784611464,0.00012902679736725986,0.00385745195671916,0.007314041722565889,0.006297888234257698,0.0285633634775877,0.004851382225751877,0.006811914034187794,0.006093890406191349,0.03618995100259781,0.00847206637263298,0.011485574766993523,1.4457206134466105e-06,4.12052168030641e-06,1.0,1011.0
1.5901179040156421e-06,0.16130463778972626,0.09765394777059555,0.007556193042546511,0.019432350993156433,0.03581342101097107,8.468263695249334e-05,5.827183713336126e-07,1.8751735808564263e-07,0.06704080104827881,0.12734226882457733,0.027487369254231453,0.08495233952999115,0.36808890104293823,0.0051854318007826805,0.019947905093431473,0.3682003617286682,0.26503118872642517,0.1149456724524498,0.6203110218048096,0.5074212551116943,0.007969772443175316,0.0022711751516908407,0.0002899133542086929,0.004043156746774912,0.0446140430867672,1.3304434105521068e-05,0.02122556045651436,0.000753699045162648,0.02380898781120777,0.006940224673599005,0.005056310445070267,0.0003809580230154097,3.455589830991812e-05,0.002420971170067787,0.0014154171803966165,0.025156477466225624,0.1431761384010315,0.0010602736147120595,0.005418017506599426,0.01834225468337536,0.016039041802287102,0.0025530210696160793,0.001146384864114225,0.035767219960689545,0.07703803479671478,0.11377832293510437,0.33376598358154297,7.373090920737013e-05,0.0001723511959426105,1.6540322178570932e-07,1.578295723447809e-06,1.0,1012.0
4.004784841526998e-06,0.0026329336687922478,0.0208858884871006,0.04310546815395355,0.5769472718238831,0.09843717515468597,2.9896196792833507e-05,9.128133342528599e-07,9.513806276117975e-07,0.07447896152734756,0.0921892449259758,0.006543925032019615,0.008092599920928478,0.004653566051274538,0.35457268357276917,0.34487324953079224,0.008984239771962166,0.5268008708953857,0.5325137972831726,0.5041341781616211,0.14794005453586578,0.010922078974545002,0.0026104545686393976,0.00021235333406366408,0.00010218831448582932,0.0036541405133903027,0.00023231265367940068,0.0009600400808267295,0.01247229054570198,0.004269176162779331,0.0006404788000509143,0.0006669762660749257,0.011733034625649452,0.0003488142101559788,0.0006160752382129431,0.0016313950764015317,0.1324899047613144,0.03779042512178421,0.10081726312637329,0.008852800354361534,0.008635788224637508,0.0003431790682952851,0.008505054749548435,0.03323764726519585,0.012315626256167889,0.010046908631920815,0.0038631490897387266,0.009954936802387238,4.31065600423608e-05,6.150121771497652e-05,9.188080184685532e-06,8.394511610276822e-07,0.0,1013.0
3.910512020866008e-07,0.0009393785730935633,0.00129740871489048,0.27781638503074646,0.6376141905784607,0.6864417791366577,5.267909000394866e-05,1.1667588069030899e-06,7.67804408496886e-07,0.04382734373211861,0.029162075370550156,0.3143688440322876,0.35410720109939575,0.00030956428963690996,0.8069878816604614,0.8563752770423889,0.0030876011587679386,0.02899041213095188,0.01754535548388958,0.1508854776620865,0.04228343814611435,0.02737502008676529,0.03510138392448425,0.0006430777139030397,4.0888928197091445e-05,0.0006354689248837531,0.0027886966709047556,5.146003331901738e-06,0.0021361145190894604,0.003030654974281788,0.0030912139918655157,0.0016612259205430746,0.019557341933250427,1.2576540029840544e-05,0.04454711824655533,0.075718954205513,0.022021710872650146,0.003277660347521305,0.14856836199760437,0.11325296014547348,0.0008680189494043589,0.0002184812619816512,0.011364635080099106,0.26260003447532654,0.0019212727202102542,0.0012286941055208445,0.003977762069553137,0.0017861853120848536,0.20992563664913177,0.16478604078292847,7.847448432585225e-05,1.8540357586971368e-06,1.0,1014.0
2.2089620870247018e-06,0.3360978364944458,0.24639162421226501,0.0026741630863398314,0.008294378407299519,0.018338128924369812,9.945580131898168e-06,5.850475872648531e-07,6.041886422281095e-07,0.19263483583927155,0.15655604004859924,0.45609310269355774,0.47108548879623413,0.03966984152793884,0.12345292419195175,0.16937167942523956,0.08626502007246017,0.01475453656166792,0.012701490893959999,0.281836599111557,0.38191521167755127,0.003496074816212058,0.004475594963878393,4.598649684339762e-05,3.561994890333153e-05,0.0024261497892439365,0.0011242699110880494,0.00031289225444197655,0.00158063811250031,0.0009487781790085137,0.03914163261651993,0.04515255242586136,0.00021893231314606965,0.00769130839034915,0.00011361390352249146,0.00015788049495313317,0.027628114446997643,0.018700839951634407,0.007795411162078381,4.397358497953974e-05,0.017689695581793785,0.0020131280180066824,0.07852008193731308,0.05435771867632866,0.0011840255465358496,0.0011876203352585435,0.015027977526187897,0.06105133518576622,0.00043429830111563206,0.0006468571373261511,1.464218030378106e-06,1.1012077720806701e-06,2.0,1015.0
7.73619774463441e-07,3.213828676962294e-05,7.139176886994392e-05,0.8294188976287842,0.8888841867446899,0.6943842172622681,5.524678999790922e-05,1.7525305793242296e-06,9.847442470345413e-07,0.010259815491735935,0.008369429036974907,0.013874681666493416,0.12303407490253448,0.19986358284950256,0.0075990273617208,0.02700195647776127,0.35525625944137573,0.4398052990436554,0.09749136865139008,0.43113070726394653,0.00657047051936388,0.09653341770172119,0.05186855420470238,4.5594155380968004e-05,0.050881221890449524,0.3175123333930969,0.0003616436733864248,0.006799221504479647,0.0014435270568355918,0.008117791265249252,0.00019689493637997657,0.0001689500641077757,0.09416191279888153,0.0011784244561567903,0.00683733681216836,0.006772518157958984,0.0011862912215292454,0.004732681903988123,0.8198168277740479,0.006318063009530306,0.0898808091878891,0.03243892639875412,0.03236859291791916,0.039705391973257065,2.0855202365055447e-06,1.728059373817814e-06,3.287254730821587e-05,8.42088193167001e-05,0.00044099788647145033,0.0006629147683270276,3.012460638274206e-06,5.665697244694456e-07,1.0,1016.0
3.7797411778228707e-07,2.4790970201138407e-05,2.4432085410808213e-05,0.8961465954780579,0.8013001680374146,0.7364757061004639,0.00026320296456106007,4.243453986418899e-06,2.530812707846053e-06,0.032653409987688065,0.03267233818769455,0.28914961218833923,0.2930487096309662,0.2703188359737396,0.04623297229409218,0.010268536396324635,0.16729925572872162,0.031878937035799026,0.024102218449115753,0.07442878186702728,0.06420400738716125,0.030266733840107918,0.042351167649030685,0.001716697122901678,0.0003556892916094512,0.16626085340976715,0.010907696560025215,0.00046447597560472786,0.0027253651060163975,0.0003606564423535019,0.3154163360595703,0.30090638995170593,0.006230087019503117,0.00037161321961320937,0.324004203081131,0.5128879547119141,0.008220567367970943,0.002234795829281211,0.01712910830974579,0.00014987413305789232,0.0052652787417173386,0.0101433414965868,0.0008275453583337367,0.015623578801751137,0.0004653064243029803,0.00022770868963561952,0.15661276876926422,0.040448300540447235,0.031948354095220566,0.02207835763692856,2.0801728169317357e-05,2.2647475361736724e-06,1.0,1017.0
4.3256054595985916e-06,0.5680755376815796,0.49694153666496277,0.0005535539239645004,0.0019239728571847081,0.006599898915737867,0.00047182358684949577,3.4548847906989977e-06,1.7002577124003437e-06,0.3390345573425293,0.2771441638469696,0.30697041749954224,0.3063869774341583,0.01690814271569252,0.20000626146793365,0.23159289360046387,0.036890093237161636,0.036079686135053635,0.04070483148097992,0.5357818603515625,0.5665081739425659,0.0019809268414974213,0.002496865577995777,0.0013045105151832104,0.0011300949845463037,0.02272777073085308,0.000136663657031022,0.0010146735003218055,0.0022422971669584513,0.0050824792124331,0.004674488678574562,0.0033877426758408546,0.010457099415361881,0.0019138249335810542,0.05054999142885208,0.07535956054925919,0.0193263478577137,0.03348945453763008,0.008329308591783047,0.0001641170820221305,0.0033974044490605593,0.0043080453760921955,0.0063589587807655334,0.04005088284611702,0.918301522731781,0.9095032811164856,0.2718743681907654,0.11200900375843048,0.7990911602973938,0.8148856163024902,1.0906153420364717e-06,4.080322923982749e-06,0.0,1018.0
1.3695799907509354e-06,0.0015680418582633138,0.0010030106641352177,0.46571916341781616,0.4834021329879761,0.5341429710388184,0.0004386083746794611,1.5530562450294383e-05,4.073682248417754e-06,0.6671668291091919,0.5534624457359314,0.708063542842865,0.7170502543449402,0.029113829135894775,0.19101901352405548,0.19376975297927856,0.03729546070098877,0.01106907520443201,0.010410185903310776,0.44673243165016174,0.5319275856018066,0.0010356416460126638,0.0013881676131859422,0.00573781318962574,0.0016992212040349841,0.02107873000204563,0.00020508235320448875,0.0002449335588607937,0.005207807291299105,0.0010318947024643421,0.061781518161296844,0.07005234807729721,0.2569579482078552,0.007356944028288126,0.24140463769435883,0.5080273151397705,0.004182259552180767,0.002037505619227886,0.2932489216327667,2.420093551336322e-05,0.0011512485798448324,0.00024797674268484116,0.0019933993462473154,0.03314555063843727,0.7850830554962158,0.6359831094741821,0.5196276307106018,0.5797888040542603,0.9339715838432312,0.89705890417099,8.471302862744778e-06,5.95134724790114e-06,0.0,1019.0
1.3098295994495857e-06,0.4304081201553345,0.4613393545150757,5.6977802159963176e-05,0.003811132861301303,0.004236438311636448,1.6746877008699812e-05,1.0361135593939252e-07,2.1892350332564092e-07,0.06724118441343307,0.03193053603172302,0.11278758198022842,0.1341080516576767,0.047347817569971085,0.053398314863443375,0.09553569555282593,0.08925768733024597,0.10289186239242554,0.0795968770980835,0.6793808341026306,0.2877921760082245,0.011768074706196785,0.012520053423941135,3.0496616091113538e-05,0.002971166977658868,0.01731444150209427,4.464197627385147e-05,0.0034045043867081404,0.0025374048855155706,0.003145801369100809,0.00046437152195721865,0.000606415793299675,0.0004785932251252234,0.004473429173231125,0.00035974677302874625,0.00028935499722138047,0.014590625651180744,0.028879042714834213,0.027247518301010132,0.00017599729471839964,0.05714619159698486,0.0389011986553669,0.05065107345581055,0.008672455325722694,4.065253597218543e-05,3.577501411200501e-05,0.00021612037380691618,0.0007399790920317173,3.270410525146872e-05,6.173313886392862e-05,2.1196605359818932e-07,4.689871673235757e-07,2.0,1020.0
1.8174665683545754e-06,0.002349571790546179,0.0013465451775118709,0.03927740827202797,0.6308452486991882,0.5550398826599121,3.111529440502636e-05,4.469638952286914e-07,7.039732281555189e-07,0.7712204456329346,0.6794863939285278,0.8161214590072632,0.8228079080581665,0.015656188130378723,0.30029237270355225,0.3001818358898163,0.009476783685386181,0.002309610368683934,0.002277995692566037,0.6023343801498413,0.5415782928466797,0.0002698480966500938,0.00020409550052136183,5.8966084907297045e-05,0.005457654595375061,0.009378509595990181,2.4933846361818723e-05,0.005809779744595289,0.01582927815616131,0.0007618625531904399,0.0015583793865516782,0.0011640370357781649,0.000768139201682061,0.006624291650950909,0.00014724743959959596,0.00036352060851641,0.20169194042682648,0.01008016150444746,0.020258860662579536,0.00042699798359535635,0.022675467655062675,0.006681457627564669,0.049904391169548035,0.014495198614895344,0.004325611516833305,0.0007640386465936899,0.016306394711136818,0.001008333987556398,0.00018476537661626935,9.318529191659763e-05,2.8158037821413018e-06,7.162037150010292e-07,1.0,1021.0
1.432169483450707e-06,0.051871370524168015,0.09494449198246002,0.0012147895758971572,0.19262243807315826,0.04058435186743736,9.84543476079125e-06,2.5403224412912095e-07,1.3997896530781873e-07,0.22548314929008484,0.26406195759773254,0.16819627583026886,0.17570380866527557,0.007675348315387964,0.2654266059398651,0.2644999623298645,0.011403745971620083,0.058592330664396286,0.05399307981133461,0.6442240476608276,0.48196151852607727,0.003323000855743885,0.0009621410863474011,2.4766488422756083e-05,0.0011378037743270397,0.010788342915475368,0.0001122549656429328,0.002113866852596402,0.001003760495223105,0.0016307341866195202,0.0018278856296092272,0.0026148546021431684,0.001694353180937469,0.00012949308438692242,0.00032073131296783686,0.0005016431678086519,0.0041421507485210896,0.006349307019263506,0.4300667345523834,0.009870517998933792,0.05371746048331261,0.011801092885434628,0.06596939265727997,0.02770841494202614,7.237417321448447e-06,6.264860076043988e-06,0.00011578656267374754,0.0010998975485563278,2.552044861658942e-05,4.1214523662347347e-05,1.276813009098987e-06,4.901677357338485e-07,1.0,1022.0
5.918943202232185e-07,0.015945887193083763,0.01314553339034319,0.023651771247386932,0.19454863667488098,0.1873440444469452,7.67350138630718e-06,3.2783108849798737e-07,4.425345778713563e-08,0.00817827694118023,0.023967858403921127,0.006631933152675629,0.00929076038300991,0.37678638100624084,0.0061731101013720036,0.010741393081843853,0.3509763479232788,0.493917316198349,0.48898178339004517,0.24186711013317108,0.12479865550994873,0.05124558508396149,0.008561142720282078,2.2843549231765792e-05,0.002706771017983556,0.009825466200709343,4.224749864079058e-05,0.001829831162467599,0.000133738067233935,0.00582917733117938,0.0026796958409249783,0.0020722197368741035,0.004402057733386755,0.0003797744575422257,0.0006770307081751525,0.0003339727991260588,0.0006925472407601774,0.03437703475356102,0.21339859068393707,0.001341483904980123,0.010444726794958115,0.003187506692484021,0.011881486512720585,0.024107839912176132,3.4277869417564943e-05,0.00011377500050002709,0.0007097492925822735,0.0033622232731431723,7.503425149479881e-05,0.00012281141243875027,5.653407129102561e-07,2.0974846393073676e-07,1.0,1023.0
2.187073960158159e-06,0.01269849669188261,0.03287280350923538,0.19499945640563965,0.14036153256893158,0.07559067755937576,7.705648749833927e-05,1.81381130914815e-06,2.622228407744842e-07,0.7099199295043945,0.8029669523239136,0.8014708757400513,0.7933992743492126,0.029434509575366974,0.1265372931957245,0.13525556027889252,0.046441275626420975,0.004542151466012001,0.0021441099233925343,0.4546719193458557,0.5090464353561401,0.0004928550915792584,9.112578118219972e-05,0.00020364586089272052,0.0018468211637809873,0.012281954288482666,5.03368501085788e-05,0.0015186469536274672,0.0009424951858818531,0.0010408420348539948,0.057539988309144974,0.03993657976388931,0.005178290884941816,0.00033193372655659914,0.001782270148396492,0.002987019484862685,0.017176587134599686,0.0042259590700268745,0.044445570558309555,0.0019879655446857214,0.00610995152965188,0.0010093695018440485,0.014370984397828579,0.13051368296146393,0.0117967389523983,0.006455961149185896,0.12063473463058472,0.016800494864583015,0.010603515431284904,0.01981925591826439,6.484583991550608e-06,2.767705836959067e-06,1.0,1024.0
5.505943931893853e-07,0.014985010027885437,0.02235187403857708,0.011803505942225456,0.2923014461994171,0.1649898886680603,2.7870653866557404e-05,2.4003995235943876e-07,9.025986855704105e-07,0.012342528440058231,0.008250501938164234,0.0362616665661335,0.023878013715147972,0.07205107808113098,0.08760011196136475,0.06478683650493622,0.05010424181818962,0.34067803621292114,0.3423950672149658,0.07837026566267014,0.08419875800609589,0.048172757029533386,0.1592671424150467,0.00014829463907517493,0.13911055028438568,0.11663606762886047,0.00019015860743820667,0.00449405750259757,0.004225387237966061,0.005688439588993788,3.1610972655471414e-05,2.5836956410785206e-05,0.06310977041721344,0.35665014386177063,0.022403620183467865,0.01553651224821806,0.0019966803956776857,0.002156550530344248,0.8859328627586365,7.479200576199219e-06,0.04432770982384682,0.054270096123218536,0.0015103538753464818,0.004485790152102709,1.8032421849056846e-06,7.024978003755677e-07,4.9534515710547566e-05,3.711453973664902e-05,2.2922416974324733e-05,8.400355000048876e-06,1.563257455927669e-06,2.6279087705916027e-07,1.0,1025.0
1.4594975255022291e-06,0.001995587022975087,0.0012188514228910208,0.2632157802581787,0.6176161766052246,0.562538743019104,2.0460456653381698e-05,6.859725090180291e-07,2.2863262927330652e-07,0.09619663655757904,0.10335607081651688,0.003945200704038143,0.0031684027053415775,0.005827820394188166,0.21606557071208954,0.2681436836719513,0.02534627728164196,0.7220380306243896,0.685909628868103,0.45607054233551025,0.4674900472164154,0.007349374238401651,0.006004301831126213,4.2892184865195304e-05,0.007282080128788948,0.01736982725560665,0.00010403231863165274,0.0015777172520756721,0.010419936850667,0.004497672896832228,6.864879833301529e-05,0.00010622901754686609,0.005863020196557045,0.0037062314804643393,0.002264896174892783,0.002763718832284212,0.0032754612620919943,0.0078023928217589855,0.9176689386367798,0.0012542122276499867,0.17138658463954926,0.025377541780471802,0.05705777183175087,0.012470511719584465,8.252041538980848e-07,4.4513089392239635e-07,8.510641237080563e-06,0.00011004695988958701,1.317598253081087e-05,1.2486050763982348e-05,2.3209631763165817e-06,3.743127194866247e-07,1.0,1026.0
3.0207888812583406e-06,0.6606940031051636,0.6092530488967896,0.0007596224895678461,0.0006533596897497773,0.0025912553537636995,0.0001458086189813912,1.241141717400751e-06,6.676389148196904e-07,0.1373787522315979,0.1693347543478012,0.09270592033863068,0.12184055894613266,0.009015454910695553,0.19540520012378693,0.2956550717353821,0.04193541035056114,0.12520648539066315,0.11445505172014236,0.5603377819061279,0.4724603593349457,0.0058865854516625404,0.005137856584042311,0.0006935809506103396,0.0006000097491778433,0.0035131622571498156,7.24254859960638e-05,0.00021501867740880698,0.01606808230280876,0.004373341333121061,0.00011661549069685861,0.00012637308100238442,0.007394868414849043,0.013861074112355709,0.004452505614608526,0.00798701960593462,0.031070053577423096,0.030029263347387314,0.012981481850147247,7.523809472331777e-05,0.0008222499745897949,0.0018571154214441776,0.0036067685578018427,0.035996049642562866,0.9367926716804504,0.9046350121498108,0.026995204389095306,0.03405769541859627,0.05931539088487625,0.043936118483543396,1.6908838915696833e-06,2.603614802865195e-06,0.0,1027.0
2.4122294917106046e-07,0.005683268886059523,0.009297003038227558,0.21980637311935425,0.14531168341636658,0.08467361330986023,8.43411726236809e-06,3.178220993049763e-07,8.456196951556194e-07,0.003707010066136718,0.0025168280117213726,0.21104195713996887,0.20570974051952362,0.01784573681652546,0.458238810300827,0.31723514199256897,0.0020639589056372643,0.036893412470817566,0.041767287999391556,0.009820861741900444,0.010039878077805042,0.15001901984214783,0.2739239037036896,9.626374958315864e-05,0.00021957181161269546,0.0029881203081458807,0.0010602038819342852,1.6059420886449516e-05,0.0007057707407511771,0.002728446153923869,0.0008529464830644429,0.0008299741894006729,0.00338180223479867,0.00018436572281643748,0.022649602964520454,0.024042384698987007,0.007173478603363037,0.007175427861511707,0.12183967977762222,0.018763616681098938,0.0043646167032420635,0.01106619369238615,0.00986502505838871,0.16924214363098145,3.3479667763458565e-05,3.2457381166750565e-05,0.0003395862295292318,0.0009026452316902578,0.00868718046694994,0.012057613581418991,3.4185126423835754e-05,4.375036155579437e-07,1.0,1028.0
3.66315049404875e-07,0.002803321462124586,0.006731403525918722,0.023515598848462105,0.4221765398979187,0.17244333028793335,0.00015664131205994636,6.232160671970632e-07,6.803707037761342e-07,0.04523631930351257,0.03189942240715027,0.07068603485822678,0.06715314835309982,0.03982670605182648,0.18186253309249878,0.1733497530221939,0.015090669505298138,0.16238312423229218,0.17211760580539703,0.1671837717294693,0.21484243869781494,0.02131391316652298,0.02397656999528408,0.00039992062374949455,0.0021764058619737625,0.7659111618995667,0.016970260068774223,0.0013101130025461316,0.044133152812719345,0.04414055496454239,0.00015787432494107634,0.0002868904557544738,0.04827427491545677,0.001401369459927082,0.14462560415267944,0.23201188445091248,0.0017972539644688368,0.006098489742726088,0.11532866954803467,0.0003279396041762084,0.0017147475155070424,0.003976966720074415,0.0005866473657079041,0.01636926271021366,0.0006654892931692302,0.0013535654870793223,0.00011015866039087996,0.0025623291730880737,0.0023061067331582308,0.002811678219586611,5.223343123361701e-06,1.5433646467499784e-06,1.0,1029.0
4.485066710913088e-06,0.016817066818475723,0.010611201636493206,0.16234804689884186,0.11893977224826813,0.20601479709148407,2.291861346748192e-05,2.2743488443666138e-06,3.90590884080666e-07,0.047837939113378525,0.052795544266700745,0.03114459477365017,0.035916853696107864,0.2787919044494629,0.006847154814749956,0.014654906466603279,0.26804909110069275,0.19919493794441223,0.1936950832605362,0.5223831534385681,0.34642624855041504,0.007579931057989597,0.00765057560056448,3.9238275348907337e-05,0.0004065116518177092,0.009184489026665688,0.00011745740630431101,0.001168781891465187,0.0011930747423321009,0.0010143737308681011,0.031571708619594574,0.029122039675712585,0.0012338556116446853,0.004105501342564821,0.000514732557348907,0.0008829747675918043,0.012268207967281342,0.009076789952814579,0.03995635733008385,0.00011946522863581777,0.07904712855815887,0.002212232444435358,0.11682586371898651,0.07816040515899658,0.0001964141702046618,0.00014959271356929094,0.0038158332463353872,0.0049887062050402164,0.000692257541231811,0.0008819766226224601,1.274448095500702e-06,1.293122181778017e-06,1.0,1030.0
1.1593913768592756e-05,0.11036956310272217,0.04365619271993637,0.02466699853539467,0.049166493117809296,0.14679604768753052,9.864045568974689e-05,3.7426561902975664e-06,7.638969350409752e-07,0.5571275949478149,0.10322929173707962,0.5498932600021362,0.048874542117118835,0.0073343305848538876,0.04202921688556671,0.36522912979125977,0.13825418055057526,0.01034605223685503,0.24155960977077484,0.288133829832077,0.7343644499778748,0.0006658080383203924,0.0036279938649386168,0.00017935808864422143,0.001915379543788731,0.03863367810845375,0.00017433609173167497,0.020520510151982307,0.022319111973047256,0.001549289794638753,0.00039433458005078137,0.00043032606481574476,0.001228692359291017,0.012513870373368263,0.0008682290208525956,0.001760295475833118,0.08309336751699448,0.010741185396909714,0.013370104134082794,5.51415650988929e-05,0.017482351511716843,0.004706207662820816,0.005101948045194149,0.010673805139958858,0.5621545314788818,0.18962916731834412,0.04505830630660057,0.008581322617828846,0.00019690583576448262,9.367655729874969e-05,5.491831984727469e-07,3.4075296753144357e-06,0.0,1031.0
3.3557571441633627e-06,0.0013310664799064398,0.0006682901876047254,0.48174208402633667,0.22875334322452545,0.314480721950531,0.00012728056753985584,2.7714802399714245e-06,1.4196344864103594e-06,0.08241741359233856,0.18453119695186615,0.13727553188800812,0.17395880818367004,0.8075451850891113,0.0018481119768694043,0.0006328265299089253,0.8001151084899902,0.06738829612731934,0.054698675870895386,0.4839778542518616,0.24896222352981567,0.007422696799039841,0.0069475178606808186,8.29170603537932e-05,0.02680366300046444,0.21460077166557312,0.0003820421698037535,0.014571317471563816,0.002436581999063492,0.0005271941190585494,0.006534470245242119,0.0061360620893538,0.0011565256863832474,0.003485410939902067,0.0059342160820961,0.01010215375572443,0.021601499989628792,0.007541310973465443,0.0787665843963623,0.0001876470778370276,0.3495401442050934,0.26011142134666443,0.07787898927927017,0.016054391860961914,3.858666332234861e-06,1.2239312354722642e-06,0.0005469667376019061,0.0003996746090706438,0.00016301192226819694,8.229312516050413e-05,1.672139319452981e-06,2.3062882519298e-06,2.0,1032.0
2.0167228740319842e-06,0.49367842078208923,0.41520971059799194,0.004808233119547367,0.0027314394246786833,0.0037834870163351297,7.702386938035488e-06,3.77523093675336e-07,1.8158245040922338e-07,0.19942061603069305,0.1977478712797165,0.05446068197488785,0.06666586548089981,0.003970718942582607,0.34075209498405457,0.3252827525138855,0.011974838562309742,0.13175475597381592,0.1260598599910736,0.34847453236579895,0.1839284598827362,0.0029468084685504436,0.00159839924890548,2.1014238882344216e-05,0.0013802809407934546,0.004618711303919554,5.5934615375008434e-05,0.0003243322717025876,0.0009402515715919435,0.0007169232121668756,0.00935677345842123,0.00986876618117094,0.0016041937051340938,0.0024444854352623224,0.0004361962783150375,0.00039429153548553586,0.004260542336851358,0.004059298429638147,0.5938338041305542,0.0009461872396059334,0.06170414015650749,0.004957016557455063,0.2744058072566986,0.19033698737621307,4.745380465465132e-06,2.5698875560919987e-06,0.000519806460943073,0.0006003489252179861,0.0002752119326032698,0.00036687907413579524,2.998375975948875e-06,5.341805149328138e-07,2.0,1033.0
1.7069791056201211e-06,3.9407736039720476e-05,1.608589263923932e-05,0.8902311325073242,0.7696838974952698,0.7001849412918091,8.69021168909967e-05,1.2602215520018945e-06,1.7305956134805456e-06,0.014600549824535847,0.009829280897974968,0.6113895177841187,0.6066075563430786,0.03269355744123459,0.217661514878273,0.19847120344638824,0.009602070786058903,0.007490790914744139,0.00575781986117363,0.025695839896798134,0.020779920741915703,0.056087393313646317,0.07310621440410614,0.00036630401154980063,0.0005378430942073464,0.002315875142812729,8.991148934001103e-05,0.00027333333855494857,0.04538398236036301,0.008546863682568073,0.00019409338710829616,0.0003057511930819601,0.009593826718628407,0.004824659321457148,0.004708792548626661,0.00856868177652359,0.04597584158182144,0.028063131496310234,0.059686675667762756,0.0005973729421384633,0.006332491524517536,0.0038451622240245342,0.02507929876446724,0.14513744413852692,0.47090771794319153,0.362583726644516,0.0012156241573393345,0.006250170525163412,0.44300538301467896,0.39367198944091797,7.78248613642063e-06,8.133733899740037e-07,1.0,1034.0
2.043992208200507e-05,0.6989153027534485,0.6814752817153931,3.857481715385802e-05,0.0025412370450794697,0.006134212948381901,8.4736428107135e-05,3.7288720022843336e-07,1.5885733546383562e-06,0.09140704572200775,0.027790647000074387,0.0171956829726696,0.02221432328224182,0.007230901625007391,0.1820792406797409,0.28853943943977356,0.03302958980202675,0.2988588511943817,0.25309038162231445,0.5800797343254089,0.11963271349668503,0.00648757116869092,0.007294075097888708,0.00010802709584822878,0.0002410231390967965,0.0026335285510867834,4.158928641118109e-05,0.0006507303914986551,0.07294681668281555,0.0034008955117315054,0.002373969880864024,0.004101816099137068,0.0001674830709816888,0.0008706190856173635,0.00010741703590610996,0.00038049891008995473,0.32905635237693787,0.04895557463169098,0.0026902169920504093,0.0007398218149319291,0.021330200135707855,0.002010722178965807,0.14828252792358398,0.03319309279322624,0.37848904728889465,0.1490640640258789,0.014709651470184326,0.055625591427087784,0.0023125282023102045,0.0024067494086921215,1.4650840967078693e-06,2.0216775737935677e-06,1.0,1035.0
7.928028367132356e-07,0.01685888133943081,0.02711137756705284,0.0046691689640283585,0.276868611574173,0.09057885408401489,0.00025674537755548954,1.0940447054963442e-06,4.822776418222929e-07,0.1304970383644104,0.0765797570347786,0.06490586698055267,0.056094855070114136,0.0037497361190617085,0.614288866519928,0.6088086366653442,0.0019257382955402136,0.15723739564418793,0.17558994889259338,0.4948388934135437,0.49489066004753113,0.0066040582023561,0.009593464434146881,0.002249740529805422,0.0025068484246730804,0.11312869936227798,0.00028429937083274126,0.002049411879852414,0.0010810022940859199,0.003946480806916952,7.38572925911285e-05,5.69826879655011e-05,0.05797678232192993,0.00070704345125705,0.14780211448669434,0.1887887418270111,0.009580823592841625,0.018436431884765625,0.022579003125429153,0.0006327978917397559,0.0005570416105911136,0.010217307135462761,7.570070010842755e-05,0.004938943311572075,0.7017915844917297,0.7656858563423157,0.01391551736742258,0.023840120062232018,0.013945254497230053,0.019949331879615784,2.2764211280446034e-06,2.5334522888442734e-06,0.0,1036.0
7.799981744938123e-07,0.00013557171041611582,0.00021991730318404734,0.7011711597442627,0.8681999444961548,0.7625638842582703,7.654996443307027e-05,1.0291309990861919e-06,5.340419306776312e-07,0.024129120633006096,0.027549557387828827,0.05366383492946625,0.05817199870944023,0.04691706970334053,0.07518773525953293,0.07596889138221741,0.061167363077402115,0.14866110682487488,0.14769770205020905,0.15089689195156097,0.08986275643110275,0.036199815571308136,0.023147065192461014,0.00010256445966660976,0.0036389592569321394,0.07892457395792007,0.0002765997778624296,0.006313011981546879,0.00023704579507466406,0.0011606429470703006,0.026271993294358253,0.013068366795778275,0.002119988901540637,0.002115076407790184,0.008094173856079578,0.009118637070059776,0.006021144334226847,0.00505839753895998,0.18617400527000427,0.00030322771635837853,0.06460574269294739,0.018911926075816154,0.007228306960314512,0.00498445238918066,1.6042107745306566e-05,8.499901923642028e-06,0.010558586567640305,0.0009028431377373636,5.747440081904642e-05,6.436058902181685e-05,2.8633721740334295e-06,7.293836574717716e-07,1.0,1037.0
1.6828194020490628e-06,0.4539990723133087,0.476058691740036,0.00011309668479952961,0.007047953084111214,0.005414657294750214,1.3909702829550952e-05,8.082201219394847e-08,3.582780720989831e-07,0.03975316882133484,0.016044488176703453,0.0702936127781868,0.07329080253839493,0.4303838312625885,0.004106809850782156,0.011698567308485508,0.3850737512111664,0.12413851916790009,0.1440889835357666,0.26308783888816833,0.12848274409770966,0.01728806085884571,0.020689915865659714,1.3353767826629337e-05,0.008468462154269218,0.01011248305439949,1.325338780588936e-05,0.0018635349115356803,0.051531437784433365,0.01994205266237259,0.0001364832860417664,0.0002170744992326945,0.0001095341649488546,0.0019245699513703585,0.00023574416991323233,0.0001367014629067853,0.22334511578083038,0.3177362382411957,0.002766221994534135,0.0004714828100986779,0.2289496809244156,0.0910133495926857,0.2177177369594574,0.0052155619487166405,0.0005452407640404999,0.00043141102651134133,0.0003508680092636496,0.000958042626734823,1.1876435564772692e-05,9.791482625587378e-06,1.285433341990938e-07,3.358051401392004e-07,1.0,1038.0
2.3836150830902625e-06,0.018752017989754677,0.006291899364441633,0.24336740374565125,0.13917148113250732,0.30382102727890015,0.0006175622111186385,1.2389062248985283e-05,1.9912304196623154e-06,0.12812909483909607,0.10819031298160553,0.30027636885643005,0.3104114234447479,0.029281022027134895,0.08120771497488022,0.12127868086099625,0.06079798936843872,0.036656346172094345,0.031369052827358246,0.36132800579071045,0.3498081862926483,0.007584046106785536,0.008860531263053417,0.0036063145380467176,0.00019301506108604372,0.009136643260717392,0.0007530933944508433,0.00014536701200995594,0.0014339254703372717,0.0020760095212608576,0.10424751788377762,0.08791868388652802,0.02079116925597191,0.00041997464722953737,0.34570592641830444,0.5201060175895691,0.01029407698661089,0.013398273847997189,0.021723954007029533,0.0002482388517819345,0.004784469958394766,0.001348142046481371,0.01180868037045002,0.05327179282903671,0.6261687278747559,0.6195906400680542,0.3638511598110199,0.19108745455741882,0.9215095639228821,0.9315108060836792,5.790561317553511e-06,9.369172403239645e-06,0.0,1039.0
5.714720714422583e-07,0.012822667136788368,0.012050695717334747,0.21315549314022064,0.10593096911907196,0.07525046914815903,7.432126585626975e-05,4.5888566546636866e-07,4.882427901975461e-07,0.04006711021065712,0.021569540724158287,0.648824155330658,0.6111204624176025,0.19560721516609192,0.02714705653488636,0.013300611637532711,0.18172162771224976,0.005720358807593584,0.005912229884415865,0.04738771542906761,0.03957231715321541,0.022378042340278625,0.05494377389550209,0.00079593580449,0.00012562419578898698,0.0010603569680824876,0.00035340964677743614,5.027505903854035e-05,0.04189065098762512,0.0351639986038208,1.2252577107574325e-05,1.0961441148538142e-05,0.04688406363129616,0.0012019091518595815,0.038117416203022,0.05972651019692421,0.052241332828998566,0.036019716411828995,0.13797982037067413,0.0019086810061708093,0.0015628418186679482,0.0033949450589716434,0.0033825854770839214,0.046153753995895386,0.5084060430526733,0.3949021100997925,0.0005672215484082699,0.00034906453220173717,0.4213316738605499,0.3752968907356262,5.389317720982945e-06,1.2093604482288356e-06,0.0,1040.0
4.746494141727453e-06,0.1043759137392044,0.056339435279369354,0.010308812372386456,0.03201018646359444,0.06094205379486084,0.0001572379405843094,1.1783874924731208e-06,1.05989920484717e-06,0.01835934817790985,0.009827308356761932,0.04808800294995308,0.05387236550450325,0.0919002890586853,0.0283245500177145,0.04343437775969505,0.1159302368760109,0.16398295760154724,0.14813652634620667,0.27190321683883667,0.0931749939918518,0.028918223455548286,0.027302322909235954,0.0005097943358123302,0.0018837318057194352,0.014191586524248123,2.6400030037621036e-05,0.001483574160374701,0.0018943498143926263,0.00803807470947504,0.01335490308701992,0.012546154670417309,0.0015181610360741615,0.00032824554364196956,0.009392092004418373,0.010265488177537918,0.05544441565871239,0.13428419828414917,0.0014730956172570586,0.0007118160137906671,0.013229859061539173,0.003633280983194709,0.0042340452782809734,0.026454636827111244,0.07722155004739761,0.1317119002342224,0.03133315593004227,0.09862220287322998,0.0011338513577356935,0.002351216273382306,1.5992976614143117e-06,4.881072982243495e-06,1.0,1041.0
8.647677418593958e-07,0.00019058426551055163,0.0007772890385240316,0.662352442741394,0.665542721748352,0.2433842569589615,8.792305015958846e-05,2.2613346573052695e-07,1.0446757414683816e-06,0.03897037357091904,0.05247510224580765,0.1463111788034439,0.3000852167606354,0.00038164647412486374,0.7067586779594421,0.7358770370483398,0.0038032762240618467,0.07602833956480026,0.01564818061888218,0.2081356644630432,0.020702142268419266,0.03136082738637924,0.008604655042290688,0.00037172622978687286,0.0027128986548632383,0.02809467539191246,0.00022571270528715104,0.0017182610463351011,0.010816963389515877,0.005998948123306036,5.207755748415366e-05,6.010666038491763e-05,0.008622189052402973,0.00130832486320287,0.005008373409509659,0.009732436388731003,0.051135238260030746,0.024175327271223068,0.019550278782844543,0.0016732813091948628,0.010359310545027256,0.008719363249838352,0.0035436716862022877,0.02575039304792881,0.0016789678484201431,0.0015100964810699224,0.0003171034622937441,0.0008819938520900905,0.0022629951126873493,0.0029073336627334356,4.421503945195582e-06,8.498835768477875e-07,1.0,1042.0
3.318553126518964e-06,0.05858379602432251,0.04793449491262436,0.004139463882893324,0.14632321894168854,0.10079880058765411,6.073137683415553e-06,4.257051102740661e-07,1.2375179494483746e-06,0.0069074807688593864,0.0014972520293667912,0.05324436351656914,0.04359240084886551,0.009322215802967548,0.2351398468017578,0.2495325803756714,0.023851264268159866,0.13594993948936462,0.17698071897029877,0.032376546412706375,0.029452672228217125,0.05759100243449211,0.2797949016094208,5.26175517734373e-06,8.419749792665243e-05,0.005146975163370371,0.0019179792143404484,0.0002714813163038343,0.004422394093126059,0.004652132745832205,0.00041926398989744484,0.0006682424573227763,0.00019486757810227573,0.0001811752445064485,5.234912532614544e-05,6.819214468123391e-05,0.0388278029859066,0.008340458385646343,0.0453014001250267,0.04771599918603897,0.07167838513851166,0.01211631577461958,0.7647268772125244,0.2816251218318939,5.00748647027649e-05,3.623953307396732e-05,0.0002014608180616051,0.0018535630078986287,0.0005120130954310298,0.0004015773010905832,1.7175557331938762e-06,3.964766506214801e-07,1.0,1043.0
5.839745881530689e-06,0.5186817646026611,0.4675336480140686,0.0004494606691878289,0.001541539328172803,0.002993697300553322,4.158567389822565e-05,2.5214504262294213e-07,9.036365327119711e-07,0.058235038071870804,0.049661196768283844,0.008776485919952393,0.013036049902439117,0.006147422362118959,0.31363973021507263,0.29585257172584534,0.01842387579381466,0.544417679309845,0.5331025123596191,0.6714465618133545,0.352878600358963,0.011430827900767326,0.006652437150478363,0.00013618259981740266,0.003953073173761368,0.02246573008596897,3.4926659282064065e-05,0.011122521944344044,0.004981535021215677,0.0015479944413527846,0.00988586526364088,0.015593900345265865,0.0004833567363675684,0.014377693645656109,0.0015506143681704998,0.0012546357465907931,0.05054319277405739,0.10168180614709854,0.017870893701910973,1.5584089851472527e-05,0.15023401379585266,0.024726897478103638,0.03836914524435997,0.0015292663592845201,0.00023287415388040245,0.00018767731671687216,0.0016947523690760136,0.013369347900152206,2.472495452821022e-06,2.5199990432156483e-06,3.6818039461650187e-07,1.015659222503018e-06,1.0,1044.0
1.232628619618481e-06,0.14293602108955383,0.1853773146867752,0.015127630904316902,0.019339153543114662,0.004862652625888586,4.137681389693171e-05,4.3434532415176363e-08,1.4701279837936454e-07,0.3491537272930145,0.5726523995399475,0.4397399127483368,0.4849122166633606,0.03544563055038452,0.11759931594133377,0.15491154789924622,0.06246242672204971,0.02877415157854557,0.010675960220396519,0.6063635349273682,0.332485556602478,0.006028623785823584,0.0001813868002500385,0.00031480329926125705,0.001048934762366116,0.0005514298682101071,5.639366463583428e-06,2.8636819479288533e-05,0.028850380331277847,0.025257129222154617,0.004256825894117355,0.005165648180991411,8.877784421201795e-05,0.00013195877545513213,0.000763116346206516,0.0009133857674896717,0.29054978489875793,0.3157768249511719,7.819622260285541e-05,0.0012218394549563527,0.0054674516431987286,0.0074216644279658794,0.017114762216806412,0.003875512396916747,0.18918220698833466,0.1593235731124878,0.0294195543974638,0.12985238432884216,0.0004061210493091494,0.0005595183465629816,2.296081220265478e-06,1.3416189403869794e-06,0.0,1045.0
4.288167474442162e-06,0.09194128960371017,0.12062430381774902,0.02616463042795658,0.017027948051691055,0.032611459493637085,0.0009493234101682901,7.660340088477824e-06,1.5583350432279985e-06,0.15213751792907715,0.12067122012376785,0.0371750146150589,0.03151359036564827,0.013588533736765385,0.061683423817157745,0.23409482836723328,0.09054384380578995,0.2629939317703247,0.28124579787254333,0.6890861988067627,0.5133517980575562,0.005848628003150225,0.008293280377984047,0.004376810044050217,0.004912813194096088,0.010977945290505886,3.3484044251963496e-05,0.0004119139921385795,0.0019527513068169355,0.013674888759851456,0.053542450070381165,0.03953564167022705,0.0033763956744223833,0.0011041284305974841,0.2924383878707886,0.30333900451660156,0.015168963000178337,0.04992084205150604,0.0027023095171898603,5.374765532906167e-05,0.009938601404428482,0.008152487687766552,0.004814499989151955,0.02031063102185726,0.7146540284156799,0.7466164827346802,0.15546776354312897,0.13350671529769897,0.0403791144490242,0.07342273741960526,2.150296040781541e-06,1.483481810282683e-05,0.0,1046.0
5.347207547856669e-07,0.2438567578792572,0.2219882309436798,0.0037236593198031187,0.00666471803560853,0.00573246693238616,2.1754563931608573e-05,1.4688723126710101e-07,1.8083295572068891e-07,0.06666533648967743,0.08462130278348923,0.08885394781827927,0.10462073236703873,0.027235697954893112,0.1002519428730011,0.12009592354297638,0.04423688352108002,0.09802480041980743,0.09414410591125488,0.3699393570423126,0.2622400224208832,0.011092479340732098,0.005184748210012913,0.00010096593177877367,0.013702958822250366,0.04939072206616402,8.557867840863764e-05,0.002981999423354864,0.0003578077885322273,0.0010592746548354626,0.0004603888082783669,0.0004329080693423748,0.006104530766606331,0.001538163865916431,0.007200319319963455,0.005647219251841307,0.003280281089246273,0.009122743271291256,0.1719299703836441,0.00042071027564816177,0.020572151988744736,0.03666161745786667,0.0022640193346887827,0.005733848549425602,9.592644346412271e-06,8.86274574440904e-06,0.0002636879507917911,0.00041738394065760076,1.7399161151843145e-05,3.599285992095247e-05,8.900224770513887e-07,6.073684062357643e-07,1.0,1047.0
3.4536890325398417e-06,0.47594472765922546,0.3152086138725281,0.005702841095626354,0.001881976262666285,0.0068611945025622845,0.0012455852702260017,3.552635689629824e-06,6.30022168479627e-06,0.10278969258069992,0.07621041685342789,0.05212339013814926,0.0714147537946701,0.0039022534620016813,0.5530834197998047,0.5771045684814453,0.007262159138917923,0.2347089946269989,0.18132467567920685,0.4728027582168579,0.22643034160137177,0.0114950155839324,0.012336826883256435,0.005149571690708399,0.0016687446041032672,0.05433496832847595,0.00045106184552423656,0.0006362642743624747,0.010167940519750118,0.00555436871945858,0.0016695003723725677,0.0013582439860329032,0.008421223610639572,0.016274888068437576,0.4247899353504181,0.5679638385772705,0.04400816187262535,0.06085629016160965,0.002205345779657364,1.2506584425864276e-05,0.004972795490175486,0.010676681064069271,0.0021036178804934025,0.017718829214572906,0.940224289894104,0.9164612889289856,0.27580633759498596,0.1576404869556427,0.6700178384780884,0.5675630569458008,3.922882569895592e-06,6.454838512581773e-06,0.0,1048.0
1.1084441666753264e-06,0.10368858277797699,0.08532144129276276,0.01366869080811739,0.03984596207737923,0.029752494767308235,6.312966434052214e-06,1.3059685954885936e-07,5.283071686790208e-07,0.027745142579078674,0.0084307212382555,0.15502150356769562,0.1378060281276703,0.013412948697805405,0.24567608535289764,0.258261114358902,0.012746969237923622,0.04889342188835144,0.06464450061321259,0.06583806872367859,0.09321694076061249,0.01826932281255722,0.07055200636386871,1.5019834791019093e-05,0.0015641622012481093,0.03576080873608589,0.00046829195343889296,0.007570342160761356,0.012907647527754307,0.0019866253715008497,3.8074065287219128e-06,1.0136263881577179e-05,0.005093427840620279,0.023971248418092728,0.00020205775217618793,0.0001982231333386153,0.005232089664787054,0.003810042981058359,0.724479615688324,0.0006284919800236821,0.102912038564682,0.1781197041273117,0.019787216559052467,0.01288908813148737,1.5975780343069346e-06,1.2587717037604307e-06,7.070850188028999e-06,0.00012549177336040884,3.076348002650775e-05,2.3165930542745627e-05,7.329698519242811e-07,1.6936341751261352e-07,1.0,1049.0
1.8336629636905855e-06,0.01383948978036642,0.00374494562856853,0.6224051117897034,0.10945920646190643,0.1308586150407791,0.00027663088985718787,2.2363119569490664e-06,5.091456841910258e-06,0.054182108491659164,0.12424678355455399,0.3310043215751648,0.3556351363658905,0.0015282874228432775,0.6821740865707397,0.6584922075271606,0.0033018006943166256,0.02516314573585987,0.017560521140694618,0.14132052659988403,0.1865367293357849,0.013261351734399796,0.007234777323901653,0.002944469917565584,0.00018988772353623062,0.011628181673586369,0.001202145591378212,0.0001500633079558611,0.01781439036130905,0.0008229805389419198,0.007341033313423395,0.009346159175038338,0.004123507998883724,0.006181997247040272,0.07424374669790268,0.1580285131931305,0.042991988360881805,0.01132096815854311,0.004781047347933054,1.5364874343504198e-05,0.005250046495348215,0.007432593032717705,0.0012317700311541557,0.032778412103652954,0.34026890993118286,0.15680304169654846,0.28985080122947693,0.40858668088912964,0.08184613287448883,0.04290512949228287,1.0764755643322133e-05,4.3350582927814685e-06,1.0,1050.0
4.283434464014135e-06,0.009391329251229763,0.005431549623608589,0.004714563488960266,0.2854766547679901,0.5488427877426147,0.0001711524382699281,2.2849690139992163e-06,1.5717154155936441e-06,0.12546981871128082,0.07041771709918976,0.0029517163056880236,0.0039267512038350105,0.017627311870455742,0.1405649483203888,0.17854081094264984,0.0478520430624485,0.757221519947052,0.7693545818328857,0.6726871132850647,0.28647634387016296,0.007663274183869362,0.007766307331621647,0.0006077896687202156,0.001992521807551384,0.007461505010724068,3.6886071029584855e-05,0.0003693389007821679,0.006399568635970354,0.0011096642119809985,0.0003339578688610345,0.00041853744187392294,0.027466459199786186,0.05742805823683739,0.00841743778437376,0.006826372351497412,0.01166007574647665,0.01791496016085148,0.02191794104874134,1.6271065760520287e-05,0.0005141169531270862,0.001686581876128912,0.0015532233519479632,0.03064308688044548,0.8814862370491028,0.8234528303146362,0.04212174564599991,0.08799280226230621,0.03709835931658745,0.019778016954660416,8.68704137246823e-06,3.6405028822628083e-06,0.0,1051.0
2.511677621441777e-07,0.001037794747389853,0.0011765228118747473,0.5071834325790405,0.6114779114723206,0.18225249648094177,4.267663825885393e-05,5.711925723517197e-07,7.387460954078051e-08,0.008545679040253162,0.016672207042574883,0.028865760192275047,0.06321538239717484,0.7118993401527405,0.0008780788048170507,0.003351227380335331,0.7474386692047119,0.23693065345287323,0.16745992004871368,0.37477943301200867,0.10518362373113632,0.09604386240243912,0.02347157523036003,0.00024875346571207047,0.008294115774333477,0.008283011615276337,2.238974229840096e-05,0.00014882981486152858,0.00021400031982921064,0.004388888366520405,0.11271199584007263,0.09375493973493576,0.0003235386102460325,0.0009449193021282554,0.04643131047487259,0.017214670777320862,0.004225917160511017,0.16270257532596588,0.005518202669918537,9.108738595386967e-05,0.027132106944918633,0.006320950109511614,0.019886188209056854,0.010231461375951767,6.226388359209523e-05,0.00012038291606586426,0.0024429939221590757,0.011814402416348457,0.0003953003615606576,0.0007452410645782948,2.1551347799686482e-06,1.3538367511500837e-06,1.0,1052.0
8.028844149521319e-07,0.00020471173047553748,0.0001232797949342057,0.7333741188049316,0.7068120241165161,0.5822999477386475,0.0009480449371039867,3.4864146982727107e-06,3.15172428599908e-06,0.006823172327131033,0.0013183095725253224,0.26375696063041687,0.21740852296352386,0.28499966859817505,0.2438434660434723,0.012882664799690247,0.015980590134859085,0.044328220188617706,0.04695102199912071,0.03118651919066906,0.010272471234202385,0.15542373061180115,0.41028210520744324,0.0031407750211656094,0.0023835201282054186,0.6007803678512573,0.006894013378769159,0.0008180106524378061,0.01772354356944561,0.01859266124665737,0.010483283549547195,0.014859580434858799,0.057612061500549316,0.00023916730424389243,0.5729067325592041,0.6072880029678345,0.003959209658205509,0.008087347261607647,0.03380652517080307,0.00035100485547445714,0.0010167296277359128,0.0018546052742749453,0.0003825717722065747,0.009022517129778862,0.489004909992218,0.6038901209831238,0.01998838596045971,0.2627655267715454,0.0409332811832428,0.05653579905629158,8.591946425440256e-06,3.728619503817754e-06,0.0,1053.0
2.838064574461896e-07,0.013376998715102673,0.0127718485891819,0.05977211520075798,0.08601358532905579,0.20181332528591156,0.0011117550311610103,1.1275768656560103e-06,6.93791832873103e-07,0.1855311095714569,0.2892409563064575,0.19215798377990723,0.2400238811969757,0.04768296331167221,0.2405274212360382,0.17557959258556366,0.011732454411685467,0.06031150743365288,0.04896683618426323,0.48534470796585083,0.4754345417022705,0.004862325266003609,0.003441987792029977,0.0016460793558508158,0.014406263828277588,0.3550058901309967,0.001731832860969007,0.0002762426738627255,0.016362514346837997,0.02822178229689598,0.0030379032250493765,0.001731785130687058,0.0386991985142231,0.013795272447168827,0.8811728954315186,0.8125017881393433,0.0036680574994534254,0.005476889666169882,0.027125928550958633,2.746494828897994e-06,0.0015278034843504429,0.0015622794162482023,0.0004198491224087775,0.020784905180335045,0.5600874423980713,0.5002459287643433,0.11899585276842117,0.007050656713545322,0.06543266773223877,0.094262033700943,3.7286054066498764e-06,2.9136215289327083e-06,0.0,1054.0
6.891592647662037e-07,0.0002065756416413933,0.0002376726915827021,0.7800406217575073,0.5320865511894226,0.2870235741138458,6.0854406910948455e-05,7.753465638415946e-07,6.783059234294342e-07,0.027286460623145103,0.018667887896299362,0.05831795930862427,0.08003352582454681,0.08743647485971451,0.3501397967338562,0.09722785651683807,0.006659633945673704,0.15923909842967987,0.13056537508964539,0.22604957222938538,0.23267008364200592,0.033759891986846924,0.05604342371225357,0.0006018732092343271,0.00011600582365645096,0.001071193371899426,0.00014780576748307794,4.5545395551016554e-05,0.01746724545955658,0.006373279727995396,0.00016764715837780386,0.0001932949962792918,0.0023241019807755947,0.0056298221461474895,0.006484407000243664,0.010277742519974709,0.03719673678278923,0.03643444925546646,0.006029471289366484,0.00012748719018418342,0.0014656215207651258,0.0031637840438634157,0.0037793645169585943,0.011647324077785015,0.776036262512207,0.7330931425094604,0.004813108593225479,0.014513213187456131,0.009738356806337833,0.009254641830921173,6.03441594648757e-06,6.352479431370739e-07,0.0,1055.0
8.388630021727295e-07,0.018335027620196342,0.07007034868001938,0.008905017748475075,0.04074443504214287,0.006981773301959038,6.83960533933714e-05,4.891319917987857e-07,5.853199240846152e-07,0.15991942584514618,0.18885791301727295,0.24949580430984497,0.23856545984745026,0.05571901798248291,0.1840554177761078,0.107433021068573,0.012955455109477043,0.04456869512796402,0.04405156522989273,0.36220812797546387,0.3896513879299164,0.006244554650038481,0.004229370038956404,0.0013545963447540998,0.00018059882859233767,0.0008810904691927135,4.834877836401574e-05,2.1705180188291706e-05,0.01643253117799759,0.00841345451772213,0.017933443188667297,0.018075747415423393,0.0010030679404735565,0.0003054001717828214,0.029257724061608315,0.05249110609292984,0.12212347239255905,0.09008143842220306,0.0005393659230321646,0.0005088666221126914,0.002768280217424035,0.003042212687432766,0.0067534055560827255,0.04543602839112282,0.11801327764987946,0.08169926702976227,0.053007032722234726,0.044150806963443756,0.07144535332918167,0.09793120622634888,1.1131052815471776e-05,2.001326265599346e-06,1.0,1056.0
9.934856279869564e-07,0.07054416090250015,0.034703850746154785,0.0639500617980957,0.03649358078837395,0.12102043628692627,0.0006091249524615705,1.359436396342062e-06,4.99918883178907e-07,0.6948456168174744,0.8358239531517029,0.7088577747344971,0.7065166234970093,0.012535639107227325,0.3111128807067871,0.2899996340274811,0.018364382907748222,0.009011076763272285,0.0035948099102824926,0.5969812870025635,0.27708834409713745,0.0006824528099969029,0.00013834625133313239,0.0008723928476683795,0.009629330597817898,0.4804028272628784,0.0031535280868411064,0.0010116208577528596,0.020158765837550163,0.03991297259926796,0.004399297758936882,0.004255067557096481,0.08642229437828064,0.0017109285108745098,0.26307037472724915,0.3741283118724823,0.005491312593221664,0.006870177108794451,0.09957098960876465,0.0001374200073769316,0.007251708768308163,0.0006112188566476107,0.0010819114977493882,0.051271241158246994,0.006893174257129431,0.00813125167042017,0.0031869884114712477,0.004579072818160057,0.003777905134484172,0.0031730278860777617,6.095250228099758e-06,3.9613382796233054e-06,1.0,1057.0
5.986629503240692e-07,0.005335223861038685,0.0023069472517818213,0.4543004035949707,0.08115644752979279,0.1056821420788765,6.051673335605301e-05,4.948642526869662e-07,4.0296995962307847e-07,0.15759631991386414,0.08079731464385986,0.49164679646492004,0.4782167673110962,0.008789051324129105,0.3319527804851532,0.3287797272205353,0.008573435246944427,0.012296905741095543,0.010848397389054298,0.20222096145153046,0.11830874532461166,0.006596944760531187,0.007810403127223253,0.0003406999458093196,0.0013379954034462571,0.05783738195896149,0.0008607508498243988,0.0005761676002293825,0.004045137204229832,0.007704533636569977,5.9513833548408e-05,9.407366451341659e-05,0.010378001257777214,0.0019298936240375042,0.06995242089033127,0.05663534253835678,0.02566397748887539,0.0757598951458931,0.014480321668088436,0.0006922199972905219,0.011376770213246346,0.03643176332116127,0.0018221716163679957,0.04731866717338562,0.00029258066206239164,0.00044071945012547076,0.00013790096272714436,0.0015790556790307164,0.003646839177235961,0.005127245560288429,5.491704087035032e-06,1.232089175573492e-06,1.0,1058.0
1.3312063629200566e-06,4.2389834561618045e-05,2.1836582163814455e-05,0.8442864418029785,0.8699844479560852,0.7995350956916809,0.0003554075083229691,4.734048616228392e-06,1.0527286349315546e-06,0.008107469417154789,0.005166457500308752,0.14678704738616943,0.16647976636886597,0.08087802678346634,0.06907523423433304,0.04685680940747261,0.06677361577749252,0.07541510462760925,0.06152964383363724,0.13184213638305664,0.023905547335743904,0.12677539885044098,0.10794083774089813,0.0004040115454699844,0.037627968937158585,0.2998576760292053,0.0004266228643245995,0.0006740083917975426,0.0004039221676066518,0.02278852090239525,0.1442188322544098,0.133797287940979,0.0032832948490977287,0.00021642122010234743,0.46883314847946167,0.33343130350112915,0.0026116291992366314,0.056746650487184525,0.01915150322020054,0.0012995575089007616,0.046567872166633606,0.014591577462852001,0.033987246453762054,0.107732392847538,6.104016210883856e-05,0.0001533285976620391,0.0009867858607321978,0.007873104885220528,0.014035970903933048,0.03922943025827408,1.597067057446111e-05,4.915046247333521e-06,1.0,1059.0
1.1800653965110541e-06,0.48433271050453186,0.40900182723999023,0.002611332107335329,0.0016194398049265146,0.0024933682288974524,2.1568559532170184e-05,1.4867794106976362e-07,3.096477598774072e-07,0.46595028042793274,0.5971419215202332,0.576953649520874,0.5776245594024658,0.033902574330568314,0.19087108969688416,0.19605088233947754,0.01521286927163601,0.01648823544383049,0.010070478543639183,0.6788179874420166,0.48642677068710327,0.0008143134182319045,0.0002994667156599462,1.522672209830489e-05,0.037077002227306366,0.04941757768392563,1.9171762687619776e-05,0.011673051863908768,0.001910079619847238,0.009530818089842796,0.0009907976491376758,0.000717568036634475,0.00020060973474755883,0.001043524593114853,0.0004106437263544649,0.00035346086951904,0.020169461145997047,0.021289851516485214,0.04989328980445862,0.0009416259708814323,0.6261072754859924,0.25223568081855774,0.17982107400894165,0.006022399757057428,1.4493066373688634e-05,7.567695320176426e-06,0.0006009526550769806,0.00025559423374943435,4.751394499180606e-06,6.665517503279261e-06,1.2936681059727562e-07,2.2705555124957755e-07,2.0,1060.0
1.5291840327336104e-06,0.00029362915665842593,0.0002975159150082618,0.7909748554229736,0.4038918912410736,0.34403595328330994,0.00037349146441556513,1.5902483028185088e-06,5.632873126160121e-06,0.012947470881044865,0.00399259477853775,0.11745154857635498,0.11615075916051865,0.009594515897333622,0.4194589853286743,0.4134153425693512,0.0034156180918216705,0.07700127363204956,0.09468446671962738,0.04694567248225212,0.020528873428702354,0.04963678494095802,0.14445096254348755,0.0006986920488998294,0.01948927715420723,0.40223532915115356,0.00035081550595350564,0.011793948709964752,0.027314279228448868,0.0020060655660927296,0.0002775314496830106,0.00035840607597492635,0.018627263605594635,0.040441710501909256,0.04937072843313217,0.05836291238665581,0.033366378396749496,0.013066686689853668,0.007271408569067717,1.1178635759279132e-05,0.0026240155566483736,0.02036079205572605,0.00035621700226329267,0.019113970920443535,0.6578388214111328,0.37716174125671387,0.04793770611286163,0.02042241208255291,0.01152840070426464,0.0061569237150251865,3.7256409086694475e-06,1.9724268440768356e-06,1.0,1061.0
3.709962470566097e-07,0.017787160351872444,0.007459613028913736,0.025399718433618546,0.22358424961566925,0.23882733285427094,0.00011125857417937368,1.9626459391020035e-07,5.466797006192792e-07,0.07682491838932037,0.030038785189390182,0.08786487579345703,0.09492294490337372,0.04908463731408119,0.07465389370918274,0.08982712030410767,0.07095833867788315,0.12208745628595352,0.13219814002513885,0.31103336811065674,0.19578027725219727,0.015194835141301155,0.02147020772099495,0.00022919160255696625,0.13608752191066742,0.47465574741363525,0.0003498659352771938,0.00280176498927176,0.004486546386033297,0.003584854071959853,0.004210172686725855,0.007097658235579729,0.0013189543969929218,0.0055692726746201515,0.14731381833553314,0.16588355600833893,0.0013531395234167576,0.006100323051214218,0.05563128739595413,1.5002140571596101e-05,0.02959362603724003,0.03412827476859093,0.0031804859172552824,0.0013675581431016326,5.709830475097988e-06,5.0105431910196785e-06,0.00010143889812752604,0.001481561572290957,4.533639730652794e-05,2.8732067221426405e-05,2.2650908704235917e-06,2.0968916487618117e-06,1.0,1062.0
9.630101658331114e-07,0.00017389115237165242,0.009006824344396591,0.4755123555660248,0.4859890043735504,0.12039349228143692,9.009526365844067e-06,6.369125458149938e-07,9.452137419430073e-07,0.11649659276008606,0.42401406168937683,0.669520378112793,0.6859365701675415,0.004102533217519522,0.5031933188438416,0.5044518709182739,0.004524430725723505,0.008271003141999245,0.003121037734672427,0.10692234337329865,0.09253879636526108,0.009802538901567459,0.0020882762037217617,5.412885366240516e-05,5.924130164203234e-05,2.561102155596018e-05,7.601775723742321e-05,1.7466257986598066e-06,0.011824932880699635,0.010425087064504623,0.024241100996732712,0.029085788875818253,0.0003345990553498268,0.00028603587998077273,4.580530367093161e-05,7.529737195000052e-05,0.08569294214248657,0.0405791699886322,0.02294342964887619,0.010881208814680576,0.0010088677518069744,4.908886330667883e-05,0.7645760774612427,0.5995014905929565,0.13798221945762634,0.1364995539188385,0.02758985385298729,0.11069779843091965,0.021997034549713135,0.020470036193728447,6.943510379642248e-05,7.796947443239333e-07,1.0,1063.0
1.520328396509285e-06,0.00477729644626379,0.0035842410288751125,0.23081932961940765,0.3441392481327057,0.22193925082683563,9.385663361172192e-06,1.1533020369824953e-06,1.6666929241182515e-06,0.017100058495998383,0.004360709339380264,0.11915166676044464,0.13618554174900055,0.0006260229856707156,0.8782618641853333,0.8698017597198486,0.00045170594239607453,0.0640944242477417,0.06096596643328667,0.14297723770141602,0.023950474336743355,0.03981970250606537,0.10802148282527924,4.5123277232050896e-05,0.00028256967198103666,0.004348754417151213,0.00026506773428991437,0.0004265173338353634,0.0008820585208013654,0.000276911654509604,0.05717946216464043,0.05571257323026657,0.0018862634897232056,0.005141737870872021,0.0003308125014882535,0.0005222776089794934,0.006173471454530954,0.0020689896773546934,0.3927057683467865,0.0002824724360834807,0.03212815523147583,0.0015676311450079083,0.07792861759662628,0.0977519303560257,3.780688712140545e-05,1.7921765902428888e-05,0.005316157825291157,0.005406636279076338,0.0004392203118186444,0.0005048958119004965,9.350392247142736e-06,7.346270081143302e-07,1.0,1064.0
2.2973974864726188e-06,0.31463825702667236,0.07544544339179993,0.013206000439822674,0.006351286545395851,0.034881509840488434,4.2879222746705636e-05,1.3913037832935515e-07,1.7823940368089097e-07,0.2812435030937195,0.6311280131340027,0.45630449056625366,0.5861490964889526,0.01509351097047329,0.16024141013622284,0.19549459218978882,0.03276807442307472,0.024750493466854095,0.0053061493672430515,0.7046036720275879,0.3535231351852417,0.0012862288858741522,0.0001661693095229566,1.5124849596759304e-05,0.024644987657666206,0.07057130336761475,5.29445833308273e-06,0.028759269043803215,0.0010583903640508652,0.012143280357122421,0.0018211692804470658,0.001858159084804356,7.222333806566894e-05,0.0005837804055772722,0.0004107198619749397,0.0003151249256916344,0.029906976968050003,0.07696603983640671,0.008955711498856544,0.001162601402029395,0.6276782751083374,0.31168749928474426,0.24759089946746826,0.006312351208180189,3.061801544390619e-05,2.701060839171987e-05,0.0006710412562824786,0.0015927334316074848,3.688818105729297e-05,6.32406517979689e-05,1.1020014767382236e-07,5.306187631504145e-07,2.0,1065.0
2.313586492164177e-06,0.01387797761708498,0.031317830085754395,0.015290344133973122,0.3457498848438263,0.10998881608247757,7.386393463093555e-06,2.7300322926748777e-06,4.978107881470351e-07,0.037079133093357086,0.025731589645147324,0.1118045374751091,0.046439580619335175,0.002845632378011942,0.2651689946651459,0.4000113904476166,0.02300037257373333,0.10570408403873444,0.20281749963760376,0.16111156344413757,0.336214542388916,0.01789744198322296,0.035794176161289215,0.0001094569088309072,3.717532308655791e-05,0.0007655968656763434,0.0002889213792514056,5.953971776762046e-05,0.0004318321298342198,0.0004825451469514519,0.15655730664730072,0.23126061260700226,0.006538464687764645,0.0015696100890636444,0.00041334619163535535,0.0003398354456294328,0.0013956611510366201,0.003910704981535673,0.4860425889492035,0.00036394139169715345,0.004369452130049467,0.0004187235899735242,0.03140756115317345,0.16555079817771912,0.00017491602920927107,0.0002896091900765896,0.007341182325035334,0.08189667016267776,0.0008086111629381776,0.001817113603465259,7.562168775621103e-06,1.9739961771847447e-06,2.0,1066.0
1.2457130651455373e-06,0.4291475713253021,0.4196906089782715,0.0020258440636098385,0.00647165160626173,0.004122768063098192,6.113628842285834e-06,3.1605750905328023e-07,2.2135142785373318e-07,0.04345308244228363,0.026653770357370377,0.023701131343841553,0.021125085651874542,0.042565543204545975,0.04223499819636345,0.07420556247234344,0.0838533490896225,0.3267113268375397,0.3190132975578308,0.2579694092273712,0.1712934523820877,0.015638113021850586,0.015093865804374218,2.052301169896964e-05,0.008435218594968319,0.017180169001221657,6.120763282524422e-05,0.0020764421205967665,0.0005930226761847734,0.0012369746109470725,0.0005318770417943597,0.0005251356633380055,0.007862727157771587,0.0062776170670986176,0.0008513375069014728,0.0006871330551803112,0.0013173267943784595,0.004771790001541376,0.9645984172821045,0.000738426111638546,0.18951211869716644,0.08272457122802734,0.058190248906612396,0.01725391484797001,2.2049455594697065e-07,1.4529270231378177e-07,4.338593134889379e-05,6.516977009596303e-05,5.455346581584308e-06,1.1591050679271575e-05,7.955847536322835e-07,2.805858798637928e-07,1.0,1067.0
3.0652968234790023e-06,0.20274430513381958,0.14292825758457184,0.002864161506295204,0.03800872340798378,0.011629666201770306,1.233723287441535e-05,4.508051176799199e-08,5.009831127722464e-08,0.2907610535621643,0.3778839409351349,0.1797221302986145,0.19598236680030823,0.060390084981918335,0.07128874212503433,0.07726992666721344,0.06093680113554001,0.05658631771802902,0.030638011172413826,0.5254976749420166,0.24242562055587769,0.003121208166703582,0.00023814380983822048,2.5007835574797355e-05,0.0004479981726035476,0.002249685116112232,1.3959643183625303e-05,0.0006339499959722161,0.002232074737548828,0.007948861457407475,0.004574124235659838,0.007727146148681641,4.340707528172061e-05,0.00101712835021317,4.822945993510075e-05,2.236291766166687e-05,0.060783665627241135,0.3023880124092102,0.00020999998378101736,0.00021369673777371645,0.011786620132625103,0.004651730414479971,0.23042893409729004,0.01705166883766651,0.022345390170812607,0.04503386467695236,0.003592033637687564,0.09304849803447723,0.00029120923136360943,0.0005494302604347467,4.58739947362119e-07,5.804947136311966e-07,1.0,1068.0
5.390240289671056e-07,0.012894420884549618,0.013573693111538887,0.27812209725379944,0.07499650120735168,0.06143607944250107,2.545278039178811e-05,3.6764285482604464e-07,1.8130748458133894e-07,0.2448386251926422,0.26973599195480347,0.272745817899704,0.26667699217796326,0.04807021841406822,0.060089707374572754,0.07744888216257095,0.07470424473285675,0.03683080896735191,0.034220051020383835,0.26939889788627625,0.3247697353363037,0.0036115869879722595,0.00201723026111722,2.467711419740226e-05,0.0069913663901388645,0.2690584063529968,0.0013190205208957195,0.01656588725745678,0.001154647907242179,0.011997884139418602,0.0001071456354111433,0.00010546324483584613,0.0033729136921465397,0.002305318135768175,0.009519652463495731,0.004774685483425856,0.0021223812364041805,0.02652999944984913,0.4887244999408722,0.0006968931993469596,0.390905499458313,0.1392976939678192,0.03882136568427086,0.0031770921777933836,4.1653632365523663e-07,4.345843933606375e-07,1.753438300511334e-05,5.167241033632308e-05,1.9348513887962326e-05,4.951048322254792e-05,4.034290839172172e-07,2.8049331035617797e-07,1.0,1069.0
3.4085662719007814e-06,0.2141578048467636,0.01730724610388279,0.0027310627046972513,0.009753239341080189,0.06701613962650299,0.00029663395253010094,5.189254466131388e-07,3.0936911343815154e-07,0.5819101333618164,0.6683684587478638,0.668224573135376,0.6466817855834961,0.05981692299246788,0.14118069410324097,0.08063662797212601,0.0237437654286623,0.009830459021031857,0.004500440321862698,0.7972856163978577,0.6237510442733765,0.0007273597293533385,0.0001182936757686548,0.0013516828184947371,0.0022405171766877174,0.10267011821269989,0.00026039191288873553,0.01386791281402111,0.01081794872879982,0.01768292859196663,0.0002693417191039771,0.00021004864538554102,0.008712463080883026,0.0023226828780025244,0.044391728937625885,0.06879400461912155,0.098235584795475,0.1690673977136612,0.0023263597395271063,0.00013056184980086982,0.0069467052817344666,0.009463033638894558,0.0007683983421884477,0.009314820170402527,0.11357786506414413,0.14464212954044342,0.008678269572556019,0.01699535921216011,0.0019319814164191484,0.004538569133728743,9.854910558715346e-07,1.7034761867762427e-06,1.0,1070.0
8.931157822189562e-07,0.00012413323565851897,8.352360964636318e-06,0.853403627872467,0.8349226117134094,0.9128758907318115,5.824642357765697e-05,1.559548195473326e-06,1.3536715641748742e-06,0.06484385579824448,0.02046963758766651,0.14479708671569824,0.16335156559944153,0.05008671432733536,0.17571042478084564,0.1320914626121521,0.019690442830324173,0.08094422519207001,0.05246930569410324,0.3917141854763031,0.06850975006818771,0.019775014370679855,0.052058301866054535,9.275939373765141e-05,0.03537847846746445,0.7458953857421875,0.0020735482685267925,0.007001872174441814,0.03475018963217735,0.00981039647012949,0.0010022431379184127,0.00300229131244123,0.028308458626270294,0.02038545161485672,0.007523458916693926,0.012960615567862988,0.000722263241186738,0.004251929000020027,0.7461866140365601,7.992193422978744e-05,0.03647313639521599,0.020223744213581085,0.014986924827098846,0.007311892230063677,2.258494987472659e-06,2.631884626680403e-06,1.2555234206956811e-05,0.0024624390061944723,4.431740308064036e-05,2.282116656715516e-05,5.380890343076317e-06,1.0249214028590359e-06,1.0,1071.0
1.1520510270202067e-06,1.928488381963689e-05,9.689164471637923e-06,0.905563473701477,0.9696494936943054,0.9428495168685913,3.530621688696556e-05,4.696625524047704e-07,1.7338616089546122e-06,0.009309353306889534,0.0009305877611041069,0.08595713973045349,0.08067567646503448,0.21084798872470856,0.03017526865005493,0.016466056928038597,0.17914652824401855,0.12180029600858688,0.14157405495643616,0.04796439781785011,0.005451065953820944,0.071573406457901,0.380852609872818,7.491341966670007e-05,0.001818208023905754,0.006066727451980114,2.145126745745074e-05,0.0009305652347393334,0.006999614182859659,0.009932479821145535,0.018460821360349655,0.021420488134026527,7.69651960581541e-05,0.003095154417678714,0.0006679718499071896,0.0004628243623301387,0.16518472135066986,0.31260624527931213,0.001215514144860208,0.00019814111874438822,0.12830592691898346,0.027196114882826805,0.12096486985683441,0.004744422622025013,0.0015768911689519882,0.0014228089712560177,0.004734598100185394,0.012513069435954094,3.571897104848176e-05,2.9916047424194403e-05,1.3658911939273821e-06,7.388405265373876e-07,1.0,1072.0
9.040571740115411e-07,0.0018791998736560345,0.0010096764890477061,0.25428393483161926,0.2635234296321869,0.2255360633134842,6.596607818210032e-06,1.6119382451051933e-07,1.6964193605417677e-07,0.11608251929283142,0.0725250393152237,0.23862381279468536,0.22480319440364838,0.11791442334651947,0.06329948455095291,0.0340394452214241,0.06867115199565887,0.036086488515138626,0.03017290309071541,0.3286548852920532,0.16141723096370697,0.006746330764144659,0.007287770044058561,2.5114019081229344e-05,0.0006582653732039034,0.000829086871817708,1.11395811472903e-05,0.00012411607895046473,0.030547449365258217,0.021165817975997925,0.0004809594538528472,0.0007597100920975208,0.00018924172036349773,0.0037929832469671965,8.764037920627743e-05,5.961977149127051e-05,0.09611762315034866,0.15887118875980377,0.003279168391600251,0.0004423826467245817,0.006764939520508051,0.0010580169036984444,0.30975285172462463,0.048084307461977005,0.005053047090768814,0.005213316064327955,0.0009522752370685339,0.003842089558020234,0.0007475216989405453,0.0008366237743757665,2.4382009087275947e-06,4.1699419739416044e-07,1.0,1073.0
7.060870302666444e-06,0.6236395239830017,0.7307338714599609,2.8920894692419097e-06,0.00234615383669734,0.000531979720108211,6.522908370243385e-05,2.800912852762849e-07,2.3552830441531114e-07,0.29202476143836975,0.5048020482063293,0.43267035484313965,0.406938374042511,0.044088214635849,0.15710200369358063,0.13389670848846436,0.026699278503656387,0.053582265973091125,0.025599230080842972,0.8445764780044556,0.5619761347770691,0.0037858730647712946,0.00042588432552292943,0.0001264674647245556,0.0007133078179322183,0.002179887145757675,3.409289274713956e-05,0.0009384664590470493,0.0017231418751180172,0.01584388129413128,0.04059267044067383,0.03167804703116417,0.00024255085736513138,0.00016550201689824462,0.0001796014403225854,0.00012316735228523612,0.031136374920606613,0.09196069836616516,0.0012647942639887333,0.002389987464994192,0.019436484202742577,0.007136546075344086,0.25078415870666504,0.02914460375905037,0.3958050310611725,0.5594854354858398,0.06352514028549194,0.146596759557724,0.0014683896442875266,0.0033234255388379097,4.0175126514441217e-07,1.108669380300853e-06,2.0,1074.0
4.5457018131855875e-06,0.5767602920532227,0.4747774004936218,0.0022632332984358072,0.0006942276959307492,0.0026976936496794224,0.0007028784602880478,2.7573546503845137e-06,1.8589418004921754e-06,0.38127586245536804,0.4852653443813324,0.2245425432920456,0.2765332758426666,0.08875562250614166,0.05616788938641548,0.06294115632772446,0.09564591199159622,0.05736178159713745,0.05676177144050598,0.7047606706619263,0.41897034645080566,0.001719724154099822,0.0006104678614065051,0.0022257596720010042,0.27027183771133423,0.3225364089012146,6.8595745688071474e-06,0.0063286456279456615,0.0013004365609958768,0.009974352084100246,0.053799375891685486,0.04433411732316017,0.00446042837575078,2.905424844357185e-05,0.08216069638729095,0.05883069708943367,0.004886280279606581,0.006814878899604082,0.004832367412745953,0.0019090462010353804,0.008488043211400509,0.007683534640818834,0.0018420787528157234,0.0142776845023036,0.2268354296684265,0.2554105222225189,0.26278916001319885,0.6451112627983093,0.05891103297472,0.12248147279024124,1.1713813137248508e-06,7.474017365893815e-06,1.0,1075.0
4.26868638214728e-07,0.46428078413009644,0.31833937764167786,0.0002532794896978885,0.010058616288006306,0.011855964548885822,4.0687123146199156e-06,3.886590960178182e-08,1.1931214771720988e-07,0.09476984292268753,0.01331981923431158,0.5692917108535767,0.5605633854866028,0.006512023508548737,0.2628757953643799,0.28245604038238525,0.02392498590052128,0.008818244561553001,0.009455898776650429,0.08014843612909317,0.02226310223340988,0.013093549758195877,0.06079060584306717,1.3755588042840827e-05,0.0011901293182745576,0.0002779450733214617,2.2078898837207817e-05,1.8161676052841358e-05,0.007913409732282162,0.026525432243943214,6.696580385323614e-05,7.93351064203307e-05,0.0015620467020198703,0.07705099880695343,0.00013147936260793358,6.020923319738358e-05,0.004646564833819866,0.019630873575806618,0.2432730495929718,0.00012008746853098273,0.001399664906784892,0.0005757854669354856,0.5790536999702454,0.47623133659362793,0.00039383250987157226,0.0004196710651740432,8.999752026284114e-05,0.00015165905642788857,0.027366142719984055,0.028307873755693436,2.124133743564016e-06,1.6588660400884692e-07,1.0,1076.0
6.210155447661236e-07,0.0010517938062548637,0.0007787591894157231,0.27560243010520935,0.5850000381469727,0.4335033595561981,9.588766261003911e-06,1.6005841985133884e-07,1.0071974543279794e-07,0.1519225835800171,0.11557349562644958,0.19114375114440918,0.23358918726444244,0.10430336743593216,0.03867404907941818,0.05705632269382477,0.11942541599273682,0.03785932436585426,0.03088993951678276,0.27214616537094116,0.23921306431293488,0.005599488969892263,0.0032040115911513567,1.2867441000707913e-05,0.006479100789874792,0.021269040182232857,3.075863787671551e-05,0.007060574367642403,0.011167432181537151,0.000784334319178015,0.000226793039473705,0.0004292892408557236,0.00029389941482804716,0.013660792261362076,0.00021939643193036318,0.0001542826066724956,0.05290919542312622,0.06169665604829788,0.04374312981963158,6.737074727425352e-05,0.2528655230998993,0.03169432282447815,0.16393256187438965,0.004315492697060108,2.5704244762891904e-05,1.2195141607662663e-05,0.00016884632350411266,0.0007143043912947178,1.6048627003328875e-05,5.945073098700959e-06,2.851855640528811e-07,1.4735809372723452e-07,1.0,1077.0
1.2597240584000247e-06,0.002848263829946518,0.005850424058735371,0.22854454815387726,0.3343798816204071,0.10577881336212158,0.00014885621203575283,9.561422302795108e-07,1.3885418184145237e-06,0.01606692373752594,0.005021648481488228,0.05915738642215729,0.041984912008047104,0.050132427364587784,0.06987593322992325,0.06192968413233757,0.060891978442668915,0.16233880817890167,0.2117125242948532,0.0730380192399025,0.10851913690567017,0.0351746566593647,0.08709032833576202,0.001766387140378356,0.0005226507782936096,0.013891426846385002,8.274622086901218e-05,0.0004212058847770095,0.013350140303373337,0.0011421681847423315,0.003214634954929352,0.005101416260004044,0.004041275475174189,0.0016475170850753784,0.07357814908027649,0.11601880192756653,0.06003410741686821,0.027974514290690422,0.00299686542712152,8.258831803686917e-05,0.0034902901388704777,0.0034209152217954397,0.000679435208439827,0.01501461397856474,0.05648920685052872,0.03912264481186867,0.032617002725601196,0.16449224948883057,0.008439403958618641,0.006382875144481659,4.46305512014078e-06,2.626453579068766e-06,1.0,1078.0
3.3613141567911953e-06,0.33972612023353577,0.1460362821817398,0.015088153071701527,0.0028090926352888346,0.012671640142798424,0.000878124323207885,3.863965503114741e-06,1.5226456753225648e-06,0.5540105700492859,0.5578655004501343,0.5390971899032593,0.5474395751953125,0.03155029937624931,0.12451866269111633,0.11777201294898987,0.033391837030649185,0.014518704265356064,0.014459441415965557,0.6868922710418701,0.5982741117477417,0.0013418173184618354,0.0004130242159590125,0.004784847144037485,0.005442701280117035,0.15254123508930206,0.0008687181398272514,0.0002752213622443378,0.011431442573666573,0.010611406527459621,0.041564006358385086,0.0641874298453331,0.014192778617143631,0.00034046440850943327,0.537828803062439,0.6815450191497803,0.004075236152857542,0.011380579322576523,0.013951516710221767,9.354382200399414e-05,0.007004902698099613,0.0012229938292875886,0.003189257113263011,0.07370572537183762,0.027508752420544624,0.0419129878282547,0.03185168281197548,0.5058553218841553,0.4791274666786194,0.520578145980835,6.111868515290553e-06,8.059652827796526e-06,2.0,1079.0
7.912520914032939e-07,0.009748856537044048,0.010528968647122383,0.02133452706038952,0.2878206968307495,0.1694333553314209,1.765361230354756e-05,2.1810036798797228e-07,2.6406837605463807e-07,0.6131521463394165,0.5126534700393677,0.6367937326431274,0.6794923543930054,0.017731038853526115,0.2461528480052948,0.26238614320755005,0.0085830669850111,0.00564702320843935,0.005995142739266157,0.4881639778614044,0.4046819508075714,0.0006029020296409726,0.0003944080672226846,3.6047753383172676e-05,0.013551563955843449,0.02712271176278591,2.7689051421475597e-05,0.01440566685050726,0.0031411212403327227,0.0007809667149558663,0.0011299657635390759,0.0007309654611162841,0.0023196572437882423,0.00578865734860301,0.00029220516444183886,0.0005836758064106107,0.023992124944925308,0.003723298665136099,0.27369895577430725,0.00030372070614248514,0.03044271469116211,0.015837369486689568,0.018374163657426834,0.012203325517475605,7.614371133968234e-05,1.7630780348554254e-05,0.004668311681598425,0.00019676976080518216,4.7776640712982044e-05,3.750813630176708e-05,1.3078673646305106e-06,2.9913135790593515e-07,2.0,1080.0
9.940988547896268e-07,0.0014503283891826868,0.0008756933966651559,0.4643814265727997,0.2637277841567993,0.3148415982723236,4.49836443294771e-05,2.4484836558258394e-06,4.130599506879662e-07,0.011307543143630028,0.011793299578130245,0.11667561531066895,0.13911770284175873,0.014247597195208073,0.20675581693649292,0.19077233970165253,0.015226218849420547,0.06807976216077805,0.06372597068548203,0.14433352649211884,0.08526568859815598,0.05123182758688927,0.054570261389017105,7.911095599411055e-05,0.004815452732145786,0.07807134836912155,0.00027350097661837935,0.0010109883733093739,0.00013081567885819823,0.0025259533431380987,0.21319754421710968,0.11499237269163132,0.0029601482674479485,0.0013317145640030503,0.02567232772707939,0.021038539707660675,0.001472908305004239,0.008684060536324978,0.16684824228286743,0.00020135538943577558,0.10228461027145386,0.020922165364027023,0.046389490365982056,0.05829654261469841,1.7248504491362837e-06,1.75204604602186e-06,0.004099401645362377,0.0008007078431546688,0.0013848011149093509,0.003763275220990181,3.7768331822007895e-06,1.2618811524589546e-06,2.0,1081.0
1.4681583024866995e-06,0.00010905610542977229,0.00012360596156213433,0.7537549734115601,0.7787984013557434,0.45642417669296265,0.0001353807601844892,6.0661450334009714e-06,2.143502570106648e-06,0.06175976246595383,0.03923444077372551,0.16039706766605377,0.13956977427005768,0.005846315063536167,0.5222809314727783,0.5072199702262878,0.0018082382157444954,0.05328791216015816,0.069051593542099,0.12407714128494263,0.15818700194358826,0.01596878468990326,0.025255991145968437,0.0015367328887805343,0.0002515503438189626,0.019235631451010704,0.0012928139185532928,0.00014836082118563354,0.015919093042612076,0.004849416669458151,0.011276914738118649,0.0315411202609539,0.021066902205348015,0.00011541727872099727,0.2885395586490631,0.37377244234085083,0.0034462870098650455,0.007486626971513033,0.06516668945550919,0.0025444417260587215,0.0059859962202608585,0.0025685278233140707,0.007371493149548769,0.22340455651283264,0.002490120707079768,0.00469016470015049,0.001269407570362091,0.15365055203437805,0.5376556515693665,0.5021445751190186,4.141190947848372e-05,3.4207293992949417e-06,1.0,1082.0
2.733220867412456e-07,0.0011817461345344782,0.0021559575106948614,0.16697975993156433,0.6113570928573608,0.313948392868042,1.8122660549124703e-05,1.0892068758039386e-06,5.344301712284505e-07,0.029693374410271645,0.013189141638576984,0.25859081745147705,0.25889459252357483,0.052844882011413574,0.08396883308887482,0.08503230661153793,0.051744669675827026,0.04042310267686844,0.04503227397799492,0.07218395173549652,0.046319905668497086,0.0328836515545845,0.08112584054470062,0.0007534278556704521,0.0002298945764778182,0.0011299630859866738,5.331034117261879e-05,2.3408281776937656e-05,0.0004383874766062945,0.00016769720241427422,0.09041596204042435,0.12839478254318237,0.05507562309503555,0.0021980402525514364,0.011558526195585728,0.011148466728627682,0.0005869838059879839,0.0009831673232838511,0.4175454378128052,7.600920071126893e-05,0.00019499061454553157,0.00012182989303255454,0.001327801262959838,0.09273125231266022,0.0030443742871284485,0.003254880430176854,0.09698965400457382,0.307895302772522,0.14950385689735413,0.17923475801944733,2.4220791601692326e-05,1.1584411367948633e-06,1.0,1083.0
4.388780610042886e-07,5.938270624028519e-05,6.317145744105801e-05,0.8723341822624207,0.8106148838996887,0.699904203414917,0.00020179609418846667,6.295663752098335e-06,2.654054924278171e-06,0.11296235769987106,0.019108187407255173,0.6540049910545349,0.6259305477142334,0.25665348768234253,0.00803273543715477,0.030088625848293304,0.3412553369998932,0.0049951267428696156,0.004744695033878088,0.0739562064409256,0.01459563709795475,0.02047956921160221,0.03879158943891525,0.0020278242882341146,0.04049069434404373,0.13976210355758667,8.159757271641865e-05,0.00021270857541821897,0.001803621300496161,0.003947241697460413,0.012679709121584892,0.03392297774553299,0.04328033700585365,0.0013916329480707645,0.46995529532432556,0.5156593322753906,0.0025014756247401237,0.02250981703400612,0.0273223128169775,0.00018841693236026913,0.006348600145429373,0.003317641792818904,0.00272740819491446,0.08113714307546616,0.0020493213087320328,0.004122595768421888,0.002208699705079198,0.1499965786933899,0.2080872505903244,0.3699442744255066,2.282521381857805e-05,7.777870450809132e-06,2.0,1084.0
5.394130312197376e-06,0.8771568536758423,0.8857757449150085,0.00032732082763686776,0.0006415726384148002,0.0007232898497022688,0.0011728352401405573,2.9112106858519837e-06,3.6116318824497284e-06,0.826077938079834,0.7324995994567871,0.683728814125061,0.6819279789924622,0.025581784546375275,0.2142058163881302,0.21755146980285645,0.020466171205043793,0.007501192856580019,0.009625935927033424,0.5057425498962402,0.6401482820510864,0.0005434434860944748,0.000277259066933766,0.0049544344656169415,0.004182521719485521,0.08244889229536057,0.0007393964915536344,0.000789132434874773,0.004039965104311705,0.003737142076715827,0.09180107712745667,0.08344820141792297,0.013220182619988918,0.0008323387010022998,0.5501657724380493,0.6362472772598267,0.01922178640961647,0.02097802236676216,0.004918623715639114,5.295732989907265e-05,0.021323153749108315,0.015230589546263218,0.003253842703998089,0.018903687596321106,0.6043072938919067,0.620145320892334,0.24223212897777557,0.31761035323143005,0.5147629380226135,0.5038055181503296,1.8661925196283846e-06,8.582363989262376e-06,2.0,1085.0
2.7459657303552376e-06,0.060848403722047806,0.04699915274977684,0.25363290309906006,0.018630586564540863,0.00780674209818244,3.8267739000730217e-05,5.377783622861898e-07,2.877931137845735e-07,0.331971675157547,0.4111143946647644,0.04038230702280998,0.04896080866456032,0.01141936331987381,0.28243350982666016,0.26853591203689575,0.015601777471601963,0.27574023604393005,0.28241077065467834,0.6999207735061646,0.6455639600753784,0.0019622647669166327,0.0006961224135011435,0.00041079879156313837,0.0020567323081195354,0.010092654265463352,2.0183808373985812e-05,0.005164028611034155,0.0028936814051121473,0.046447720378637314,0.02419908531010151,0.03266020119190216,0.00020779212354682386,6.389348982338561e-06,0.006966905202716589,0.003719310276210308,0.04254963621497154,0.2031044065952301,0.0034626249689608812,0.03630416467785835,0.03823579102754593,0.016577964648604393,0.009902668185532093,0.0006042513414286077,0.0022157696075737476,0.005093832034617662,0.004866408184170723,0.35575586557388306,2.8111940082453657e-06,7.4484373726591e-06,1.2056605100951856e-06,1.4783331607759465e-06,1.0,1086.0
1.048974581863149e-06,0.009584492072463036,0.009934543631970882,0.12568531930446625,0.19973048567771912,0.18057718873023987,9.898079042613972e-06,1.0849790896827471e-06,1.8421902723275707e-06,0.011195337399840355,0.011078103445470333,0.08684124052524567,0.09398361295461655,0.001041447976604104,0.8274770379066467,0.8206459879875183,0.0005032664630562067,0.09616836160421371,0.10142707824707031,0.07697374373674393,0.08847874402999878,0.05188034102320671,0.06893325597047806,7.23703924450092e-05,0.0005029066232964396,0.008232667110860348,0.001417385064996779,0.0001474961609346792,0.0010294517269358039,0.0009846348548308015,0.006495222449302673,0.008368276059627533,0.006069304421544075,0.0008182068122550845,0.005450279917567968,0.01000878307968378,0.004050256218761206,0.0036885763984173536,0.5532237887382507,0.0015574017306789756,0.03170417249202728,0.008199074305593967,0.020977072417736053,0.05192512273788452,3.80751544071245e-06,2.7655555641104e-06,0.00023439156939275563,0.0027053772937506437,0.0002700668410398066,0.0003219321952201426,1.9947656255681068e-05,1.142836140388681e-06,2.0,1087.0
8.043220987019595e-07,0.052386000752449036,0.12653200328350067,0.000430392479756847,0.27793774008750916,0.06646743416786194,0.001479960628785193,7.574601568194339e-07,2.63365166119911e-07,0.11695819348096848,0.09668075293302536,0.08662288635969162,0.08709470182657242,0.3480371832847595,0.008114616386592388,0.01846162974834442,0.35885491967201233,0.134675994515419,0.1256580650806427,0.45599010586738586,0.3738028407096863,0.02025636099278927,0.0033375858329236507,0.0026593192014843225,0.09944204241037369,0.2795143723487854,5.276792944641784e-05,0.0005567664047703147,0.0015298970974981785,0.02498735673725605,0.027133753523230553,0.026213131844997406,0.006050948053598404,3.949076926801354e-05,0.5490483045578003,0.4314045310020447,0.0007074276218190789,0.007217570208013058,0.0077096642926335335,0.0006409789784811437,0.0010472224093973637,0.0011038091033697128,0.0010497861076146364,0.01735672727227211,0.1071394830942154,0.34260448813438416,0.04380737617611885,0.49684959650039673,0.20327253639698029,0.5286574959754944,3.590600499592256e-06,5.749171577917878e-06,1.0,1088.0
4.957097416991019e-07,0.00034057217999361455,0.00024421230773441494,0.7207074761390686,0.6275315284729004,0.5100048780441284,4.758113209391013e-05,9.678217338660033e-07,5.938925369264325e-07,0.08725693821907043,0.047806255519390106,0.20980317890644073,0.22635552287101746,0.28518199920654297,0.01256120391190052,0.04506866633892059,0.3657873272895813,0.03522063419222832,0.03355541452765465,0.16075530648231506,0.14580051600933075,0.01393947284668684,0.011273832060396671,0.0007402344490401447,0.0030011299531906843,0.0008342376095242798,1.921695002238266e-06,2.993205634993501e-05,0.006452627945691347,0.01566033437848091,0.07869891822338104,0.07782826572656631,0.0003510428068693727,5.9898557083215564e-05,0.0028521737549453974,0.0039521269500255585,0.1645485907793045,0.11774054169654846,0.0008141835569404066,0.001837894436903298,0.012095451354980469,0.003048134967684746,0.008990720845758915,0.004528132267296314,0.03502415865659714,0.020166685804724693,0.4460456967353821,0.41272255778312683,0.0010273947846144438,0.000640950514934957,4.510644885158399e-06,9.193552159558749e-07,1.0,1089.0
1.7413982504876913e-06,0.3716800808906555,0.46875712275505066,0.0001917872141348198,0.016132470220327377,0.0045539988204836845,1.5637508113286458e-05,2.3634146373296971e-07,6.290763394645182e-07,0.10445332527160645,0.07352013140916824,0.31294748187065125,0.29048025608062744,0.005475775338709354,0.3795839250087738,0.34120169281959534,0.01002020575106144,0.024116598069667816,0.02508556842803955,0.23907366394996643,0.2825603485107422,0.007308265659958124,0.008183538913726807,0.000171760591911152,0.0005584995960816741,0.0009058715077117085,1.4638544598710723e-05,0.00014640126028098166,0.0017015734920278192,0.0006050567026250064,0.11714539676904678,0.1559789925813675,0.0004767918726429343,0.005207253620028496,0.00034196171327494085,0.00039159131119959056,0.01778118684887886,0.013299643062055111,0.016248464584350586,3.532874688971788e-05,0.006461774464696646,0.0005342058138921857,0.016705727204680443,0.03629469498991966,0.0036368437577039003,0.0029239447321742773,0.04205206781625748,0.0981500968337059,0.00044450853602029383,0.0006722574471496046,3.1234894777298905e-06,1.2308994428167352e-06,1.0,1090.0
7.128327865757456e-07,8.869289740687236e-05,3.536997246555984e-05,0.784508466720581,0.8513902425765991,0.8834624290466309,1.9696131857926957e-05,4.892612537332752e-07,1.8083690065395785e-06,0.3326698839664459,0.04854154959321022,0.49263226985931396,0.45585396885871887,0.05007884278893471,0.17857207357883453,0.17592836916446686,0.02791304513812065,0.014276757836341858,0.0189681313931942,0.17867201566696167,0.14245885610580444,0.003610425628721714,0.03329095244407654,0.00013936391042079777,0.002564054448157549,0.10734228789806366,0.012811494059860706,0.036500994116067886,0.48605650663375854,0.08584991097450256,5.147283044237838e-09,2.7537877755889895e-08,0.11914975941181183,0.03767584264278412,0.0024988523218780756,0.003660630900412798,0.0019981367513537407,0.0031614373438060284,0.9902628064155579,0.007018704432994127,0.14198598265647888,0.6334215402603149,0.0009670080617070198,0.000915505166631192,3.587221897305426e-07,3.908834003141237e-07,3.265815706754438e-08,3.5575551009969786e-05,7.379423095699167e-06,1.9000331121787895e-06,2.9210555112513248e-06,1.0958810037209332e-07,1.0,1091.0
1.2536120266304351e-06,0.012045826762914658,0.025429444387555122,0.0023362189531326294,0.31118473410606384,0.10962115228176117,1.0888957149290945e-05,2.494975888112094e-07,2.5276690962527937e-07,0.2643575668334961,0.29696720838546753,0.23112931847572327,0.23169466853141785,0.007969914935529232,0.2830820381641388,0.272989958524704,0.020239785313606262,0.05165984854102135,0.04471589997410774,0.4006483256816864,0.41933947801589966,0.003366399323567748,0.0015033030649647117,9.160635818261653e-05,8.698229066794738e-05,0.00027770723681896925,3.507840301608667e-05,4.1507588321110234e-05,0.003328221384435892,0.0004996792995370924,0.019936051219701767,0.03612702339887619,0.0005872927722521126,0.00028822009335272014,0.00015836977399885654,0.0003226806875318289,0.022000253200531006,0.00716989953070879,0.03464002534747124,0.002167080296203494,0.00139026646502316,0.0001952981692738831,0.04191075637936592,0.10275312513113022,0.0037168830167502165,0.003258336801081896,0.009058785624802113,0.08605948835611343,0.0025349364150315523,0.004437612369656563,1.108588094211882e-05,9.580078312865226e-07,1.0,1092.0
2.6505163077672478e-06,0.10015267878770828,0.1852220743894577,0.0004094040777999908,0.11941160261631012,0.08297158032655716,0.001958901761099696,4.274383172742091e-06,2.1910343548370292e-06,0.2232493758201599,0.3073270320892334,0.014007392339408398,0.07338441908359528,0.0023307185620069504,0.13596069812774658,0.4930487275123596,0.06176095828413963,0.3414376378059387,0.12952639162540436,0.7292083501815796,0.3080533444881439,0.003842067439109087,0.001718727289699018,0.0014599522110074759,0.04093162715435028,0.5442801713943481,0.003538333112373948,0.000473288499051705,0.01352908555418253,0.026321081444621086,0.015127814374864101,0.012085444293916225,0.024571949616074562,0.00013816235878039151,0.5982334613800049,0.6183907985687256,0.02704334445297718,0.018914779648184776,0.017881114035844803,0.001347819808870554,0.0027510353829711676,0.0008035416249185801,0.0024604906793683767,0.14709755778312683,0.016314249485731125,0.012608303688466549,0.012573943473398685,0.009375509805977345,0.00864510890096426,0.00477081211283803,3.066401040996425e-05,2.1791252947878093e-05,1.0,1093.0
2.4403061615885235e-06,0.19938987493515015,0.536788821220398,0.0008993864175863564,0.034561362117528915,0.002218755893409252,7.990720405359752e-06,5.405116780821118e-07,2.1709328734687006e-07,0.7124537229537964,0.5418949127197266,0.22938980162143707,0.21115215122699738,0.016867076978087425,0.07296577095985413,0.2204870730638504,0.0685315653681755,0.03840472549200058,0.04570980742573738,0.5478320121765137,0.6858213543891907,0.000691949506290257,0.00015571992844343185,6.453150126617402e-05,0.00043927825754508376,0.004792061634361744,0.0001081511945812963,0.000674655893817544,0.0010079925414174795,0.004360315855592489,0.002555811544880271,0.008609252981841564,0.0006893597892485559,2.0716128346975893e-05,0.0008516904781572521,0.0008426574640907347,0.003114336170256138,0.04077740013599396,0.15441547334194183,0.07649672776460648,0.04302448779344559,0.003195596393197775,0.060345470905303955,0.029269544407725334,3.7379551940830424e-05,0.00012349581811577082,7.673135405639187e-05,0.18190672993659973,4.507077028392814e-05,0.00010934413148788735,2.875226073228987e-06,1.1820928875749814e-06,1.0,1094.0
2.2238746169023216e-06,0.3294004499912262,0.3680320084095001,0.0008197265560738742,0.00594979478046298,0.0034856577403843403,8.496343980368692e-06,4.958681074640481e-07,3.1414390377904056e-07,0.21698926389217377,0.14322321116924286,0.053499069064855576,0.048914212733507156,0.007749946787953377,0.26525571942329407,0.24759915471076965,0.018033090978860855,0.17619696259498596,0.2030220329761505,0.5255686044692993,0.5252217054367065,0.0025162368547171354,0.0024469445925205946,4.0902461478253826e-05,0.001017919392324984,0.017543016001582146,0.00028400897281244397,0.0029040067456662655,0.00029184212326072156,0.0006287196301855147,0.009759053587913513,0.01242330577224493,0.002439043950289488,0.0021007813047617674,0.0010090648429468274,0.0007781987078487873,0.0025262527633458376,0.008353435434401035,0.5971315503120422,0.0004644239379558712,0.09477280080318451,0.01649908907711506,0.03381020203232765,0.012131312862038612,2.377131750108674e-06,2.396632908130414e-06,0.00033450464252382517,0.00259279552847147,7.699420166318305e-06,1.7096597730414942e-05,1.1046146255466738e-06,6.565025501004129e-07,2.0,1095.0
1.1499062111397507e-06,0.0005883072735741735,0.0012487712083384395,0.43842852115631104,0.6032454967498779,0.38823384046554565,5.474473437061533e-05,2.5229830953321652e-06,1.6261567452602321e-06,0.015939146280288696,0.003952154889702797,0.13145548105239868,0.10479578375816345,0.13613875210285187,0.02457154542207718,0.032571759074926376,0.1532367318868637,0.07752910256385803,0.09131580591201782,0.018497012555599213,0.04525325074791908,0.04229298233985901,0.179655060172081,0.00012921099551022053,0.001546264160424471,0.5136264562606812,0.11654863506555557,0.004819629713892937,0.015205076895654202,0.019040223211050034,0.00034599192440509796,0.0008975843666121364,0.015882806852459908,0.0007238004473038018,0.10609378665685654,0.11918357014656067,0.0013141888193786144,0.007314364425837994,0.6240725517272949,0.0023679942823946476,0.08640902489423752,0.04832629859447479,0.019703779369592667,0.023698367178440094,1.0907702971962863e-06,1.7569183228260954e-06,4.610795258486178e-06,0.0009596820455044508,0.0001610300096217543,0.00013439770555123687,4.699175406130962e-06,1.6802904383439454e-06,1.0,1096.0
3.039847797481343e-06,8.357873593922704e-05,6.0575745010282844e-05,0.9022265076637268,0.7612214684486389,0.7839189171791077,1.31674305521301e-05,1.4194924006005749e-05,1.7009811017487664e-06,0.7309218645095825,0.3701033890247345,0.7747118473052979,0.5239298343658447,0.0162806436419487,0.4177137315273285,0.48752471804618835,0.017329741269350052,0.0023868675343692303,0.021835284307599068,0.28325626254081726,0.7639032006263733,0.0002366323460591957,0.0018869549967348576,9.620823402656242e-05,1.57305858010659e-05,0.0017330418340861797,0.014887036755681038,7.71888589952141e-05,0.0038065349217504263,0.007490695454180241,0.09468203037977219,0.12192142754793167,0.0013612217735499144,0.0013245961163192987,0.0005750081036239862,0.0010576514760032296,0.06633157283067703,0.13643692433834076,0.015898458659648895,0.0003589928965084255,0.07003965973854065,0.005926491692662239,0.1307833194732666,0.06115712970495224,0.0008517509559169412,0.001480536418966949,0.012650801800191402,0.2594676613807678,0.00012383506691548973,0.00022432097466662526,7.756337254249956e-06,6.269783057177847e-07,1.0,1097.0
1.441965764570341e-06,0.00022285532031673938,0.00013549104915000498,0.5092289447784424,0.8063983917236328,0.8068493604660034,0.00047182608977891505,3.4514009712438565e-06,1.037081892718561e-05,0.011046402156352997,0.004768297076225281,0.1487918496131897,0.16564616560935974,0.0009268421563319862,0.8587487936019897,0.8456947207450867,0.00033987517235800624,0.05916541442275047,0.05048024654388428,0.09486758708953857,0.02488216944038868,0.0929761528968811,0.11201327294111252,0.004036545753479004,0.0012552286498248577,0.01333592738956213,0.00013665948063135147,0.0002247675583930686,0.0031879034359008074,0.01074318215250969,0.09924174845218658,0.07529224455356598,0.0018911564256995916,0.002056499244645238,0.20160439610481262,0.18776340782642365,0.02982393465936184,0.09919896721839905,0.0019607178401201963,4.7096247726585716e-05,0.019949130713939667,0.008759916760027409,0.006405593361705542,0.04060836508870125,0.040421344339847565,0.05013059824705124,0.5867651700973511,0.7177141904830933,0.1276589334011078,0.2049994021654129,1.3778785614704248e-05,2.5406454824405955e-06,1.0,1098.0
5.094032076158328e-07,0.005843536462634802,0.013459908775985241,0.2885313928127289,0.302361398935318,0.2058769166469574,2.8529175324365497e-05,1.4024865322426194e-06,6.117987823017756e-07,0.03115016035735607,0.034827444702386856,0.021929647773504257,0.019880900159478188,0.3876526653766632,0.008362995460629463,0.01908940263092518,0.46223607659339905,0.27100610733032227,0.2952093482017517,0.04307788610458374,0.12955109775066376,0.018152331933379173,0.03311973065137863,0.0002340710925636813,4.304584945202805e-05,0.013483868911862373,0.04804348200559616,0.000170726707438007,0.00146244908683002,0.0007556169875897467,0.004617965780198574,0.00590154156088829,0.0009291052119806409,3.94790549762547e-05,0.07541269063949585,0.20200328528881073,0.014938718639314175,0.0014065171126276255,0.16956929862499237,0.01945367455482483,0.05871139466762543,0.02042192406952381,0.006725157145410776,0.007755375932902098,3.117873575320118e-06,1.1527148444656632e-06,0.00021028309129178524,0.0017597248079255223,0.00013912106805946678,3.599464616854675e-05,1.9197375877411105e-05,1.4462818853644421e-06,2.0,1099.0
5.793669970444171e-07,1.2075823178747669e-05,1.5216473002510611e-05,0.9541429877281189,0.9332877397537231,0.8088711500167847,2.6170191631536e-05,1.3970999361845315e-06,8.940735369833419e-07,0.010616649873554707,0.013519002124667168,0.05971892923116684,0.06042847782373428,0.021455856040120125,0.27292507886886597,0.23931246995925903,0.006434607319533825,0.1672522872686386,0.15324975550174713,0.07607186585664749,0.07940598577260971,0.08708299696445465,0.05551205947995186,5.129427518113516e-05,0.014268454164266586,0.16458551585674286,0.00038892400334589183,0.00550333084538579,0.00039659978938288987,0.001259771641343832,0.0016645785653963685,0.0024989412631839514,0.005030905362218618,0.005215661134570837,0.014197076670825481,0.01220747735351324,0.0006391515489667654,0.004274108912795782,0.8038046360015869,0.00044072468881495297,0.32010418176651,0.13740743696689606,0.02734324149787426,0.008221372030675411,1.712613197923929e-07,1.388930854773207e-07,2.9728176741627976e-05,0.00037182934465818107,6.23986343271099e-05,7.38410308258608e-05,3.1418987873621518e-06,2.709324462557561e-07,1.0,1100.0
3.7893414628342725e-06,0.5160890817642212,0.5827724933624268,3.152153658447787e-05,0.007359009701758623,0.005693396087735891,1.6113819583551958e-05,1.9300281905998418e-07,7.654473392904038e-07,0.10482548177242279,0.06191143020987511,0.2662588357925415,0.2834014892578125,0.00039370841113850474,0.8876247406005859,0.8794103264808655,0.0008058854145929217,0.03605284541845322,0.024417061358690262,0.5019798278808594,0.1981063038110733,0.010638113133609295,0.008588939905166626,6.216166366357356e-05,9.121889888774604e-05,0.0020509210880845785,0.0006927764043211937,0.00035968044539913535,0.007336663547903299,0.005702067632228136,0.0012537374859675765,0.0016089144628494978,0.00030840159161016345,0.00010373177065048367,7.63485295465216e-05,0.00013951071014162153,0.17319968342781067,0.05205787718296051,0.006557566579431295,0.013539451174438,0.01080094464123249,0.0025058246683329344,0.13929221034049988,0.04114442318677902,0.005401976406574249,0.004760196898132563,0.0020591747015714645,0.012137606739997864,0.00017956974625121802,0.00024338412913493812,1.9352144136064453e-06,8.592876952207007e-07,2.0,1101.0
3.996085979451891e-06,0.22955167293548584,0.18222662806510925,0.0005919646937400103,0.026128409430384636,0.021772952750325203,3.805045707849786e-05,7.891849804764206e-07,6.022758043400245e-07,0.1591315120458603,0.06292072683572769,0.01672697812318802,0.015336964279413223,0.006008484400808811,0.17982807755470276,0.2547335624694824,0.025269588455557823,0.3374781310558319,0.34744390845298767,0.5663772225379944,0.473468542098999,0.0036650209221988916,0.0042867036536335945,0.00012828459148295224,0.005710698198527098,0.028973393142223358,4.694209201261401e-05,0.003697529900819063,0.04184333607554436,0.00020947221491951495,0.0005253551644273102,0.0006155293085612357,0.030017605051398277,0.002328247530385852,0.0006787659367546439,0.004389382433146238,0.039668843150138855,0.0005785920075140893,0.6969905495643616,0.0005810794536955655,0.010066701099276543,0.002249142387881875,0.010969571769237518,0.03717316314578056,0.00037377048283815384,3.3493015507701784e-05,0.004147334489971399,0.00036179457674734294,0.0006570935947820544,0.00019500883354339749,1.94862627722614e-06,1.0366300102759851e-06,2.0,1102.0
2.0515981304924935e-06,0.00545022077858448,0.00010751356603577733,0.5444002151489258,0.28854915499687195,0.8397332429885864,8.552639883419033e-06,7.181637556641363e-06,6.030741701579245e-07,0.6782495975494385,0.44091522693634033,0.5085339546203613,0.5078513622283936,0.09085072576999664,0.07063653320074081,0.061828695237636566,0.09853176772594452,0.01047506183385849,0.02282682992517948,0.4405193030834198,0.6097743511199951,0.00029008727869950235,0.0012446828186511993,4.3900472519453615e-05,8.362377411685884e-05,0.0038133072666823864,0.006010808050632477,0.00032923556864261627,0.00090924056712538,0.00029093396733514965,0.04587281867861748,0.03602614253759384,0.0046213120222091675,0.00216240924783051,0.0005318701732903719,0.0024260447826236486,0.028127577155828476,0.0038374566938728094,0.610031008720398,0.0005592541419900954,0.05837523937225342,0.0041930233128368855,0.06086430698633194,0.04041076451539993,2.446139114908874e-05,6.191412921907613e-06,0.004000035114586353,0.0020956601947546005,3.066579665755853e-05,2.9568933314294554e-05,1.1995671229669824e-05,1.0668803724911413e-06,1.0,1103.0
1.6649279359626235e-06,0.08765162527561188,0.0937534049153328,0.003623981261625886,0.049666158854961395,0.05187114700675011,1.2408478141878732e-05,5.151990194462996e-07,2.1957073386147385e-06,0.1603735089302063,0.10397563874721527,0.06385871767997742,0.05140961706638336,0.09434790909290314,0.05489053949713707,0.09879518300294876,0.15750791132450104,0.16461145877838135,0.1835688054561615,0.24340935051441193,0.45465630292892456,0.003459865227341652,0.008431466296315193,0.00010573946201475337,5.43401220056694e-05,0.007357427850365639,0.0058718398213386536,0.0005045236903242767,0.011272385716438293,0.00155431660823524,0.0016020446782931685,0.004252436105161905,0.0005640308372676373,0.04486885666847229,0.0019382890313863754,0.0034783808514475822,0.033037684857845306,0.016797957941889763,0.09606310725212097,1.3027823115407955e-05,0.20343297719955444,0.06289549916982651,0.01217271015048027,0.0015865102177485824,1.0985711014654953e-05,6.285153176577296e-06,0.0003163051442243159,0.03825145959854126,1.0785894119180739e-05,3.563116706573055e-06,2.380044406891102e-06,8.489001857014955e-07,1.0,1104.0
5.110152301313065e-07,0.009136905893683434,0.07838167250156403,0.007572492118924856,0.316849023103714,0.054700810462236404,1.016682836052496e-05,2.177588953600207e-07,3.9373804838760407e-07,0.17537669837474823,0.32202643156051636,0.3354737162590027,0.49910256266593933,0.02268063649535179,0.11513073742389679,0.19963191449642181,0.07002607733011246,0.036344513297080994,0.006333616562187672,0.42446452379226685,0.1803768128156662,0.00442963931709528,0.0013571125455200672,7.338236173382029e-05,3.062695395783521e-05,0.002070925198495388,0.00980496034026146,5.832946771988645e-05,0.00409947382286191,0.004663936328142881,0.0004552349273581058,0.0007324867183342576,0.003157075261697173,0.006935739889740944,0.0013801114400848746,0.00187517493031919,0.004261906258761883,0.005011219065636396,0.4148160517215729,0.00040033235563896596,0.031176846474409103,0.007928458042442799,0.030840231105685234,0.04466989263892174,6.3243919612432364e-06,6.799452421546448e-06,4.6730296162422746e-05,0.0027691833674907684,0.00017219563596881926,0.00015793908096384257,9.011837391881272e-06,4.259081549662369e-07,1.0,1105.0
1.6907725921555539e-06,0.13795587420463562,0.20019648969173431,0.002427899045869708,0.02798457443714142,0.026221714913845062,0.00020315655274316669,1.0352736126151285e-06,8.111130114230036e-07,0.11134671419858932,0.09812845289707184,0.1666003167629242,0.16631890833377838,0.03507878631353378,0.09034181386232376,0.10066520422697067,0.05926007777452469,0.04400382563471794,0.04325564205646515,0.2523011863231659,0.19644102454185486,0.0079922154545784,0.006332337856292725,0.000706814753357321,0.0001549043518025428,0.02268836833536625,0.0009076222777366638,0.00018741784151643515,0.0022475081495940685,0.0019187761936336756,0.17796765267848969,0.13434676826000214,0.000986902043223381,0.00028500446933321655,0.07658997178077698,0.09650067239999771,0.030094893649220467,0.014185169711709023,0.0015521817840635777,0.00018989044474437833,0.02095596119761467,0.003336759516969323,0.005498429294675589,0.06382963806390762,0.00516931526362896,0.0049186511896550655,0.07930350303649902,0.02291661500930786,0.06027112901210785,0.09086178243160248,3.3652659112703986e-06,2.9790796816087095e-06,1.0,1106.0
1.0588545364953461e-06,0.0006666378467343748,0.0006923707551322877,0.37133291363716125,0.48921558260917664,0.21052402257919312,3.8396672607632354e-05,3.9535186147077184e-07,3.5356683270038047e-07,0.04291442409157753,0.013130930252373219,0.15279312431812286,0.14206477999687195,0.20038774609565735,0.029783125966787338,0.012329118326306343,0.18534472584724426,0.05744713544845581,0.05459868162870407,0.1889769732952118,0.04153802990913391,0.018332436680793762,0.02724204584956169,0.0002125109313055873,0.0005641294410452247,0.00366193731315434,2.9277120120241307e-05,0.0003893092507496476,0.002860201057046652,0.009046124294400215,0.002538214670494199,0.0031014299020171165,0.000605695997364819,0.00026756266015581787,0.0016296274261549115,0.0013105885591357946,0.04870240017771721,0.162821426987648,0.001016451744362712,0.0025997795164585114,0.004059262573719025,0.003000841476023197,0.008808018639683723,0.03225338086485863,0.017206937074661255,0.03574015945196152,0.005007185507565737,0.029468607157468796,0.001760858460329473,0.0031130588613450527,4.182425982435234e-06,1.1662093584163813e-06,1.0,1107.0
1.4180269545249757e-06,0.039271652698516846,0.03421337902545929,0.10930299013853073,0.028864558786153793,0.04114574193954468,6.0128459153929725e-06,1.0205566240983899e-06,2.3315824648761918e-07,0.05301924794912338,0.045764487236738205,0.03019004873931408,0.02876908704638481,0.013432885520160198,0.295940101146698,0.3013833165168762,0.0063563864678144455,0.2607395350933075,0.27220308780670166,0.28591588139533997,0.18103691935539246,0.00950736366212368,0.012098852545022964,3.449567884672433e-05,0.00025931617710739374,0.009896881878376007,0.0003664723481051624,0.0034285394940525293,0.00012027563934680074,0.0019016965525224805,0.018404850736260414,0.012547518126666546,0.0014277284499257803,0.0005011071916669607,0.00037348255864344537,0.00030274357413873076,0.007775729987770319,0.0199985783547163,0.16467958688735962,0.001968034077435732,0.034749556332826614,0.005318854004144669,0.03667498752474785,0.0148800453171134,3.419376298552379e-05,4.134604751016013e-05,0.003129673656076193,0.0024650590494275093,1.358094687020639e-05,2.5188881409121677e-05,1.657673237787094e-06,4.7214916776283644e-07,1.0,1108.0
2.1575068842594192e-07,0.00013600714737549424,5.919595423620194e-05,0.6673983931541443,0.7618069648742676,0.7525084614753723,9.198985935654491e-05,5.282668666950485e-07,6.86781561398675e-07,0.027644116431474686,0.0034934026189148426,0.28262069821357727,0.15872059762477875,0.34455767273902893,0.0727245882153511,0.006648165173828602,0.11408889293670654,0.02590758539736271,0.053350601345300674,0.013144475407898426,0.007444069720804691,0.035768575966358185,0.14152593910694122,0.0007483171066269279,0.0424799770116806,0.327349990606308,0.0004194206849206239,0.002287511480972171,0.001077507622539997,0.00706882681697607,0.0018065846525132656,0.002934402087703347,0.016341637820005417,0.0005905248690396547,0.3248383700847626,0.23518869280815125,0.0008513873908668756,0.018702223896980286,0.05027502030134201,0.00031733664218336344,0.010331795550882816,0.008390703238546848,0.0008778901537880301,0.0037833384703844786,6.666252738796175e-05,0.000131406428408809,0.00020034919725731015,0.005120036657899618,0.000540810520760715,0.0008125985041260719,4.906480171484873e-06,7.289107770702685e-07,1.0,1109.0
6.120590683167393e-07,9.930525993695483e-05,4.978071228833869e-05,0.838313102722168,0.7073315382003784,0.5791865587234497,3.2088890293380246e-05,2.146307878092557e-07,3.7753747506030777e-07,0.06919581443071365,0.04970619082450867,0.5063546895980835,0.44707340002059937,0.05795455351471901,0.10120140016078949,0.08523642271757126,0.05030550807714462,0.01945263147354126,0.009886636398732662,0.19163678586483002,0.06504041701555252,0.02064528316259384,0.014691349118947983,8.529710612492636e-05,0.000582750013563782,0.002311479998752475,2.5049486794159748e-05,0.00013098344788886607,0.016183476895093918,0.062091149389743805,0.003288618754595518,0.0038147803861647844,6.21358267380856e-05,0.020691407844424248,0.0006465963670052588,0.00037348916521295905,0.12150715291500092,0.43346327543258667,0.00038981152465566993,2.846995266736485e-05,0.04953724145889282,0.013173592276871204,0.15289640426635742,0.008291017264127731,0.005121618043631315,0.006195188499987125,0.00292194657959044,0.005462263245135546,0.00030107845668680966,0.0004900595522485673,1.5189140185611905e-06,4.471625345559005e-07,1.0,1110.0
3.0141127353999764e-06,0.0006744539714418352,0.0009481442393735051,0.7609080076217651,0.35883405804634094,0.1794598549604416,2.524599403841421e-05,1.1780167596953106e-06,1.6133387816807954e-06,0.006486068945378065,0.006110076326876879,0.16443274915218353,0.14925137162208557,0.0003300212265457958,0.9301794767379761,0.9244292378425598,0.00013971318549010903,0.05193150043487549,0.0427938736975193,0.04797488823533058,0.027082432061433792,0.12858019769191742,0.05451147258281708,0.00015220665954984725,0.0011868716683238745,0.00856834091246128,4.479699782677926e-05,0.001024918514303863,0.0012487189378589392,0.001541322679258883,0.09906789660453796,0.14156025648117065,0.0007081119692884386,0.0013796482235193253,0.0008622908499091864,0.0009149501565843821,0.022628167644143105,0.033948928117752075,0.008145962841808796,0.00043297428055666387,0.027306556701660156,0.004643090534955263,0.05888903886079788,0.036329254508018494,0.0005190806114114821,0.0005518008256331086,0.008857783861458302,0.052657660096883774,0.0018409123877063394,0.0020312024280428886,6.4746473071863875e-06,1.1035522220481653e-06,1.0,1111.0
5.023308631280088e-07,0.01160382479429245,0.0062706987373530865,0.030036557465791702,0.1521221399307251,0.0968388020992279,9.33278897718992e-06,1.7836251231528877e-07,9.081551866074733e-08,0.5607538223266602,0.544510006904602,0.48613664507865906,0.4972401559352875,0.08983036875724792,0.07954280823469162,0.04760065674781799,0.053255345672369,0.022783124819397926,0.011199096217751503,0.5108621716499329,0.37733688950538635,0.0020840284414589405,0.00021211091370787472,6.502841279143468e-05,0.019764957949519157,0.017742637544870377,3.9873695641290396e-05,0.0016087864059954882,0.0017725300276651978,0.0011198928114026785,0.0008146095206029713,0.0013001479674130678,0.006701163947582245,0.0008267765515483916,0.0035352781414985657,0.004541192203760147,0.0016585125122219324,0.009228450246155262,0.5106499195098877,0.0008773198351264,0.051328226923942566,0.023990556597709656,0.018377084285020828,0.01913611963391304,1.5283296761481324e-06,1.7197913848576718e-06,4.578966763801873e-05,0.0007272991933859885,0.00010338160791434348,0.00015021106810308993,2.4908065370254917e-06,2.520507962344709e-07,1.0,1112.0
4.7606790758436546e-06,0.012974574230611324,0.019300192594528198,0.0004158014489803463,0.2839445173740387,0.07513292133808136,4.0271770558319986e-05,4.146135779592441e-06,4.794234769178729e-07,0.007136012427508831,0.025413639843463898,0.016010679304599762,0.015281551517546177,0.2032659500837326,0.01651724986732006,0.0166342630982399,0.21391496062278748,0.461978018283844,0.4478303790092468,0.15613047778606415,0.314290851354599,0.08947116136550903,0.022849412634968758,0.00012969116505701095,0.011023937724530697,0.15134181082248688,0.00017035497876349837,0.002159613650292158,0.00016320604481734335,0.001760275335982442,0.03676928952336311,0.042975589632987976,0.036990586668252945,0.00016036591841839254,0.020252464339137077,0.018243294209241867,0.0008310742559842765,0.009447510354220867,0.1439925581216812,0.0036109418142586946,0.013631672598421574,0.019974607974290848,0.04024425521492958,0.29545286297798157,1.4058814485906623e-05,2.7960659281234257e-05,0.0005920922267250717,0.0106505723670125,0.05004395917057991,0.11523569375276566,3.1240972475643503e-06,3.908695362042636e-06,1.0,1113.0
1.1553066769920406e-06,0.017936784774065018,0.03773810714483261,0.1208278015255928,0.030047761276364326,0.07022326439619064,4.054616510984488e-06,5.0589756028784905e-06,6.01462488702964e-07,0.5268625020980835,0.27152734994888306,0.3530658781528473,0.29298022389411926,0.046270836144685745,0.22073419392108917,0.18375825881958008,0.03353226184844971,0.021134719252586365,0.04776189848780632,0.22447913885116577,0.5406688451766968,0.0003978078602813184,0.002891856012865901,2.2929541955818422e-05,8.614634134573862e-05,0.0026672566309571266,0.01334158144891262,0.0002558527048677206,0.000926879292819649,0.0017975287046283484,0.0045716650784015656,0.004286840092390776,0.0014919855166226625,9.371290616400074e-06,0.0002600849838927388,0.0009538220474496484,0.028915559872984886,0.005618558265268803,0.3775891959667206,0.25251588225364685,0.09231707453727722,0.004514937289059162,0.2078997790813446,0.04996775463223457,2.2102663933765143e-05,8.686834917170927e-06,0.0004524558025877923,0.001451598946005106,1.2975237950740848e-05,3.6990634271205636e-06,7.748375537630636e-06,6.486641837000207e-07,2.0,1114.0
5.430338205769658e-06,0.00016547898121643811,4.393782728584483e-05,0.8364659547805786,0.5230469107627869,0.5701944231987,0.0004083775856997818,4.048542450618697e-06,1.2488367246987764e-06,0.057952508330345154,0.03331362083554268,0.012721192091703415,0.013821078464388847,0.0532044880092144,0.08285181224346161,0.07429623603820801,0.045274749398231506,0.46397969126701355,0.4758477807044983,0.2901866137981415,0.10294535756111145,0.01912163384258747,0.011421047151088715,0.0010516699403524399,0.0007886806852184236,0.14241473376750946,0.000689951702952385,0.00690020015463233,0.014331061393022537,0.008954468183219433,0.0004828506789635867,0.0005535975215025246,0.01896386779844761,0.000845524831674993,0.04731835797429085,0.04736662656068802,0.020138677209615707,0.02594131976366043,0.008206420578062534,0.0009040190489031374,0.003397272201254964,0.00617736391723156,0.001078714383766055,0.057492151856422424,0.28650394082069397,0.4253503978252411,0.008217543363571167,0.05598263069987297,0.014635743573307991,0.019642043858766556,5.494769084180007e-06,2.3880133994680364e-06,1.0,1115.0
7.089846008057066e-07,0.0008785462123341858,0.0009426213218830526,0.01434163935482502,0.7542977333068848,0.416189581155777,0.0002511497004888952,2.121961188095156e-06,6.095502271818987e-07,0.18021877110004425,0.06046847254037857,0.5287400484085083,0.5065243244171143,0.2565600574016571,0.01761716604232788,0.018874438479542732,0.25230976939201355,0.010672968812286854,0.011645736172795296,0.08640260249376297,0.11257997900247574,0.00947651918977499,0.008633115328848362,0.0016779155703261495,0.01155705563724041,0.13011761009693146,0.0003799832484219223,0.0008367074769921601,0.00017256051069125533,0.004905296489596367,0.060185547918081284,0.0688864216208458,0.004463736899197102,0.0037682338152080774,0.4263826310634613,0.2000601887702942,0.005947591736912727,0.2931724190711975,0.0013498913031071424,1.148553656094009e-05,0.014737307094037533,0.015247862786054611,0.004807197023183107,0.05242680385708809,0.002215176122263074,0.007409755140542984,0.01646328717470169,0.20808041095733643,0.012891532853245735,0.044609032571315765,4.665648248192156e-06,5.70142356082215e-06,1.0,1116.0
2.213933157690917e-06,0.09017020463943481,0.06287575513124466,0.004967055283486843,0.08571143448352814,0.06587003916501999,6.234861211851239e-05,3.573581125237979e-06,8.253804253399721e-07,0.005717907566577196,0.004676565993577242,0.05819300562143326,0.06448787450790405,0.9365675449371338,0.00018169789109379053,0.0002753835578914732,0.9328064322471619,0.11851616948843002,0.12877054512500763,0.07723157107830048,0.0362837053835392,0.07004722952842712,0.10762150585651398,0.0005635165143758059,0.001567305065691471,0.021269507706165314,0.0001784738851711154,0.0002556564286351204,0.00044267650810070336,0.0005149477510713041,0.06601180136203766,0.08238226920366287,0.016538798809051514,0.0007010297267697752,0.03108396753668785,0.03172630816698074,0.006044493522495031,0.01460297778248787,0.04019429162144661,0.0002896616351790726,0.0028062101919203997,0.0015185659285634756,0.004271303303539753,0.1263096183538437,0.0011265098582953215,0.0014590994687750936,0.01815866492688656,0.09875399619340897,0.022188080474734306,0.025997484102845192,5.352275820769137e-06,6.538771685882239e-06,1.0,1117.0
1.27722103115957e-06,0.048638563603162766,0.015233749523758888,0.16562975943088531,0.0416380874812603,0.12090053409337997,0.0009192375000566244,6.090534157010552e-07,2.5755036858754465e-06,0.0030683197546750307,0.0007405861397273839,0.0323142372071743,0.03238388150930405,0.15211975574493408,0.06458475440740585,0.02411315217614174,0.07315997779369354,0.29121649265289307,0.2906239628791809,0.0736665204167366,0.012795980088412762,0.22223834693431854,0.238132506608963,0.003044047160074115,0.0343741774559021,0.41603028774261475,0.0004820955218747258,0.0026131896302103996,0.014527814462780952,0.027646327391266823,0.001190163311548531,0.0012921300949528813,0.029168715700507164,0.0014593140222132206,0.5536118745803833,0.6780935525894165,0.002072919625788927,0.005376412533223629,0.04102284833788872,5.799159043817781e-05,0.0007452186546288431,0.0015226042596623302,0.00013908975233789533,0.006440259050577879,0.3082045018672943,0.497193306684494,0.004765012767165899,0.03430064022541046,0.00520778214558959,0.007743352558463812,3.4445185974618653e-06,5.8532782531983685e-06,1.0,1118.0
1.8672321857593488e-06,0.003124628681689501,3.077774090343155e-05,0.14135082066059113,0.48301470279693604,0.8044065237045288,0.0001884225057438016,2.4168562049453612e-06,1.4484144230664242e-06,0.08533608168363571,0.030100954696536064,0.5300167798995972,0.5832333564758301,0.017443805932998657,0.5858844518661499,0.4223824143409729,0.00117672944907099,0.008797084912657738,0.0068599688820540905,0.05229002609848976,0.05172446742653847,0.012567806988954544,0.0251406729221344,0.0012033679522573948,0.004020260646939278,0.010011122561991215,3.1309005862567574e-05,0.0006772946217097342,0.006198486313223839,0.006939084734767675,0.004368906375020742,0.006013375706970692,0.03998932987451553,0.0006958263111300766,0.06210057809948921,0.0610162653028965,0.00882222130894661,0.02542726881802082,0.051280729472637177,0.0004472465952858329,0.0059170848689973354,0.0016610854072496295,0.00924760103225708,0.1129201129078865,0.3100798428058624,0.385233074426651,0.009181838482618332,0.08268322795629501,0.59955894947052,0.7333918809890747,9.05930846784031e-06,2.2367428300640313e-06,1.0,1119.0
1.1435480473664938e-06,0.011688497848808765,0.018757302314043045,0.0058442456647753716,0.3403799831867218,0.09838142991065979,1.1438468391133938e-05,2.6931800789498084e-07,1.0941119654717113e-07,0.011645336635410786,0.026247406378388405,0.04349342733621597,0.05051968991756439,0.00847387220710516,0.27082565426826477,0.2676357328891754,0.01120256632566452,0.17398753762245178,0.15883125364780426,0.14753137528896332,0.08618270605802536,0.0490335151553154,0.013374650850892067,4.3660613300744444e-05,0.0013719784328714013,0.0033878746908158064,3.832310903817415e-05,0.00018659510533325374,0.00023703403712715954,0.005657536908984184,0.005074834451079369,0.004845212213695049,0.0021458931732922792,0.0007492747390642762,0.0014635218540206552,0.0007393115665763617,0.00456291763111949,0.056568097323179245,0.03986305370926857,0.0015338062075898051,0.007451327051967382,0.0037590372376143932,0.09039178490638733,0.18975138664245605,5.6012169807218015e-05,0.00011910896864719689,0.0005823205574415624,0.0028026923537254333,0.0016575150657445192,0.004419735632836819,3.6962424019293394e-06,6.096066158534086e-07,1.0,1120.0
1.47748471590603e-06,0.024382589384913445,0.2187259942293167,0.0003065825439989567,0.28027236461639404,0.007453535683453083,3.372065839357674e-05,4.0255591216009634e-07,1.816515577957034e-07,0.4138149321079254,0.7125884890556335,0.3129332959651947,0.877170205116272,0.010806321166455746,0.16419990360736847,0.2579444646835327,0.03730273246765137,0.08258593082427979,0.0009980743052437901,0.8267309069633484,0.22817938029766083,0.0028503895737230778,8.179592987289652e-05,0.00012176054588053375,0.001266182167455554,0.002193606225773692,2.4766110072960146e-05,0.0002961976279038936,0.0006295947823673487,0.0006426255567930639,0.19278982281684875,0.2841169536113739,0.0015521661844104528,1.0394077435194049e-05,0.00026334146969020367,0.0004218488174956292,0.00625265296548605,0.0037157658953219652,0.03596412017941475,0.07555662840604782,0.00517778005450964,0.0010314063401892781,0.09230268746614456,0.16072337329387665,0.0010246016317978501,0.0008638566941954195,0.011825335212051868,0.09967562556266785,0.017058558762073517,0.016887584701180458,1.4990284398663789e-05,3.000169499500771e-06,1.0,1121.0
3.085558830662194e-07,0.00010577718785498291,0.0011405199766159058,0.6210286021232605,0.6371296644210815,0.17482715845108032,1.1107576028734911e-05,2.643117511524906e-07,1.087271357391728e-06,0.015280984342098236,0.008282996714115143,0.1848442107439041,0.1699395328760147,0.007972332648932934,0.3685421943664551,0.3735409379005432,0.004892453085631132,0.04692781716585159,0.05550302192568779,0.039207734167575836,0.039366282522678375,0.0486682765185833,0.0776647999882698,7.227163587231189e-05,0.0006891874363645911,0.013059629127383232,0.000516219821292907,0.0005861435201950371,0.010178868658840656,0.003794960444793105,4.0927669033408165e-05,7.570777233922854e-05,0.004698585718870163,0.0005857328069396317,0.0029529081657528877,0.006769100204110146,0.0165972001850605,0.00893164612352848,0.3570338785648346,0.013652171939611435,0.025601211935281754,0.027400607243180275,0.00806334987282753,0.015889694914221764,1.2212960427859798e-05,1.0054650374513585e-05,3.177890175720677e-05,0.00043899365118704736,0.0001153078192146495,0.00012821842392440885,6.323336492641829e-06,2.3075304511621653e-07,1.0,1122.0
1.8373582406638889e-06,0.0031579560600221157,0.0011165591422468424,0.4557253122329712,0.06494566053152084,0.16497988998889923,0.0006833226070739329,1.8884084056480788e-06,4.66702772428107e-07,0.3434600234031677,0.5401303172111511,0.04440178722143173,0.08951792865991592,0.028010454028844833,0.23526912927627563,0.22082345187664032,0.011764553375542164,0.23080964386463165,0.17180825769901276,0.7369019985198975,0.4400944411754608,0.0015253913588821888,0.0004405873187351972,0.0014038198860362172,0.0142618827521801,0.38735973834991455,0.0002580566215328872,0.007655598223209381,0.0052054161205887794,0.025805706158280373,0.004262358881533146,0.00376518489792943,0.022091181948781013,0.0005185003974474967,0.17546279728412628,0.17960037291049957,0.00644101295620203,0.027779988944530487,0.010748275555670261,0.00011733236897271127,0.0036098952405154705,0.0024864445440471172,0.0005002960679121315,0.01212768629193306,0.260017067193985,0.43037277460098267,0.024251993745565414,0.1289677619934082,0.00426488509401679,0.007652309723198414,2.272178562634508e-06,2.3212132873595692e-06,1.0,1123.0
8.566407814214472e-07,0.45037198066711426,0.21885202825069427,0.01140656415373087,0.0037493121344596148,0.0021794557105749846,5.256236909190193e-05,1.062352694702895e-07,7.906128018930758e-08,0.4861980378627777,0.5783495903015137,0.6330166459083557,0.6204973459243774,0.07989470660686493,0.20728546380996704,0.24634604156017303,0.10333229601383209,0.009219425730407238,0.004147655330598354,0.38908079266548157,0.18690089881420135,0.0028094854205846786,0.00016218710516113788,0.00014886900316923857,5.341221549315378e-05,0.002873397199437022,0.0059053110890090466,0.00018064257164951414,0.010667819529771805,0.02797258272767067,0.007947920821607113,0.003297602292150259,0.0014687596121802926,2.1541341084230226e-06,0.0013674350921064615,0.0012916643172502518,0.16865603625774384,0.049417898058891296,0.0036441925913095474,0.12692388892173767,0.033827900886535645,0.014253204688429832,0.008310675621032715,0.001995439175516367,0.00327383354306221,0.0026509887538850307,0.12984421849250793,0.0014153610682114959,1.8683896996662952e-05,5.118569970363751e-05,9.652030712459236e-07,8.85457893673447e-08,1.0,1124.0
3.4618338418113126e-07,0.0010926206596195698,0.0008840017835609615,0.47894543409347534,0.24257883429527283,0.14241673052310944,1.3565594599640463e-05,1.1615271233722524e-07,1.4130330328043783e-07,0.4145221710205078,0.47082802653312683,0.656177282333374,0.646681547164917,0.011698510497808456,0.32501745223999023,0.33248305320739746,0.016609828919172287,0.007620059419423342,0.005826999898999929,0.2448968142271042,0.2559449076652527,0.002938360208645463,0.0004365881613921374,4.6085671783657745e-05,0.02423352375626564,0.0014085719594731927,2.3611353299202165e-06,4.641372652258724e-05,0.03368820995092392,0.006969749461859465,0.0027084462344646454,0.0028181204106658697,0.00027714885072782636,0.005583096761256456,0.0004638109530787915,0.0006568660028278828,0.07725417613983154,0.05727721005678177,0.01107494905591011,7.582843682030216e-05,0.050075553357601166,0.0040828995406627655,0.3612951338291168,0.05021386966109276,0.000942373473662883,0.00029656325932592154,0.002439190400764346,0.0004931859439238906,0.0008009386947378516,0.0008020923123694956,1.9633478132163873e-06,1.6433953931027645e-07,1.0,1125.0
4.390828962641535e-06,0.8057129979133606,0.7658405303955078,0.00020450007286854088,0.00034241258981637657,0.0004771081148646772,3.485787965473719e-05,1.1216529571811407e-07,3.1754518658999586e-07,0.28499048948287964,0.2638719975948334,0.3764909505844116,0.38228240609169006,0.01785273291170597,0.24287669360637665,0.2585099935531616,0.016153188422322273,0.026974791660904884,0.018453776836395264,0.6657720804214478,0.3220301866531372,0.002111585810780525,0.001028754166327417,5.85548477829434e-05,0.0003774374781642109,0.015478434041142464,5.9686779422918335e-05,0.004859439097344875,0.005706564988940954,0.00793746393173933,0.01482364535331726,0.015461484901607037,3.339561590109952e-05,0.0012548663653433323,0.00025160599034279585,0.000209035279112868,0.28088176250457764,0.3012641370296478,9.612560825189576e-05,0.00014283946075011045,0.13309361040592194,0.03360006585717201,0.15864808857440948,0.005514529533684254,0.009448268450796604,0.010356626473367214,0.011311739683151245,0.019170546904206276,0.00011443764378782362,0.00022431070101447403,1.35071431373035e-07,8.994297218123393e-07,2.0,1126.0
1.4785108533033053e-06,0.5692285299301147,0.6058516502380371,0.00014287147496361285,0.002440644195303321,0.0010085981339216232,1.1301811355224345e-05,8.782572535892541e-08,1.7823583675635746e-07,0.08494088798761368,0.028608767315745354,0.11574287712574005,0.13576139509677887,0.08474656194448471,0.024758251383900642,0.08617070317268372,0.20591305196285248,0.07688003033399582,0.06399290263652802,0.42180711030960083,0.12698206305503845,0.014372112229466438,0.010384674184024334,1.1204967449884862e-05,0.010784816928207874,0.009749754332005978,1.6905252778087743e-05,0.0007938803755678236,0.00991099327802658,0.01046580821275711,0.0001174664794234559,0.00016013837011996657,0.0006150933331809938,0.00266484497115016,0.00012803688878193498,7.921959331724793e-05,0.0178687684237957,0.05933288484811783,0.01631927117705345,0.0009551707189530134,0.06431949138641357,0.061188921332359314,0.3204120099544525,0.07459134608507156,0.000146773352753371,0.0001186936569865793,0.0001779849553713575,0.0003021524753421545,0.00024611526168882847,0.0003756346122827381,1.8208012875220447e-07,2.895926058954501e-07,1.0,1127.0
1.222876448991883e-06,0.0037376992404460907,0.0015056619886308908,0.37267228960990906,0.1810748130083084,0.12406156212091446,0.0010389718227088451,4.663117124437122e-06,9.624546919440036e-07,0.16035474836826324,0.11241715401411057,0.2701813280582428,0.2700996398925781,0.005306597799062729,0.5303728580474854,0.5065863728523254,0.0029544795397669077,0.03573429584503174,0.03420541062951088,0.3560087978839874,0.4068455100059509,0.006423228420317173,0.007187040988355875,0.005869285203516483,0.002623491920530796,0.10981748253107071,0.003810361260548234,0.00022707367315888405,0.005320282187312841,0.08431266248226166,0.03225364163517952,0.04074409231543541,0.004540094640105963,3.104369170614518e-05,0.9371923804283142,0.8666385412216187,0.004832800943404436,0.07864940166473389,0.002979625714942813,0.0015974020352587104,0.010049371048808098,0.016000015661120415,0.002850016811862588,0.03952258452773094,0.037407517433166504,0.14393004775047302,0.02765924483537674,0.4353894889354706,0.05150110274553299,0.22593963146209717,1.72280051629059e-05,6.894195394124836e-06,2.0,1128.0
1.5248691909164336e-07,0.009274052456021309,0.009033014997839928,0.03813598304986954,0.24423500895500183,0.1343412548303604,6.341248081298545e-06,6.735988478112631e-08,3.6065195274659345e-08,0.20974184572696686,0.39480194449424744,0.36114469170570374,0.37355563044548035,0.5358992218971252,0.004596404265612364,0.005346044432371855,0.5765585899353027,0.03315809741616249,0.015125890262424946,0.5169869065284729,0.25221115350723267,0.006673979572951794,0.0004924923414364457,4.7673966037109494e-05,0.03185999393463135,0.0026141665875911713,3.4873589811468264e-06,0.00020481619867496192,0.00011290068505331874,0.0008806460537016392,0.034538399428129196,0.02673070877790451,0.000504537601955235,0.004636719822883606,0.0019949309062212706,0.0007563935942016542,0.003208824899047613,0.05054522305727005,0.13199353218078613,4.937718404107727e-05,0.017490820959210396,0.00709636090323329,0.044333118945360184,0.004402486141771078,2.5045837901416235e-06,2.807197006404749e-06,0.0016027312958613038,0.001791402930393815,1.5880927094258368e-05,4.228219768265262e-05,1.7468639725848334e-06,3.371821151176846e-07,2.0,1129.0
1.0313259508620831e-06,0.06584110856056213,0.11990880221128464,0.024131326004862785,0.06647162139415741,0.015293724834918976,4.111418456886895e-05,2.039021467226121e-07,8.395672921324149e-07,0.0016894964501261711,0.0010424578795209527,0.011831307783722878,0.011993042193353176,0.03951007500290871,0.08290009945631027,0.08820651471614838,0.05426843464374542,0.4134518504142761,0.3720923066139221,0.031542640179395676,0.005597566720098257,0.22521556913852692,0.17735031247138977,5.5654902098467574e-05,0.003780783386901021,0.5196278095245361,0.005193691235035658,0.005339524243026972,0.016498617827892303,0.011944474652409554,5.7055494835367426e-05,6.670926813967526e-05,0.014804709702730179,0.0005814957548864186,0.005963332951068878,0.012653738260269165,0.001400885870680213,0.0013359053991734982,0.6056321859359741,0.005546738393604755,0.028828924521803856,0.013593717478215694,0.011716872453689575,0.012850462459027767,5.1586316658358555e-06,4.134511073061731e-06,2.5084580556722358e-05,0.00010815594578161836,0.0003528514935169369,0.00046627261326648295,1.4733788020748761e-06,2.9044974780845223e-07,1.0,1130.0
8.425391939681504e-08,0.004037379287183285,0.0024974311236292124,0.19338449835777283,0.4158022999763489,0.08199621737003326,2.5144598112092353e-05,9.111220578006396e-08,9.21886638138858e-08,0.7017444372177124,0.5786689519882202,0.6161044239997864,0.7947101593017578,0.48693302273750305,0.4595513939857483,0.011247769929468632,0.01425078697502613,0.007025686092674732,0.001353084691800177,0.3836970031261444,0.3784354329109192,0.0009639031486585736,0.00014085083967074752,0.0001503881940152496,0.09068645536899567,0.17617535591125488,0.0008411309099756181,0.0023892847821116447,0.006341937463730574,0.0008424021652899683,0.0004177423834335059,0.0002399891527602449,0.025600677356123924,0.020068641752004623,0.17432604730129242,0.07724141329526901,0.0009702080278657377,0.0020150132477283478,0.7301995158195496,3.8767877413192764e-05,0.05383937805891037,0.03457264229655266,0.004412950482219458,0.005138317123055458,7.137606417018105e-07,3.336500924433494e-07,0.0008480047108605504,2.296514685440343e-05,0.0005256221629679203,0.0005798824713565409,2.3859122393332655e-06,3.166496398421259e-08,2.0,1131.0
8.249421057371364e-07,0.05753660947084427,0.04565488547086716,0.08090268820524216,0.045975662767887115,0.034889280796051025,3.5121713153785095e-05,8.033281773123235e-08,9.474476314608182e-08,0.28902319073677063,0.5818392038345337,0.36335358023643494,0.5763795375823975,0.07205771654844284,0.07214722037315369,0.05378717556595802,0.05529896914958954,0.04976263269782066,0.00668480945751071,0.7911733984947205,0.23616857826709747,0.006278187967836857,0.00014379963977262378,0.0003951732360292226,0.02346411533653736,0.00255502643994987,2.3896400307421573e-06,0.0005823238752782345,0.0027331234887242317,0.0005797246703878045,0.029533803462982178,0.03412315994501114,0.001544213155284524,0.0033387308940291405,0.0015533018158748746,0.0025777393020689487,0.06386955827474594,0.04928097128868103,0.014077650383114815,2.5150138753815554e-05,0.00520250853151083,0.0017052011098712683,0.004338804166764021,0.005043334793299437,0.003352053929120302,0.0022360479924827814,0.015345277264714241,0.03554851561784744,5.2252664318075404e-05,1.7293932614848018e-05,3.1023050723888446e-06,1.3038411452725995e-06,2.0,1132.0
4.0251674704450124e-07,0.3568457067012787,0.24373139441013336,0.006246365141123533,0.006596186198294163,0.006197035312652588,0.00011499037645990029,6.37112975709897e-07,2.724593741731951e-07,0.18614482879638672,0.1978803426027298,0.48309117555618286,0.4827630817890167,0.40319088101387024,0.0056882938370108604,0.014117593877017498,0.35442832112312317,0.011977937072515488,0.010515711270272732,0.181270033121109,0.2276105433702469,0.0050283134914934635,0.0018738028593361378,0.0011503733694553375,0.012801703996956348,0.09346293658018112,0.00010365730850026011,0.00032727219513617456,0.0002128800260834396,0.0014374263118952513,0.0088734682649374,0.013098117895424366,0.008499536663293839,0.00022898170573171228,0.4712073802947998,0.39596423506736755,0.002466155681759119,0.023911524564027786,0.005808541085571051,0.0004357036086730659,0.003592033637687564,0.011736059561371803,0.0004819629539269954,0.018000677227973938,0.000417839182773605,0.0008052283665165305,0.003923442214727402,0.06516911834478378,0.020853862166404724,0.03435824438929558,5.315939688443905e-06,5.2009800128871575e-06,1.0,1133.0
5.822279490530491e-06,0.36520519852638245,0.40263286232948303,8.662180334795266e-05,0.00807666964828968,0.008981306105852127,2.5460863980697468e-05,3.006026929597283e-07,3.449814300893195e-07,0.0713881179690361,0.08190015703439713,0.010241818614304066,0.008750105276703835,0.02024771086871624,0.11942143738269806,0.12729637324810028,0.03878643363714218,0.5359463691711426,0.46956777572631836,0.45374685525894165,0.23784397542476654,0.007340783253312111,0.0035154647193849087,8.149158384185284e-05,0.0003267275169491768,0.0027949269860982895,2.359708923904691e-05,0.001246427884325385,0.004395339637994766,0.01856910064816475,0.00260105449706316,0.002848661970347166,0.00045474161743186414,0.0025436566211283207,0.00027935576508753,0.000189817845239304,0.0405433289706707,0.16625535488128662,0.005606550723314285,0.00048266819794662297,0.019296880811452866,0.001312406500801444,0.1030552089214325,0.06493178755044937,0.010398516431450844,0.019876636564731598,0.0027209660038352013,0.011421930976212025,0.00027649273397400975,0.0006042392342351377,7.641709203198843e-07,6.287368705670815e-07,1.0,1134.0
1.1981035186181543e-06,0.0006291440804488957,0.0007102881791070104,0.6381772756576538,0.693248987197876,0.648545503616333,1.878431976365391e-05,6.048072123121528e-07,1.986166580536519e-06,0.0044027287513017654,0.0017973328940570354,0.014315005391836166,0.012370885349810123,0.037067364901304245,0.12058945745229721,0.121071957051754,0.03812307119369507,0.43418702483177185,0.34043174982070923,0.09955336153507233,0.023589013144373894,0.14800675213336945,0.2669541835784912,3.028190076292958e-05,0.005156298633664846,0.5892102718353271,0.0375821515917778,0.01585744135081768,0.03914541378617287,0.006758515723049641,1.3340875284484355e-06,3.237656756027718e-06,0.10151985287666321,0.02796829864382744,0.0022981511428952217,0.003471650183200836,0.0002119742421200499,0.00044214000809006393,0.9973194599151611,0.0035385398659855127,0.04853622987866402,0.21132056415081024,0.004198885057121515,0.0010482873767614365,3.419922123271135e-08,1.8627268616455694e-08,3.5708455925487215e-07,2.098495860991534e-05,7.127720436983509e-06,2.2589729269384407e-06,6.879148713778704e-06,1.8660807654669043e-07,1.0,1135.0
1.0776594763228786e-06,0.00433454429730773,0.0007773886318318546,0.4108193814754486,0.2243812382221222,0.2665116786956787,2.877300721593201e-05,7.643356525477429e-07,1.7847006006377342e-07,0.10541125386953354,0.030939843505620956,0.09501364082098007,0.07232564687728882,0.010520252399146557,0.2859513759613037,0.26715534925460815,0.013386876322329044,0.10253922641277313,0.1221093088388443,0.09439688920974731,0.0909656286239624,0.007725135888904333,0.010197145864367485,0.0002235352440038696,0.02290981449186802,0.06858468800783157,6.303642294369638e-05,0.0010184227721765637,0.0007813809206709266,0.00018592699780128896,0.01791667938232422,0.030375448986887932,0.015271731652319431,0.0012671231525018811,0.02332582324743271,0.024150097742676735,0.0033868507016450167,0.004245828837156296,0.08663266897201538,0.00010483846563147381,0.00792800821363926,0.01141443196684122,0.00727523397654295,0.07499740272760391,2.3042171960696578e-05,1.9715187590918504e-05,0.0006463899626396596,0.005729495082050562,0.0034577585756778717,0.002562763402238488,5.000918918085517e-06,1.5083317066455493e-06,2.0,1136.0
8.412139322899748e-06,0.7709171772003174,0.8395923376083374,2.124165439454373e-05,0.00015116974827833474,0.00013283595035318285,5.534945739782415e-05,7.685304126425763e-07,1.1220813576073851e-06,0.5060849189758301,0.4582444131374359,0.4568352997303009,0.4372706115245819,0.05116010457277298,0.18090802431106567,0.14758923649787903,0.021779285743832588,0.026940014213323593,0.028212664648890495,0.7855978012084961,0.6547871828079224,0.0016288371989503503,0.0005234968848526478,0.0005387409473769367,0.0007545721018686891,0.008680527098476887,8.199373405659571e-05,0.0018442395376041532,0.018499810248613358,0.004516043234616518,0.28044459223747253,0.4647557735443115,0.00025394055410288274,6.210975698195398e-05,0.0015890547074377537,0.0018919097492471337,0.0682826042175293,0.03091822750866413,0.0028624404221773148,0.0023956126533448696,0.07584360986948013,0.01604652963578701,0.03843209892511368,0.005605596117675304,0.0026341222692281008,0.0018427512841299176,0.019229644909501076,0.2921415865421295,0.00020921874966006726,0.00026284781051799655,1.882359811133938e-06,2.0803952338610543e-06,1.0,1137.0
1.6748093685237109e-06,0.0021549956873059273,0.007850922644138336,0.2170339673757553,0.17007862031459808,0.0528387725353241,0.000563714827876538,1.4502002159133554e-06,1.138478296525136e-06,0.20109644532203674,0.1765841543674469,0.06331585347652435,0.07615013420581818,0.11310014128684998,0.024541275575757027,0.03541555628180504,0.14013081789016724,0.1773170679807663,0.14318659901618958,0.4760841131210327,0.2298913598060608,0.005673180799931288,0.0024844929575920105,0.0027179878670722246,0.004055204801261425,0.03245077282190323,5.4881267715245485e-05,0.0008839027723297477,0.005282760132104158,0.006866625044494867,0.0008740698103792965,0.0006693027098663151,0.0066666509956121445,0.0003958915185648948,0.28982728719711304,0.3483036160469055,0.02876933477818966,0.06109945848584175,0.004000593442469835,0.000750813982449472,0.007572778034955263,0.0119624687358737,0.0016421290347352624,0.036046404391527176,0.35826247930526733,0.4425109028816223,0.022886082530021667,0.0708402544260025,0.10747411102056503,0.166240394115448,4.5290635171113536e-06,4.253871338733006e-06,2.0,1138.0
1.6227469359364477e-06,0.017882714048027992,0.03338451310992241,0.0024656434543430805,0.28509050607681274,0.07229702174663544,2.4150212993845344e-05,3.581544092412514e-07,2.1493640645076084e-07,0.08410386741161346,0.17187008261680603,0.15248125791549683,0.1556856781244278,0.06296394020318985,0.06356531381607056,0.06997369229793549,0.06701837480068207,0.08249979466199875,0.05250975117087364,0.49902525544166565,0.3247755765914917,0.015262532979249954,0.001247441046871245,0.00011299503239570186,0.000573952158447355,0.00152289355173707,1.4292358173406683e-05,0.00033141038147732615,0.0011787634575739503,0.004856191575527191,0.2208419293165207,0.17429852485656738,0.0005461502005346119,5.016529030399397e-06,0.0003260974190197885,0.0004720672150142491,0.041956719011068344,0.045257288962602615,0.005103652365505695,0.040115952491760254,0.010778932832181454,0.0020872210152447224,0.02482651174068451,0.012735548429191113,0.0025903438217937946,0.0029537209775298834,0.19358618557453156,0.06605194509029388,0.0003518060257192701,0.0005342651857063174,2.5100739549088757e-06,8.570313525524398e-07,1.0,1139.0
1.3990749721415341e-05,0.002226615557447076,0.00046578882029280066,0.74604332447052,0.34845414757728577,0.40364205837249756,0.00010675299563445151,1.9429016901995055e-06,2.2786562112742104e-06,0.021746614947915077,0.010257254354655743,0.004651940427720547,0.005936796311289072,0.0058380127884447575,0.1724139302968979,0.3051699101924896,0.039737407118082047,0.6169995069503784,0.6229225397109985,0.24115365743637085,0.0216286089271307,0.03802252188324928,0.026896275579929352,0.00010609134187689051,0.0015397993847727776,0.006142259109765291,2.2981950678513385e-05,0.0015002649743109941,0.017154231667518616,0.006114439107477665,0.0673665776848793,0.08175355941057205,0.00021001941058784723,0.0008084073779173195,0.0005867457948625088,0.00046939897583797574,0.12677909433841705,0.0532698817551136,0.0021243272349238396,0.0011112202191725373,0.1468907594680786,0.00666597206145525,0.38555848598480225,0.10016628354787827,0.005707520060241222,0.003369317390024662,0.012645882554352283,0.008794344961643219,0.0003033008542843163,0.00023934045748319477,2.8606507385120494e-06,2.3117888758861227e-06,1.0,1140.0
4.1456314647803083e-07,0.01858663186430931,0.008536497130990028,0.32909420132637024,0.054299067705869675,0.20500335097312927,4.5571173359348904e-06,1.8541453528087004e-06,7.891691780059773e-07,0.7528983950614929,0.3685791492462158,0.7614021301269531,0.7525402903556824,0.39419031143188477,0.0435253344476223,0.022319849580526352,0.3818207383155823,0.0027455934323370457,0.006242962554097176,0.46524420380592346,0.47682708501815796,0.0003287929866928607,0.002951757051050663,0.00019382688333280385,5.710315235774033e-06,0.0006419451674446464,0.03166498616337776,1.4030486454430502e-05,0.003746956354007125,0.0038121503312140703,0.0022010216489434242,0.004247745964676142,0.002987449988722801,0.00024040484277065843,0.003922557458281517,0.010196815244853497,0.01439132820814848,0.008334360085427761,0.42944297194480896,0.0033277671318501234,0.013825205154716969,0.011337724514305592,0.006936640478670597,0.004040262661874294,1.3634491551783867e-05,1.2088832590961829e-05,0.00020696008868981153,0.049563437700271606,3.3897118555614725e-05,1.3677923561772332e-05,2.8477772502810694e-05,1.3781632333120797e-06,1.0,1141.0
1.0621414503475535e-06,0.13037440180778503,0.06848695874214172,0.013305332511663437,0.017872469499707222,0.03812362253665924,8.054517093114555e-05,1.1802241033365135e-06,4.875508921031724e-07,0.20007242262363434,0.07751688361167908,0.35134291648864746,0.35388651490211487,0.0848207101225853,0.04158850014209747,0.04760163277387619,0.09510673582553864,0.015287443995475769,0.017920533195137978,0.32349419593811035,0.23168717324733734,0.002854257356375456,0.006590845063328743,0.00024423981085419655,0.0010508011328056455,0.13624778389930725,0.0010438567260280252,0.0008732973365113139,0.002673767739906907,0.001164318178780377,0.0021350665483623743,0.0016235272632911801,0.011551739647984505,0.003995673730969429,0.051582708954811096,0.06291701644659042,0.015929585322737694,0.006752305198460817,0.014676929451525211,6.550947728101164e-05,0.008134648203849792,0.004669719375669956,0.004078132566064596,0.1394476592540741,0.0007286942563951015,0.00037644640542566776,0.005045912228524685,0.0011711657280102372,0.10559508204460144,0.07501956820487976,1.7445332787247025e-06,2.1226535409368807e-06,1.0,1142.0
6.866256967441586e-07,0.07367575168609619,0.2597639560699463,0.0015855845995247364,0.03869254142045975,0.005932014435529709,5.296569270285545e-06,3.4991418829122267e-07,9.33490369448009e-08,0.04757406562566757,0.06239156052470207,0.020223166793584824,0.013658255338668823,0.24339275062084198,0.015023565851151943,0.013690134510397911,0.26726263761520386,0.3980500400066376,0.3962172865867615,0.38459187746047974,0.4141205847263336,0.014747323468327522,0.007364403456449509,4.436180097400211e-05,0.006658555939793587,0.017757967114448547,6.302866677287966e-05,0.002817105036228895,0.0002812977181747556,0.004308744799345732,0.0004533306637313217,0.0005057202070020139,0.012248554266989231,0.0007474411395378411,0.0015303801046684384,0.0008306486415676773,0.0004558439541142434,0.015612033195793629,0.7817050814628601,0.0028316571842879057,0.04326305165886879,0.022552482783794403,0.019192494451999664,0.011982153169810772,1.3019214293308323e-06,3.0681308089697268e-06,2.3984342988114804e-05,0.00047566700959578156,9.449015124118887e-06,3.162263965350576e-05,4.5589465003104124e-07,3.191317432538199e-07,1.0,1143.0
1.2544851415441372e-06,0.002160225762054324,0.0038058445788919926,0.3178651034832001,0.5261529088020325,0.3576054573059082,2.7566564313019626e-05,1.1220150781809934e-06,4.361642425010359e-07,0.6338557004928589,0.6475261449813843,0.4644719958305359,0.4392479360103607,0.008475780487060547,0.311796098947525,0.3159460127353668,0.01234210841357708,0.01730714738368988,0.013240620493888855,0.523586630821228,0.4330310523509979,0.0010792515240609646,0.0003455932019278407,3.3585194614715874e-05,0.1116335466504097,0.4187167286872864,0.000489228346850723,0.005628644954413176,0.0008759170304983854,0.0028197183273732662,0.0027106497436761856,0.006970211397856474,0.006812346167862415,0.004182206001132727,0.008558204397559166,0.006940767634660006,0.00023762848286423832,0.0037578821647912264,0.9229161739349365,0.0004020421183668077,0.2136668562889099,0.05557155981659889,0.06666986644268036,0.021413486450910568,4.675540665743938e-08,6.36932497855014e-08,5.729969871026697e-06,0.0016858361195772886,2.9818806069670245e-05,3.652957457234152e-05,5.715136467188131e-06,1.3827511793351732e-06,1.0,1144.0
3.6467995414568577e-06,0.10427185893058777,0.10512761026620865,0.0506872683763504,0.012569154612720013,0.012074943631887436,2.005393434956204e-05,4.907252559860353e-07,1.0992498573614284e-06,0.10552231967449188,0.020515887066721916,0.21014833450317383,0.16211490333080292,0.014021558687090874,0.19078329205513,0.18266600370407104,0.015566583722829819,0.037035346031188965,0.06232417747378349,0.1871866136789322,0.35999926924705505,0.005530945491045713,0.02200954034924507,7.916839967947453e-05,0.0049683586694300175,0.00849776528775692,5.9790691011585295e-06,0.0009888545610010624,0.024743448942899704,0.0005798238562420011,0.02244199626147747,0.05604906007647514,0.00019657399388961494,0.00760265626013279,0.0006565512157976627,0.0012059789150953293,0.08425140380859375,0.029225848615169525,0.0026001636870205402,2.505579323042184e-05,0.07901004701852798,0.008195960894227028,0.07549458742141724,0.03713890165090561,0.001007084851153195,0.00048586504999548197,0.00317613803781569,0.021803870797157288,0.00068569032009691,0.0003942806215491146,1.1034533144993475e-06,3.0796925329923397e-06,2.0,1145.0
3.406070845812792e-06,0.02844381146132946,0.024405144155025482,0.03049434721469879,0.09390947967767715,0.078982412815094,3.476956771919504e-05,3.5107976259496354e-07,4.234885295772983e-07,0.0247424878180027,0.033041324466466904,0.02914838120341301,0.03052108734846115,0.031365372240543365,0.0974031314253807,0.09136242419481277,0.03617260977625847,0.2572924792766571,0.24616649746894836,0.37739214301109314,0.25686144828796387,0.02171221934258938,0.009060823358595371,0.00010598870721878484,0.0013714083470404148,0.006904720328748226,1.0499952622922137e-05,0.002906896872445941,0.004473292734473944,0.004057601094245911,0.004505719989538193,0.006655052769929171,0.00042296398896723986,0.0007043022778816521,0.000941687379963696,0.0010210196487605572,0.11691693961620331,0.17305254936218262,0.0022296409588307142,0.000513247330673039,0.024002524092793465,0.002345734043046832,0.023801930248737335,0.008191508240997791,0.004645345266908407,0.006650445982813835,0.0034291718620806932,0.027588926255702972,6.907959323143587e-05,7.533853204222396e-05,1.0780449883895926e-06,1.5380221611849265e-06,1.0,1146.0
1.8647194792720256e-06,0.055811040103435516,0.06198927015066147,0.027873853221535683,0.03383006528019905,0.05185844749212265,0.0002096274693030864,1.9212498045817483e-06,2.0427480649232166e-06,0.04706162214279175,0.014738540165126324,0.09828008711338043,0.09641160815954208,0.03653295338153839,0.08864370733499527,0.09009524434804916,0.04821372032165527,0.09631314873695374,0.12095405161380768,0.24796129763126373,0.13939569890499115,0.019512882456183434,0.04420756921172142,0.002088524866849184,0.0012189947301521897,0.03676264360547066,0.00017341096827294677,0.000312021526042372,0.009550798684358597,8.484283171128482e-05,0.4241604208946228,0.5964627861976624,0.0075922440737485886,0.09205389767885208,0.0781240314245224,0.19460724294185638,0.004181025084108114,0.0009699197253212333,0.02586429938673973,2.507132990103855e-07,0.004286322742700577,0.001910987077280879,0.0010437298333272338,0.026399794965982437,0.00133672752417624,0.0003862252342514694,0.08525847643613815,0.1500120609998703,0.10408217459917068,0.03146522864699364,8.41130440676352e-06,7.267435194080463e-06,2.0,1147.0
2.3882449795564753e-07,0.027272166684269905,0.043982379138469696,0.0700705423951149,0.05746711045503616,0.02695459872484207,1.9003948182216845e-05,1.6282133685763256e-07,1.671677267722771e-07,0.17756372690200806,0.1910182535648346,0.15824231505393982,0.17431151866912842,0.010489057749509811,0.3118428885936737,0.31075382232666016,0.011270436458289623,0.07024931162595749,0.05711275339126587,0.48258671164512634,0.3095223903656006,0.0041636256501078606,0.00291660544462502,0.0005530832568183541,6.738449883414432e-05,0.0010947884293273091,5.116866668686271e-05,0.00013977060734760016,0.0007980433292686939,0.0043496075086295605,0.001989697339013219,0.0014700511237606406,0.0012808346655219793,0.001108371070586145,0.0025627403520047665,0.001930638449266553,0.00762178422883153,0.029878918081521988,0.010275308042764664,0.00016669314936734736,0.0009680732036940753,0.0005141615401953459,0.0007749043288640678,0.0031637840438634157,0.06550941616296768,0.12129363417625427,0.12507665157318115,0.14351187646389008,0.000508374476339668,0.0012946265051141381,2.4248467980214627e-06,3.695156749472517e-07,1.0,1148.0
1.752721118464251e-06,0.0020972033962607384,0.0013672306668013334,0.28439876437187195,0.27726849913597107,0.3190052807331085,1.4868780453980435e-05,3.4163406326115364e-07,3.6351741528051207e-07,0.4233391284942627,0.45607680082321167,0.6587156057357788,0.6475400924682617,0.013948965817689896,0.29009851813316345,0.2944967448711395,0.012089354917407036,0.005842262413352728,0.004479242023080587,0.17127357423305511,0.24282792210578918,0.0011313067516312003,0.0008691578404977918,1.2854267879447434e-05,0.0017505508149042726,0.006560568232089281,1.7380785720888525e-05,0.001203128369525075,0.0019343458116054535,0.00577390706166625,0.01830662228167057,0.013769851997494698,8.142284787027165e-05,0.011153219267725945,7.851332338759676e-05,3.855036629829556e-05,0.1114998385310173,0.13126423954963684,0.0006776349036954343,7.338110299315304e-05,0.04037801921367645,0.00848380383104086,0.36227965354919434,0.09710253030061722,0.009236837737262249,0.00842646136879921,0.024984143674373627,0.007731147110462189,0.0012652978766709566,0.0024375985376536846,9.87822772913205e-07,7.181666887845495e-07,1.0,1149.0
2.512967284928891e-06,0.6014701128005981,0.5694913268089294,0.0004558757063932717,0.0007995732594281435,0.0006139161414466798,8.290596269944217e-06,2.0750361784394045e-07,2.8036174626322463e-07,0.22855883836746216,0.15280556678771973,0.10371850430965424,0.08680447190999985,0.004042118787765503,0.47068068385124207,0.4733806848526001,0.0032616339158266783,0.10553222894668579,0.12049262970685959,0.45627135038375854,0.46934187412261963,0.0030234036967158318,0.0019998594652861357,0.0001004305959213525,0.0005217986181378365,0.00086705427384004,1.1488943528092932e-05,0.00012284524564165622,0.011854886077344418,0.0015045525506138802,0.03654460608959198,0.061255522072315216,0.00020286371000111103,0.0005784177337773144,0.00022981765505392104,0.00032044004183262587,0.0724475234746933,0.038865234702825546,0.00432129530236125,0.0006717463256791234,0.01076024305075407,0.001876317779533565,0.09346339851617813,0.03675810992717743,0.003105566604062915,0.002173710148781538,0.0067123048938810825,0.028533563017845154,0.0003944577183574438,0.00041950505692511797,2.440897333144676e-06,9.170574344352644e-07,2.0,1150.0
1.1421452654758468e-06,0.008104337379336357,0.0114208422601223,0.03043539822101593,0.43142858147621155,0.2569176256656647,6.395111267920583e-05,2.65886313854935e-07,1.4986649148340803e-06,0.00825507938861847,0.0032953026238828897,0.04688696190714836,0.02843111753463745,0.0759192630648613,0.2533131539821625,0.07035450637340546,0.011619515717029572,0.2271982878446579,0.29536813497543335,0.07949687540531158,0.036086056381464005,0.10324601829051971,0.2227187156677246,0.0003910861851181835,0.37658417224884033,0.31716203689575195,0.00022279011318460107,0.0024992204271256924,0.006990512832999229,0.017599333077669144,0.0001569552841829136,0.0002254717837786302,0.06442234665155411,0.39595186710357666,0.1593100130558014,0.10158491879701614,0.0009729567682370543,0.00455517740920186,0.5321902632713318,1.5777058024468715e-06,0.02030261978507042,0.022425446659326553,0.001111910562030971,0.00890397373586893,5.63000003239722e-06,4.819879450224107e-06,2.0005263650091365e-05,0.0006770751206204295,0.0001554411865072325,5.964229421806522e-05,5.736793809774099e-06,1.068052142727538e-06,1.0,1151.0
3.3814378639362985e-06,0.40244823694229126,0.4490179121494293,4.0263090340886265e-05,0.011203823611140251,0.004982380662113428,1.991594945138786e-05,1.3758712213984836e-07,3.275033009231265e-07,0.6603199243545532,0.5448687076568604,0.6478909850120544,0.6548170447349548,0.016889328137040138,0.29469403624534607,0.2939446270465851,0.0064651551656425,0.007568357512354851,0.007804641034454107,0.6705890893936157,0.6563551425933838,0.0004452886350918561,0.00029478504438884556,4.228566467645578e-05,0.00015790383622515947,0.005739829037338495,0.0001932072773342952,0.0012912142556160688,0.03257600590586662,0.09317108243703842,0.0016981586813926697,0.0024501734878867865,3.499554077279754e-05,0.00023467131541110575,0.0002207100624218583,0.00017494638450443745,0.24393904209136963,0.44956955313682556,0.0002045689179794863,0.0020115256775170565,0.08151739090681076,0.0285014808177948,0.24666763842105865,0.011606832966208458,0.014651940204203129,0.021365880966186523,0.0020297751761972904,0.019148310646414757,8.789296407485381e-05,0.00014347776595968753,3.2832107876856753e-07,5.075987132840964e-07,1.0,1152.0
5.503109150595265e-07,0.00026813262957148254,0.0001439333864254877,0.521807074546814,0.7514872550964355,0.6828965544700623,6.709447916364297e-05,6.161810119920119e-07,1.599130143858929e-07,0.043554872274398804,0.032915063202381134,0.056127190589904785,0.08173273503780365,0.08875278383493423,0.06076764687895775,0.05299171060323715,0.08728697896003723,0.21710285544395447,0.12807714939117432,0.5436115264892578,0.037834398448467255,0.03793373703956604,0.013544821180403233,0.0001228501641890034,0.08061394840478897,0.0675308033823967,1.3680532902071718e-05,0.0053741661831736565,4.245177115080878e-05,0.0048943087458610535,0.20824813842773438,0.17088846862316132,0.0014239115407690406,3.510524402372539e-05,0.026239583268761635,0.008435342460870743,0.00046188142732717097,0.03219655156135559,0.08897630870342255,0.0060449084267020226,0.07723354548215866,0.038279399275779724,0.01419447548687458,0.002933648880571127,2.129027507180581e-06,4.80428616356221e-06,0.0008616966078989208,0.004675229545682669,3.746170477825217e-05,0.00010826397192431614,2.8236343041498912e-06,1.0336250397813274e-06,1.0,1153.0
5.668880476150662e-07,0.0002602919121272862,0.0026099805254489183,0.7458463907241821,0.4817684292793274,0.060839999467134476,0.00013711961219087243,1.2079968882972025e-06,1.7601239221676224e-07,0.5665643215179443,0.7635946869850159,0.23656518757343292,0.2571444511413574,0.006092891562730074,0.3882519602775574,0.4116005003452301,0.007942911237478256,0.06359963119029999,0.029994864016771317,0.6266744136810303,0.28144052624702454,0.002882178872823715,0.0001319751318078488,0.000693033798597753,0.04768316075205803,0.30022165179252625,0.00017988955369219184,0.0015833057695999742,0.0003835127572529018,0.0029571112245321274,0.08046965301036835,0.1431843340396881,0.0058891926892101765,5.9697311371564865e-05,0.14023129642009735,0.14051318168640137,0.0005365660763345659,0.007309307809919119,0.0787588506937027,0.002460553776472807,0.012315730564296246,0.008612383157014847,0.003166796173900366,0.011591717600822449,1.8906746845459566e-05,4.409902248880826e-05,0.0005852876929566264,0.09145806729793549,0.0009028546628542244,0.0017692407127469778,1.5427100152010098e-05,1.928723349919892e-06,2.0,1154.0
3.1256229249265743e-06,0.0954735055565834,0.05364708974957466,0.012242693454027176,0.01361820101737976,0.051605332642793655,0.0008088116301223636,4.306215032556793e-06,1.5763132523716195e-06,0.1434253603219986,0.11172303557395935,0.04196493327617645,0.04198573902249336,0.12248411029577255,0.03175964206457138,0.041469551622867584,0.14187268912792206,0.27591297030448914,0.2540108859539032,0.5080508589744568,0.3548697829246521,0.007113688625395298,0.0070801787078380585,0.004123198799788952,0.005064263939857483,0.022885361686348915,0.0001365914795314893,0.00032117284717969596,0.00405530259013176,0.0024167026858776808,0.001558107789605856,0.0014508451567962766,0.025770341977477074,0.005280693061649799,0.5082617998123169,0.6373429298400879,0.01902615651488304,0.038086533546447754,0.01007293164730072,3.671732702059671e-05,0.003414937760680914,0.011401468887925148,0.002210742561146617,0.05287139117717743,0.782611608505249,0.7328333854675293,0.02555970288813114,0.03902938589453697,0.29750677943229675,0.22852914035320282,4.744131729239598e-06,1.170842551800888e-05,1.0,1155.0
2.6916572437585273e-07,0.0012681905645877123,0.0051970225758850574,0.21802805364131927,0.43866369128227234,0.0798414871096611,1.1719450412783772e-05,8.060894174377609e-08,9.049477256439786e-08,0.03692846745252609,0.07327388226985931,0.012489505112171173,0.06308791041374207,0.010006639175117016,0.22865237295627594,0.29434460401535034,0.03061458095908165,0.44107770919799805,0.2549964487552643,0.5859684944152832,0.13627034425735474,0.03207136318087578,0.004945436958223581,3.877915514749475e-05,0.07930095493793488,0.010279358364641666,3.7542815789493034e-06,0.0019075187155976892,0.0008370459545403719,0.0009214938036166131,0.0017147811595350504,0.0013784451875835657,0.0026825773529708385,0.0021147732622921467,0.0013634259812533855,0.0009291389142163098,0.003967525903135538,0.017271719872951508,0.5229341983795166,0.0003866214246954769,0.06756814569234848,0.015354393050074577,0.06872275471687317,0.007821129634976387,1.957917675099452e-06,1.7289954712396138e-06,0.00018810800975188613,0.00022602325771003962,9.6062021839316e-06,2.364601823501289e-05,7.497401384171098e-07,1.4540691495312785e-07,1.0,1156.0
2.19593130168505e-06,0.009882613085210323,0.008328808471560478,0.08917546272277832,0.3431607484817505,0.2517642080783844,0.0001527058775536716,2.675572432053741e-06,1.8456051975590526e-06,0.013864045962691307,0.00313468836247921,0.05551591143012047,0.051167357712984085,0.025249458849430084,0.08595602214336395,0.10253433883190155,0.04274887219071388,0.12234529107809067,0.13885332643985748,0.03948291391134262,0.021723339334130287,0.043529484421014786,0.11090397089719772,0.0005675633437931538,0.00874180905520916,0.2613316476345062,0.0005678772577084601,0.000399931101128459,0.0020431962329894304,0.00043353208457119763,0.06462324410676956,0.14445050060749054,0.03178629279136658,0.014912841841578484,0.2175399214029312,0.2363327294588089,0.0014454398769885302,0.0034435612615197897,0.055334966629743576,6.789131020923378e-06,0.00879395380616188,0.0032614616211503744,0.0034094166476279497,0.1577831655740738,0.0003488018992356956,0.0003553392016328871,0.0022847717627882957,0.05653800815343857,0.09782154113054276,0.050387751311063766,1.2112383956264239e-05,1.0065770766232163e-05,1.0,1157.0
4.311483280616812e-06,0.20986825227737427,0.25423097610473633,0.0009917218703776598,0.012740623205900192,0.008834726177155972,1.5641609934391454e-05,3.319815391478187e-07,7.578358918181038e-07,0.06420918554067612,0.07681619375944138,0.01008991152048111,0.010814208537340164,0.021084241569042206,0.11965512484312057,0.12030687183141708,0.03729754686355591,0.55774986743927,0.5593342781066895,0.615567684173584,0.35479843616485596,0.01055421307682991,0.007549384143203497,3.9718699554214254e-05,0.0007294620154425502,0.005037765018641949,9.533370030112565e-05,0.0008428654982708395,0.011074134148657322,0.003539464669302106,0.001597880502231419,0.003273164387792349,0.0006287324940785766,0.022482065483927727,0.0006873852107673883,0.0006452285451814532,0.02112690918147564,0.07727555930614471,0.07397294789552689,4.0245853597298265e-05,0.12898841500282288,0.013457045890390873,0.2080889642238617,0.019511472433805466,6.930723611731082e-05,7.293364615179598e-05,0.0001555887283757329,0.005339711904525757,1.3788459909847006e-05,1.5382351193693466e-05,9.215541467710864e-07,6.645592520726495e-07,1.0,1158.0
2.336945499337162e-06,0.10197781771421432,0.5460295081138611,0.002431063214316964,0.04380619898438454,0.007296693045645952,0.00017896720964927226,1.219101363858499e-06,1.7326566421616008e-06,0.1004256159067154,0.25328826904296875,0.17992740869522095,0.5518430471420288,0.5012091398239136,0.0003245348925702274,0.012610928155481815,0.8109549880027771,0.06310809403657913,0.006457278970628977,0.514986515045166,0.10766102373600006,0.012006490491330624,0.002381165511906147,0.001078895409591496,0.0007474871817976236,0.0131848668679595,4.737358904094435e-05,0.0005984397139400244,0.004341060761362314,0.0015866908943280578,0.09020087867975235,0.1100190058350563,0.0008530659251846373,0.00014534291403833777,0.010329133830964565,0.017934419214725494,0.12242662906646729,0.03647150471806526,0.0005180046427994967,0.0005755763850174844,0.009785651229321957,0.009488805197179317,0.0039037480019032955,0.008821258321404457,0.027560049667954445,0.015520009212195873,0.27714502811431885,0.4569775462150574,0.01601419411599636,0.023866357281804085,2.545396455388982e-06,1.0020582521974575e-05,2.0,1159.0
1.7592864764992555e-07,0.009476958774030209,0.009041264653205872,0.18628594279289246,0.14569495618343353,0.12117613852024078,9.293593393522315e-06,1.349888805179944e-07,9.956474400496518e-08,0.059530239552259445,0.05606392025947571,0.18887093663215637,0.20090904831886292,0.5381751656532288,0.003597099334001541,0.0062725436873734,0.5203192234039307,0.038498446345329285,0.035839781165122986,0.3016464412212372,0.16722430288791656,0.011242838576436043,0.008080568164587021,3.618548726080917e-05,0.03149938955903053,0.009884512051939964,7.689198355365079e-06,0.0011548199690878391,0.0044330451637506485,0.02609528787434101,2.3325783331529237e-05,1.4069275493966416e-05,0.0017818170599639416,0.003570970380678773,0.0009280041558668017,0.000561956490855664,0.01677955687046051,0.05791975185275078,0.17374356091022491,0.001201794482767582,0.0623001903295517,0.02449014224112034,0.020621193572878838,0.0037023653276264668,2.5492861823295243e-05,2.0615460016415454e-05,0.00021666113752871752,4.042464206577279e-05,1.0515504982322454e-05,1.5514457118115388e-05,3.0362764391611563e-07,1.1823021139889534e-07,1.0,1160.0
1.7672750800556969e-06,0.282075434923172,0.22698922455310822,0.001508374116383493,0.02195119857788086,0.02095790021121502,1.087332839233568e-05,4.1628572944318876e-07,3.2794679327707854e-07,0.13718363642692566,0.12794989347457886,0.1392282098531723,0.13306064903736115,0.08125340193510056,0.01998448558151722,0.060335710644721985,0.1832362711429596,0.06177828088402748,0.06233210861682892,0.3803230822086334,0.5524687170982361,0.0033596421126276255,0.0029873589519411325,9.494957339484245e-06,0.006821224000304937,0.03691974654793739,7.800199091434479e-05,0.003807388711720705,0.0007654038490727544,0.002298415871337056,0.0014831023290753365,0.002050560899078846,0.0005678964080289006,0.002420691540464759,0.0007219803519546986,0.0005713682039640844,0.0038486304692924023,0.013750070706009865,0.4726930558681488,0.0005639716400764883,0.571677565574646,0.12331338971853256,0.21135708689689636,0.01563117839396,6.250815545172372e-07,5.414542556536617e-07,5.554494055104442e-05,0.00046687014400959015,5.83221572014736e-06,1.706940747681074e-05,2.970490413645166e-07,5.672325187333627e-07,1.0,1161.0
7.874588163758744e-07,0.34148138761520386,0.3091181814670563,0.003149737836793065,0.004198914393782616,0.004090365022420883,5.900130872760201e-06,5.553761184273753e-08,1.9295147524189815e-07,0.2374453991651535,0.28613749146461487,0.4350857436656952,0.45022106170654297,0.008265228010714054,0.2644268572330475,0.2986408472061157,0.025790121406316757,0.02139134518802166,0.014907813630998135,0.37360963225364685,0.2730823755264282,0.0040072305127978325,0.0019496637396514416,7.608602572872769e-06,0.003139304928481579,0.023506706580519676,0.0003640920331235975,0.005227304995059967,0.006870206445455551,0.008819978684186935,4.125798568566097e-06,5.158823114470579e-06,0.001016016467474401,0.0022241612896323204,6.387212488334626e-05,5.287945896270685e-05,0.010052450001239777,0.0062939864583313465,0.6330796480178833,0.011765641160309315,0.18974237143993378,0.3095824718475342,0.08575848489999771,0.004556807689368725,1.0588585155346664e-06,6.402070766853285e-07,1.1293321222183295e-05,2.559202584961895e-05,3.0867142868373776e-06,4.036679911223473e-06,4.0113528143592703e-07,1.1322649839939913e-07,1.0,1162.0
3.982573844041326e-07,0.0018298092763870955,0.0020635880064219236,0.4008609652519226,0.23303702473640442,0.34132692217826843,1.1351901775924489e-05,4.1106522985501215e-07,3.037214639789454e-07,0.32213348150253296,0.1809672862291336,0.33031412959098816,0.3053313195705414,0.005216086748987436,0.2009022831916809,0.3357883393764496,0.031829237937927246,0.0208293367177248,0.024754377081990242,0.24178895354270935,0.4090721607208252,0.002285806694999337,0.0031494235154241323,7.15805945219472e-05,0.0006346560548990965,0.0018283622339367867,0.00016822187171783298,4.752236054628156e-05,0.0022459528408944607,0.006942019797861576,0.0025802995078265667,0.0013938023475930095,0.00031445175409317017,0.00017384588136337698,0.0007791607640683651,0.0015995342982932925,0.061367157846689224,0.017241038382053375,0.029161501675844193,0.00952949095517397,0.020521510392427444,0.003654227824881673,0.03034844808280468,0.01879756711423397,0.00013427894737105817,5.6976714404299855e-05,0.002142295939847827,0.0003442285815253854,5.468780000228435e-05,8.256280852947384e-05,4.3938321141467895e-06,5.678701313627244e-07,1.0,1163.0
1.0681897038011812e-06,0.0006193653680384159,0.000313008000375703,0.5994089841842651,0.5998053550720215,0.5555209517478943,9.765374124981463e-05,2.3459667772840476e-06,4.605582546446385e-07,0.09055257588624954,0.06250134110450745,0.10685005784034729,0.11396516114473343,0.23048149049282074,0.0129838353022933,0.025312773883342743,0.23185111582279205,0.0815935879945755,0.08552122116088867,0.2985917031764984,0.07996170222759247,0.010721150785684586,0.010319803841412067,0.0009104034397751093,0.0007742587476968765,0.001186428708024323,7.989577170519624e-06,4.272041405783966e-05,0.0033855412621051073,0.0031317570246756077,0.2617432773113251,0.28107866644859314,0.0012730362359434366,0.0005363060045056045,0.006262730807065964,0.009950614534318447,0.01624794490635395,0.008917032741010189,0.018723072484135628,0.0002913361240644008,0.0035357249435037374,0.00027254357701167464,0.00936063751578331,0.04982026666402817,0.023346533998847008,0.015071190893650055,0.18104039132595062,0.23526078462600708,0.02747269533574581,0.028187137097120285,1.9430777683737688e-05,2.1459795789269265e-06,1.0,1164.0
3.046104211534839e-06,0.20606155693531036,0.17413659393787384,0.0007085040560923517,0.021042492240667343,0.011703054420650005,0.0019144343677908182,5.1797997002722695e-06,6.530046334773942e-07,0.0899549275636673,0.062003470957279205,0.010666994377970695,0.011312805116176605,0.023243149742484093,0.11490247398614883,0.1157255545258522,0.0416170172393322,0.5474871397018433,0.5626708269119263,0.5789098739624023,0.33717042207717896,0.010027928277850151,0.011812642216682434,0.003935551270842552,0.002899370389059186,0.4614183008670807,0.004253068007528782,0.00026208083727397025,0.0063136848621070385,0.12639164924621582,0.1197751984000206,0.13704855740070343,0.048817384988069534,2.112789297825657e-05,0.8671873807907104,0.8137062788009644,0.0018497769488021731,0.007905391044914722,0.03772761672735214,0.00325410976074636,0.0010004205396398902,0.001035355613566935,0.0011732844868674874,0.0837671086192131,0.03567241504788399,0.08636363595724106,0.018570659682154655,0.12099793553352356,0.10716647654771805,0.21541030704975128,1.742985114105977e-05,1.339224399998784e-05,1.0,1165.0
1.2265778650544235e-06,0.00014258867304306477,0.00021007827308494598,0.8252396583557129,0.6823552846908569,0.3047584891319275,5.959821010037558e-06,8.86986470050033e-07,6.776347731829446e-07,0.022345460951328278,0.02066807821393013,0.01262284442782402,0.023141812533140182,0.08612796664237976,0.3468855321407318,0.07221516966819763,0.006885547190904617,0.4733045995235443,0.3285118341445923,0.06683918833732605,0.07558440417051315,0.03176551312208176,0.03960578143596649,3.019711766683031e-05,0.0005590255022980273,0.014788076281547546,0.0006555476575158536,0.0022289303597062826,0.0018616510787978768,0.002912722760811448,0.00037960251211188734,0.0007596688810735941,0.0037481493782252073,0.0006633916054852307,0.0008223666809499264,0.0008093551150523126,0.002028050133958459,0.0058731017634272575,0.6023176908493042,0.012266762554645538,0.10581593215465546,0.02157323807477951,0.15317408740520477,0.09189357608556747,2.9518455448851455e-06,4.456292572285747e-06,2.0961497284588404e-05,0.0013700493145734072,0.00021303027460817248,0.0003311839245725423,3.998266492999392e-06,1.3079878158350766e-07,1.0,1166.0
9.13645976652333e-07,0.1294509917497635,0.0899677723646164,0.004676708020269871,0.03687475621700287,0.03301588073372841,3.841022407868877e-05,7.739976126686088e-07,5.40978362550959e-07,0.05758444219827652,0.03381500393152237,0.2253178060054779,0.23915760219097137,0.2147703319787979,0.020710274577140808,0.011629278771579266,0.22547659277915955,0.03314957022666931,0.029997102916240692,0.3263387084007263,0.13289380073547363,0.013090524822473526,0.016843102872371674,8.096510282484815e-05,0.005056650843471289,0.24431756138801575,0.0028195425402373075,0.0024922725278884172,0.000530930410604924,0.0005083999712951481,0.0006765945581719279,0.0005520341219380498,0.026549464091658592,0.0023379146587103605,0.01907808892428875,0.026633894070982933,0.002574129030108452,0.0014424381079152226,0.6778590679168701,0.00045508964103646576,0.04734146595001221,0.07748193293809891,0.0036548057105392218,0.020471731200814247,9.247816024071653e-07,3.9338937085631187e-07,0.00026102998526766896,0.00013944671081844717,0.00015944632468745112,0.00013191701145842671,2.457895789120812e-06,1.0755074981716461e-06,1.0,1167.0
1.4337244465423282e-05,0.042625270783901215,0.027896281331777573,0.09567364305257797,0.06988054513931274,0.12445919215679169,0.0010308680357411504,1.0872776101678028e-06,9.166594281850848e-06,0.02785917930305004,0.006072052288800478,0.09137137979269028,0.12323936820030212,0.06220540404319763,0.04182035103440285,0.06967370957136154,0.1044025719165802,0.09480848163366318,0.0676366537809372,0.43748801946640015,0.02101845294237137,0.03779440000653267,0.037783727049827576,0.002096821554005146,0.005227567628026009,0.09030856937170029,0.00012349522148724645,0.007901506498456001,0.05058784782886505,0.005425947718322277,0.00037063637864775956,0.0007014434668235481,0.0011203980538994074,0.0005573517410084605,0.09106026589870453,0.21822626888751984,0.27223309874534607,0.1334829479455948,0.0006977537414059043,0.00040225678822025657,0.048776593059301376,0.0492154061794281,0.0027124935295432806,0.006377820856869221,0.13625454902648926,0.11919713020324707,0.005336415953934193,0.3920440673828125,0.005631315056234598,0.004593736957758665,2.6199343210464576e-06,1.3389613741310313e-05,1.0,1168.0
8.262340088549536e-06,0.0015644088853150606,0.0014390972210094333,0.7113437056541443,0.09401798993349075,0.055573273450136185,0.0003058209258597344,9.348626917926595e-06,2.7112912448501447e-06,0.030906038358807564,0.042255427688360214,0.012901530601084232,0.016573727130889893,0.0035350946709513664,0.3454080820083618,0.34110209345817566,0.015973476693034172,0.451861709356308,0.44527313113212585,0.415993332862854,0.24777689576148987,0.019061485305428505,0.015364360064268112,0.0012648218544200063,0.001194368815049529,0.17244865000247955,0.0014106009621173143,0.0018162420019507408,0.013312069699168205,0.004260101355612278,0.007786019705235958,0.014857101254165173,0.01804940029978752,0.0005122385919094086,0.11295268684625626,0.22939181327819824,0.016692010685801506,0.022120237350463867,0.0072144134901463985,0.000403365382226184,0.020061755552887917,0.002817031228914857,0.012856174260377884,0.21006456017494202,0.003457339247688651,0.005944551434367895,0.0010960891377180815,0.056046899408102036,0.07024973630905151,0.07200244814157486,5.5597402024432085e-06,6.567187483597081e-06,1.0,1169.0
1.5787413758516777e-06,0.33552372455596924,0.45579901337623596,3.5235509130870923e-05,0.012671765871345997,0.005719715729355812,0.001882739714346826,1.208180037792772e-06,5.965269451735367e-07,0.16086558997631073,0.14919055998325348,0.06139163672924042,0.06230728700757027,0.059819817543029785,0.09232672303915024,0.06349143385887146,0.04962530732154846,0.1817789524793625,0.199054554104805,0.782940685749054,0.6616545915603638,0.004521476570516825,0.002117724856361747,0.0037294235080480576,0.03135593235492706,0.20077824592590332,0.00021387936430983245,0.0002868904557544738,0.002710148226469755,0.01428459957242012,0.012111243791878223,0.00944043044000864,0.0280165895819664,0.0004461496719159186,0.7623608112335205,0.8295480012893677,0.0024826866574585438,0.006944566965103149,0.02189803496003151,8.238891314249486e-05,0.0013657361268997192,0.003754351055249572,0.0013298240955919027,0.03646960109472275,0.5192692875862122,0.554972231388092,0.03134095296263695,0.022811906412243843,0.4518590271472931,0.5345652103424072,2.6867382985074073e-06,5.9105664149683435e-06,1.0,1170.0
6.811608272982994e-07,0.270852655172348,0.25940170884132385,0.0019841771572828293,0.003131874604150653,0.009116014465689659,2.4831315386109054e-05,7.93223307482549e-07,8.978082632893347e-07,0.3526965379714966,0.21718451380729675,0.3470718562602997,0.3013831079006195,0.33755332231521606,0.014354635030031204,0.012910605408251286,0.35183629393577576,0.03400607779622078,0.046263258904218674,0.47792842984199524,0.5285756587982178,0.0012540868483483791,0.003999810665845871,0.00018187830573879182,0.0020159215200692415,0.0005871651228517294,1.089741363102803e-05,6.295021739788353e-05,0.0014053208287805319,0.009766945615410805,0.0381438322365284,0.021990302950143814,0.0002160966832889244,0.010452132672071457,0.0004718173004221171,0.0003544620703905821,0.016353735700249672,0.060604359954595566,0.0022538620978593826,1.2903162314614747e-05,0.015468643978238106,0.0041980077512562275,0.041913218796253204,0.019247306510806084,0.2970007658004761,0.2422245740890503,0.6931491494178772,0.1755482405424118,0.00047963319229893386,0.0004888479015789926,6.195745640980022e-07,1.0240684105156106e-06,2.0,1171.0
5.434384092950495e-06,0.47710803151130676,0.644359827041626,1.997234176087659e-05,0.009685229510068893,0.003621630370616913,0.001224803039804101,2.152027491320041e-06,9.871080237644492e-07,0.2526128888130188,0.24114494025707245,0.09189564734697342,0.10636547207832336,0.0006841162103228271,0.6170533895492554,0.6194024085998535,0.006554898805916309,0.12987205386161804,0.09997043013572693,0.596184492111206,0.41594958305358887,0.004049146082252264,0.001824172679334879,0.0038200137205421925,0.001132043544203043,0.01919439807534218,0.0010708719491958618,0.00022116971376817673,0.005910069216042757,0.014380881562829018,0.004947084933519363,0.004212978295981884,0.0391000397503376,0.00010149008448934183,0.40302079916000366,0.4971620738506317,0.007436459884047508,0.014028402976691723,0.06715694069862366,0.0017232125392183661,0.0059306141920387745,0.0017126788152381778,0.007994863204658031,0.25025057792663574,0.38073208928108215,0.4314187169075012,0.006664311047643423,0.01471093762665987,0.5358517169952393,0.6374580264091492,4.6624904825876e-06,8.177685231203213e-06,1.0,1172.0
9.660623163654236e-07,1.4478355296887457e-05,1.2824672012357041e-05,0.8521320223808289,0.9641717076301575,0.9036820530891418,0.00013746929471381009,6.979154477448901e-06,9.782118013390573e-07,0.003593746107071638,0.003853099187836051,0.1250687539577484,0.13999523222446442,0.025789692997932434,0.2230011522769928,0.19402863085269928,0.008548048324882984,0.07906462252140045,0.07357961684465408,0.03265489265322685,0.04242110624909401,0.1467934399843216,0.17458783090114594,0.0006079252925701439,0.0008987272158265114,0.05843500792980194,0.0003427979536354542,0.0005640230374410748,0.0015835831873118877,0.009239623323082924,0.03753628954291344,0.042533278465270996,0.040158309042453766,0.00012195658928249031,0.09786716848611832,0.09554696083068848,0.0016688726609572768,0.006060600746423006,0.1002398207783699,0.002745145931839943,0.004574795253574848,0.000546545721590519,0.006332083139568567,0.15431301295757294,0.002530006691813469,0.004406132735311985,0.004145151004195213,0.0267352182418108,0.2822198271751404,0.37531477212905884,1.1100428309873678e-05,1.724720505080768e-06,1.0,1173.0
3.6172087902741623e-07,0.0058088600635528564,0.0010859856847673655,0.182566836476326,0.34462621808052063,0.16295264661312103,0.0003319226379971951,2.4927408048824873e-06,3.710985083671403e-07,0.30314701795578003,0.3463992774486542,0.6563676595687866,0.6614938974380493,0.24398760497570038,0.023754339665174484,0.023024622350931168,0.2448681741952896,0.01207626424729824,0.008010350167751312,0.34770599007606506,0.23645256459712982,0.00680877547711134,0.0019003655761480331,0.006582526955753565,0.010037505067884922,0.05300092697143555,0.00021339724480640143,7.15551504981704e-05,0.0010527295526117086,0.003276283387094736,0.021458731964230537,0.040329016745090485,0.019493980333209038,0.0012790329055860639,0.7876168489456177,0.6820523738861084,0.002372870221734047,0.0245467908680439,0.009740988723933697,2.3988461180124432e-05,0.0037182255182415247,0.0016542806988582015,0.0015986069338396192,0.04879412800073624,0.010848022997379303,0.020196016877889633,0.027847057208418846,0.5607035756111145,0.22044701874256134,0.36802589893341064,1.7607155314181e-05,5.29415046912618e-06,2.0,1174.0
9.25804329199309e-07,0.01020769216120243,0.006971488706767559,0.07469754666090012,0.36183369159698486,0.32706087827682495,1.1883744264196139e-05,1.8439568805206363e-07,6.268204515436082e-07,0.038880281150341034,0.016775168478488922,0.10212136059999466,0.10853502154350281,0.28632453083992004,0.007871193811297417,0.018740957602858543,0.28582996129989624,0.07560988515615463,0.07937244325876236,0.2594541311264038,0.08647405356168747,0.015233907848596573,0.03523758798837662,1.065793912857771e-05,0.0034574212040752172,0.031537026166915894,0.00019326346227899194,0.004791422747075558,0.0029526681173592806,0.001411697012372315,0.00014200751320458949,0.00023495654750149697,0.0006436359835788608,0.005183021537959576,0.0005433046608231962,0.0005967242177575827,0.016326766461133957,0.010996024124324322,0.42216983437538147,0.0006939310696907341,0.30263179540634155,0.21654297411441803,0.03910341486334801,0.0016951210564002395,9.447685442864895e-07,5.715456268262642e-07,3.8234618841670454e-05,0.0002593112294562161,1.497024982199946e-06,1.842676965679857e-06,8.58179646456847e-07,3.916662763003842e-07,1.0,1175.0
2.1393241240730276e-06,0.008440744131803513,0.011108149774372578,0.101332888007164,0.24267032742500305,0.12129537016153336,9.444785246159881e-05,1.3612007023766637e-06,1.6631838661851361e-06,0.0029603454750031233,0.0008728131651878357,0.2167319655418396,0.22433653473854065,0.22881093621253967,0.013104263693094254,0.013789656572043896,0.23413918912410736,0.03358194977045059,0.02910478599369526,0.024115582928061485,0.003637873800471425,0.18749181926250458,0.1995369791984558,0.00016801296442281455,0.0158418957144022,0.5588509440422058,0.001649379264563322,0.0017699962481856346,0.002414328744634986,0.013138292357325554,0.00813497044146061,0.014923668466508389,0.01871722936630249,0.0013930817367509007,0.06462355703115463,0.05714980512857437,0.0014938170788809657,0.029676908627152443,0.07004614919424057,0.00023652066010981798,0.011045683175325394,0.002727618208155036,0.012101748958230019,0.15078632533550262,0.00017793099686969072,0.0007324457983486354,0.00015639132470823824,0.018015844747424126,0.004307953640818596,0.010829297825694084,4.770122814079514e-06,5.500337010744261e-06,1.0,1176.0
8.46570173962391e-07,0.0011233803816139698,0.0012607943499460816,0.5832672119140625,0.4010593593120575,0.20901170372962952,8.409476322412957e-06,1.66508229426654e-07,3.10553019744475e-07,0.049368470907211304,0.07375188916921616,0.09251804649829865,0.09529055655002594,0.024404235184192657,0.15108193457126617,0.1421131044626236,0.030986730009317398,0.09051942825317383,0.10270513594150543,0.06801483780145645,0.15650321543216705,0.01168684009462595,0.010543419048190117,1.4362507499754429e-05,0.003696669125929475,0.017206186428666115,3.4744414733722806e-05,0.0062762899324297905,0.004133045673370361,0.016340479254722595,0.00010816718713613227,0.00013025880616623908,0.0005103462026454508,0.006815786473453045,0.00014548932085745037,0.00010749572538770735,0.03764718398451805,0.07541678845882416,0.061974942684173584,0.0007552401511929929,0.21763435006141663,0.09226047247648239,0.10338065773248672,0.005225261673331261,3.4807424526661634e-05,3.6972032830817625e-05,0.00012871393118984997,0.0003453451790846884,4.493269443628378e-06,8.26200903247809e-06,4.5539275106420973e-07,1.7029924492817372e-07,1.0,1177.0
1.7069025943783345e-06,0.5329128503799438,0.2114277184009552,1.585052814334631e-05,0.0014281859621405602,0.01625390723347664,0.0007089187856763601,1.0967775097014965e-06,6.538814432133222e-07,0.3760145604610443,0.25078314542770386,0.3275790810585022,0.29786452651023865,0.06604905426502228,0.0844554603099823,0.06482040137052536,0.07224483788013458,0.04023287072777748,0.04678300768136978,0.8644028902053833,0.6223180890083313,0.0009829229675233364,0.0029143516439944506,0.0027139049489051104,0.018799588084220886,0.17445547878742218,9.859720012173057e-05,0.002552060643211007,0.009100181050598621,0.0033881484996527433,0.001694649108685553,0.0016814697301015258,0.02728673629462719,0.0068961624056100845,0.10579254478216171,0.19535833597183228,0.015135618858039379,0.0120514752343297,0.0060238586738705635,5.7909919632948e-06,0.002649549627676606,0.004708171356469393,0.00028206119895912707,0.02285584807395935,0.44525426626205444,0.27185478806495667,0.07234751433134079,0.04836880415678024,0.02944820374250412,0.02389690838754177,5.735287800234801e-07,3.485656634438783e-06,1.0,1178.0
1.5766788408200227e-07,0.1132352277636528,0.24343997240066528,0.004876081831753254,0.038723159581422806,0.002409408101812005,8.920938853407279e-05,2.490850015135493e-08,5.403432368211725e-08,0.3002650737762451,0.6150234341621399,0.2576616108417511,0.37316814064979553,0.3070722818374634,0.02437758818268776,0.045719727873802185,0.3355126976966858,0.07065176963806152,0.032066915184259415,0.6402040123939514,0.3702169358730316,0.011110816150903702,0.00021146191284060478,0.0011811974691227078,0.012603881768882275,0.001259102951735258,3.946677225030726e-06,1.4249759260565042e-05,0.0004784402553923428,0.03286596015095711,0.12527401745319366,0.08983925729990005,0.00017391536675859243,4.592541154124774e-05,0.07946812361478806,0.038744356483221054,0.010456222109496593,0.18973438441753387,0.00014899353845976293,0.00045179229346103966,0.0028302196878939867,0.022859930992126465,0.00266952789388597,0.0021721592638641596,0.0016522082732990384,0.0049614026211202145,0.05013197287917137,0.1296931356191635,0.00100617331918329,0.009320740588009357,5.551544290938182e-06,7.128762717911741e-07,2.0,1179.0
3.609851546571008e-06,0.1689770668745041,0.13198666274547577,0.0005902944831177592,0.04300990328192711,0.019097203388810158,3.171372372889891e-05,1.2276341010419856e-07,4.2959177903867385e-07,0.17565558850765228,0.1312669962644577,0.4129123389720917,0.37891408801078796,0.038793936371803284,0.12208251655101776,0.11312584578990936,0.0425240732729435,0.019954422488808632,0.01735883392393589,0.25986263155937195,0.2410271167755127,0.007037259638309479,0.005209000315517187,3.322771954117343e-05,0.000564113084692508,0.0008918746607378125,4.6035147533984855e-06,4.799464295501821e-05,0.02095852419734001,0.023148084059357643,0.03880629688501358,0.054414328187704086,8.458015145151876e-06,0.00018411802011542022,9.526527719572186e-05,4.799400267074816e-05,0.426069438457489,0.38549038767814636,1.794019954104442e-05,0.0012209354899823666,0.019047826528549194,0.013169357553124428,0.6324965357780457,0.04389428347349167,0.23459485173225403,0.15943852066993713,0.08499003946781158,0.078434519469738,0.009566882625222206,0.012931166216731071,1.2065231658198172e-06,2.1841892703378107e-06,1.0,1180.0
1.0171199846809031e-06,0.004715264309197664,0.007237893994897604,0.07913147658109665,0.33305224776268005,0.1273455172777176,0.0009184294613078237,1.5986510106813512e-06,2.7811706786451396e-06,0.11731221526861191,0.031731583178043365,0.522041916847229,0.5067688226699829,0.08887634426355362,0.05420345813035965,0.04351334646344185,0.08956784754991531,0.013609654270112514,0.012477384880185127,0.16165174543857574,0.06671316176652908,0.01143786869943142,0.021448662504553795,0.002414380433037877,0.016081327572464943,0.5496464967727661,0.0008412142051383853,0.001065667369402945,0.09878590703010559,0.12611672282218933,0.0020236915443092585,0.003672193270176649,0.02713008038699627,0.0003822132130153477,0.508612871170044,0.6239477396011353,0.014154802076518536,0.046923622488975525,0.010242756456136703,0.0004431632987689227,0.0033127290662378073,0.0022499666083604097,0.0009705662378109992,0.03129354491829872,0.06788568943738937,0.15341712534427643,0.0026280584279447794,0.05107097700238228,0.030956126749515533,0.04702675715088844,9.657936061557848e-06,1.1853366231662221e-05,1.0,1181.0
2.2517870092997327e-06,0.0012413137592375278,0.0005331899155862629,0.4484432637691498,0.3946586549282074,0.29078227281570435,0.00015631037240382284,8.088759386737365e-07,1.5752733588669798e-06,0.04891258105635643,0.01948786899447441,0.5233615636825562,0.5069727897644043,0.07511879503726959,0.06261871755123138,0.047292303293943405,0.07422057539224625,0.010461172088980675,0.009656590409576893,0.052700579166412354,0.034946758300065994,0.020216017961502075,0.02878020703792572,0.0008028310257941484,0.000836194260045886,0.008126361295580864,4.615688158082776e-05,0.00025978038320317864,0.0347018726170063,0.007475241087377071,0.0029907836578786373,0.0057685221545398235,0.0021802003029733896,0.003590063191950321,0.015695087611675262,0.023844072595238686,0.12151917815208435,0.15908727049827576,0.0008595080580562353,6.901288725202903e-05,0.011048689484596252,0.005884211510419846,0.010543596930801868,0.06959263235330582,0.0916459932923317,0.10061542689800262,0.005618576891720295,0.06538265943527222,0.13687825202941895,0.13535399734973907,6.358094651659485e-06,3.240266778448131e-06,1.0,1182.0
5.509881702892017e-06,0.046756479889154434,0.07281900197267532,0.09309528023004532,0.024374499917030334,0.028827602043747902,0.00022115095634944737,7.255678724504833e-07,8.564047107029182e-07,0.05387473106384277,0.007792591117322445,0.13196074962615967,0.07615360617637634,0.0035427927505224943,0.3417593240737915,0.4126083254814148,0.017183680087327957,0.09510404616594315,0.1259547919034958,0.05593647435307503,0.3299020826816559,0.01612975262105465,0.0849444642663002,0.0004557679349090904,0.00023061751562636346,0.5621383190155029,0.09279542416334152,0.020271655172109604,0.9231597781181335,0.6227558851242065,3.2034105856837414e-07,1.4664483387605287e-06,0.05645744130015373,0.0031168346758931875,0.02471129037439823,0.027945952489972115,0.07050160318613052,0.0984107032418251,0.028077254071831703,0.0007346103666350245,0.007021855562925339,0.08522545546293259,0.0012351537588983774,0.009807668626308441,0.0038895905017852783,0.005774911027401686,3.490233666525455e-06,0.0004482189833652228,0.01519587729126215,0.004083878360688686,8.128057515932596e-07,3.6416802231542533e-06,1.0,1183.0
1.5125219761102926e-06,7.647376150998753e-06,4.844127488468075e-06,0.9893210530281067,0.9637876749038696,0.9179052114486694,1.7383934391546063e-05,1.755734160724387e-06,2.1088862922624685e-06,0.003780909115448594,0.007051530759781599,0.11830854415893555,0.14729085564613342,0.021528806537389755,0.24433009326457977,0.21417434513568878,0.0174556877464056,0.08735238760709763,0.04939441755414009,0.029946226626634598,0.017024820670485497,0.19122639298439026,0.15947794914245605,2.287083952978719e-05,0.004329918418079615,0.20584100484848022,0.0022289715707302094,0.04727388918399811,0.0012504186015576124,0.0008833794854581356,0.0004468527913559228,0.0011258877348154783,0.009241325780749321,0.0019543105736374855,0.0011767266551032662,0.0017573315417394042,0.0006512289401143789,0.0013702667783945799,0.9786189198493958,0.006637778598815203,0.5779204368591309,0.355551153421402,0.12532372772693634,0.005805647000670433,1.4277882876001513e-08,9.893415864326016e-09,3.959075911552645e-06,0.00023125276493374258,2.1096362615935504e-05,1.828518907132093e-05,2.290864586029784e-06,1.4854585117518582e-07,1.0,1184.0
1.2695678606178262e-06,0.08231019228696823,0.015673980116844177,0.0930105596780777,0.061390895396471024,0.22553479671478271,0.0009326111176051199,1.0482465313543798e-06,1.5588523183396319e-06,0.27732008695602417,0.1932503581047058,0.0545448437333107,0.046872612088918686,0.03711826726794243,0.07469304651021957,0.10284898430109024,0.07198192924261093,0.1783246099948883,0.24330978095531464,0.40539324283599854,0.3934776782989502,0.0018622154602780938,0.002737578237429261,0.006152397021651268,0.033448196947574615,0.3927048444747925,0.00013809373194817454,0.001111147808842361,0.007779336534440517,0.037011463195085526,0.012851359322667122,0.012085039168596268,0.0074312034994363785,0.0009033156093209982,0.7662529349327087,0.8366435766220093,0.008336842991411686,0.008692868985235691,0.004358881153166294,2.7788037186837755e-05,0.0030160604510456324,0.006896175444126129,0.00022803743195254356,0.0015934440307319164,0.06609545648097992,0.08292793482542038,0.2712687849998474,0.6539713144302368,0.013515042141079903,0.027720903977751732,3.803994786721887e-06,2.7161670459463494e-06,2.0,1185.0
4.867234792982345e-07,0.0002412378671579063,0.0014538352843374014,0.3792388439178467,0.6937096118927002,0.2595871686935425,8.10251003713347e-06,1.7769979194781627e-06,1.4129481940017286e-07,0.04593098908662796,0.131532683968544,0.046033862978219986,0.05126771703362465,0.024807829409837723,0.19181612133979797,0.19148269295692444,0.016113825142383575,0.22506262362003326,0.20863057672977448,0.13054998219013214,0.3520239591598511,0.01599760726094246,0.00937467347830534,3.065073906327598e-05,0.004403232596814632,0.01440673042088747,0.0004624221473932266,0.0026107935700565577,7.430717232637107e-05,0.07360225915908813,0.0001280279684579,6.176906754262745e-05,0.032182492315769196,0.0012069501681253314,0.0023422320373356342,0.0012095015263184905,0.0002757839974947274,0.023622166365385056,0.9876247048377991,0.01976698450744152,0.2248658984899521,0.12848487496376038,0.07927154004573822,0.026804644614458084,1.0461896238211921e-07,2.609388616292563e-07,2.1176647351239808e-05,4.606607762980275e-05,1.7457699868828058e-05,7.940716750454158e-05,2.6837803943635663e-06,9.65463868851657e-08,1.0,1186.0
1.3796741313854e-06,0.16658839583396912,0.09711593389511108,0.00401259446516633,0.015134459361433983,0.09249094873666763,0.0004837418382521719,2.5875493747662404e-07,2.514619154680986e-06,0.36263248324394226,0.4602883458137512,0.18897691369056702,0.24333259463310242,0.0057210070081055164,0.5619790554046631,0.566535472869873,0.005068330559879541,0.06030777469277382,0.0480385459959507,0.5703868865966797,0.2933346927165985,0.0018998186569660902,0.001429891912266612,0.001002439297735691,0.007066627964377403,0.5877037644386292,0.0023466816637665033,0.008139673620462418,0.01755916327238083,0.02452654205262661,0.039787933230400085,0.03077765740454197,0.0008135479292832315,0.1498624086380005,0.040389638394117355,0.0520162470638752,0.05423743650317192,0.09124130755662918,0.0002049609465757385,9.750722540502466e-08,0.008267194963991642,0.013800496235489845,0.0004604801069945097,0.0003993221325799823,0.02175850234925747,0.015121258795261383,0.14613933861255646,0.11110164225101471,0.00010617169027682394,5.561357465921901e-05,1.3530610658563091e-06,2.7379664970794693e-06,1.0,1187.0
6.873345228086691e-06,0.3780953288078308,0.3721318542957306,0.0004208542814012617,0.0036588103976100683,0.0071495892480015755,0.0005860929959453642,7.139076956264034e-07,2.0496424895100063e-06,0.029435377568006516,0.015189477242529392,0.05119866132736206,0.051810186356306076,0.012932172045111656,0.17997600138187408,0.1726832240819931,0.027737675234675407,0.13814356923103333,0.14273039996623993,0.42026999592781067,0.10611101984977722,0.026347771286964417,0.017967984080314636,0.0012710577575489879,0.0022885682992637157,0.02697228081524372,3.673862374853343e-05,0.0007648216560482979,0.016222015023231506,0.003307596081867814,0.12025216221809387,0.1251288503408432,0.00048729730769991875,0.004171214997768402,0.048792559653520584,0.07269693911075592,0.105049267411232,0.058738965541124344,0.0003390032215975225,1.290113232244039e-05,0.040707871317863464,0.008422039449214935,0.005868915468454361,0.04034920781850815,0.0438263975083828,0.02392653562128544,0.0876559317111969,0.03304065391421318,0.010772742331027985,0.011021530255675316,1.9475114640954416e-06,6.1586115407408215e-06,1.0,1188.0
6.839729849161813e-06,0.26642897725105286,0.1405085325241089,0.010228732600808144,0.0063469489105045795,0.01747795380651951,3.087071672780439e-05,2.929737547674449e-06,2.8900465167680522e-06,0.03704352676868439,0.04807122051715851,0.06757248938083649,0.08952564746141434,0.00794934295117855,0.3070225417613983,0.3155704438686371,0.008393798023462296,0.1421518623828888,0.11468300968408585,0.35016921162605286,0.1625722050666809,0.015454995445907116,0.0168440043926239,0.00010581006790744141,0.005388967227190733,0.16587255895137787,0.0008472754270769656,0.006453064735978842,0.01230616308748722,0.0004218814428895712,0.004092996008694172,0.008601734414696693,0.0482272133231163,0.011627918109297752,0.0059151360765099525,0.013387676328420639,0.0022980046924203634,0.0009418955305591226,0.8066784143447876,8.547714242013171e-05,0.20976559817790985,0.02594730816781521,0.054486703127622604,0.12159706652164459,3.758397042474826e-06,1.7763981077223434e-06,0.00012507569044828415,0.0016002083430066705,0.000659782555885613,0.0004028852272313088,2.016796088355477e-06,2.0092954855499556e-06,2.0,1189.0
6.43805947220244e-07,0.02930283732712269,0.016007928177714348,0.11211427301168442,0.10608477145433426,0.08263058960437775,2.953170769615099e-05,3.039272087335121e-07,2.0402781331085862e-07,0.035698600113391876,0.011876124888658524,0.02444128505885601,0.017297621816396713,0.11526423692703247,0.03952333703637123,0.031303487718105316,0.11311379075050354,0.30289989709854126,0.33445873856544495,0.18724673986434937,0.11279349029064178,0.015111640095710754,0.027475550770759583,0.00022139272186905146,0.01311967708170414,0.025755783542990685,1.4185640793584753e-05,0.0027458418626338243,0.00039978986023925245,0.0008755586459301412,0.005607228260487318,0.006376928649842739,0.0021021473221480846,0.0003687794669531286,0.010190708562731743,0.010189848020672798,0.00894011277705431,0.016559069976210594,0.028649376705288887,0.0005682767950929701,0.008149249479174614,0.006183559074997902,0.0018483767053112388,0.0038106979336589575,0.00011160986468894407,0.00011372174776624888,0.0021931626833975315,0.00792998168617487,8.031477045733482e-05,5.6793309340719134e-05,1.690316366875777e-06,1.0726199661803548e-06,1.0,1190.0
1.6173502217498026e-06,0.007010988425463438,0.017833933234214783,0.31846708059310913,0.08431269973516464,0.034022681415081024,2.251485057058744e-05,5.0998016831727e-07,6.188192855915986e-07,0.8234769105911255,0.7269979119300842,0.868512749671936,0.8581695556640625,0.0503200888633728,0.13391561806201935,0.11673689633607864,0.027739187702536583,0.002113438444212079,0.0020449976436793804,0.517741322517395,0.5522832870483398,0.0004970959853380919,0.0001510560541646555,6.893337558722124e-05,0.01046025287359953,0.009935903362929821,7.531853498221608e-06,0.0012858081609010696,0.0034645081032067537,0.0018064005998894572,0.2106178253889084,0.28590482473373413,7.110126171028242e-05,0.0029744175262749195,0.0003770039475057274,0.0006014840910211205,0.03768208622932434,0.026898687705397606,0.002171266358345747,7.922223448986188e-05,0.09850744158029556,0.029475463554263115,0.10161316394805908,0.008571120910346508,0.00030282785883173347,0.00013673730427399278,0.008554507046937943,0.023477181792259216,0.00021351892792154104,0.00024108104116749018,2.888032440750976e-06,2.0801849132112693e-06,2.0,1191.0
6.310919616225874e-06,0.5950263738632202,0.5027264356613159,0.0008787181577645242,0.0013744509778916836,0.003418781328946352,4.1188355680787936e-05,3.8230811583161994e-07,6.428476240216696e-07,0.24777455627918243,0.24940282106399536,0.15221522748470306,0.17387698590755463,0.05849886313080788,0.031465839594602585,0.08654321730136871,0.1481768637895584,0.05261772871017456,0.04986274987459183,0.5109955072402954,0.4216439127922058,0.0015008858172222972,0.001165366149507463,0.0001063276213244535,0.0003594560839701444,0.0029277591966092587,1.647145109018311e-05,0.000751449610106647,0.03407469764351845,0.012143153697252274,0.03090593032538891,0.034326255321502686,3.8620055420324206e-05,0.0006413122755475342,0.00014027583529241383,0.0002130694774677977,0.33012017607688904,0.16168257594108582,0.0002809698926284909,0.00029726698994636536,0.0747653990983963,0.00581252109259367,0.15815682709217072,0.009672220796346664,0.14679284393787384,0.1016487181186676,0.06460094451904297,0.1007421612739563,0.0002451920008752495,0.0003044971381314099,2.993713508203655e-07,1.6278651173706749e-06,1.0,1192.0
6.415572215701104e-07,0.005925191566348076,0.01934758760035038,0.3522934317588806,0.08996234834194183,0.051422882825136185,0.00010613323684083298,8.460955882583221e-07,4.358552985195274e-07,0.14704103767871857,0.21523664891719818,0.24913999438285828,0.28990545868873596,0.003870133776217699,0.3234643042087555,0.33281323313713074,0.016704900190234184,0.044859450310468674,0.02670944109559059,0.42772376537323,0.13903814554214478,0.00799113605171442,0.0030851305928081274,0.000714121269993484,9.173608850687742e-05,0.02060132473707199,0.0026625990867614746,0.00012179934128653258,0.004105097614228725,0.0001271536893909797,0.01365207601338625,0.011988862417638302,0.014968774281442165,0.0003529340319801122,0.036707744002342224,0.12313110381364822,0.012995016761124134,0.0005960668786428869,0.05530843511223793,0.0004790277744177729,0.0009935019770637155,0.000873156706802547,0.0012500399025157094,0.08763212710618973,0.0018295636400580406,0.0006009581265971065,0.020756470039486885,0.0044352468103170395,0.12471423298120499,0.08358923345804214,1.571999746374786e-05,2.488301788616809e-06,1.0,1193.0
2.7817886802949943e-06,0.0018855688394978642,0.020716750994324684,0.26932400465011597,0.37236037850379944,0.08101578056812286,6.520451279357076e-06,1.229762574439519e-06,3.8021776163077448e-06,0.06240794435143471,0.022846024483442307,0.08479868620634079,0.0699489489197731,0.004844915121793747,0.42821449041366577,0.4247017800807953,0.00887261237949133,0.0835689976811409,0.12177848070859909,0.0445735938847065,0.059775277972221375,0.011134003289043903,0.0441884808242321,3.178848055540584e-05,5.718933607568033e-05,0.0015064994804561138,0.000858365441672504,2.5732746507856064e-05,0.015215913765132427,0.00074590282747522,0.03134843707084656,0.08871796727180481,0.00017826026305556297,8.696652366779745e-05,0.0002794753818307072,0.00040460145100951195,0.13713112473487854,0.021505823358893394,0.012190187349915504,0.012004421092569828,0.07460767775774002,0.007047575898468494,0.37585240602493286,0.13999488949775696,0.0003269737062510103,0.0002399999211775139,0.003094320185482502,0.15458016097545624,0.0003241545637138188,0.00023717172734905034,1.5202069334918633e-05,1.2151015198469395e-06,1.0,1194.0
1.9414775920267857e-07,0.07836885005235672,0.033871639519929886,0.005127238109707832,0.10490957647562027,0.18869861960411072,7.348494818870677e-06,4.322898519149021e-07,4.3136611793670454e-07,0.10922717303037643,0.1084970086812973,0.3776339888572693,0.3763038218021393,0.03257422521710396,0.10596692562103271,0.16368548572063446,0.08309444040060043,0.02710689976811409,0.022395404055714607,0.23249952495098114,0.25310221314430237,0.006031155586242676,0.015751076862215996,0.00021532169193960726,5.486253212438896e-05,0.00024707664852030575,0.00019506442185956985,1.1399275535950437e-05,0.0013285406166687608,0.00038946018321439624,0.006861940957605839,0.007134479004889727,0.006521723698824644,0.003581435652449727,0.0011247830698266625,0.0009829201735556126,0.006785701494663954,0.002311649499461055,0.19206008315086365,7.67504534451291e-05,0.0003290046297479421,7.879903569119051e-05,0.0019819242879748344,0.0530419759452343,0.0199831984937191,0.0121452696621418,0.1323167234659195,0.08427903056144714,0.002424712525680661,0.002312704222276807,8.782192708167713e-06,6.816677000642812e-07,1.0,1195.0
1.3827617522110813e-06,0.00047755788546055555,0.00022098234330769628,0.42373883724212646,0.7519782781600952,0.508033037185669,0.0011019043158739805,2.8219733394507784e-06,8.087918672572414e-07,0.15854597091674805,0.2130558043718338,0.2851966321468353,0.29627689719200134,0.09245829284191132,0.034603968262672424,0.04738904908299446,0.12115238606929779,0.039001889526844025,0.025701230391860008,0.48260337114334106,0.15598049759864807,0.007419961504638195,0.0023551660124212503,0.005557836499065161,0.05643630772829056,0.045923102647066116,1.3245148693386e-05,0.00086533761350438,0.0014867838472127914,0.021829945966601372,0.04202642664313316,0.02420259825885296,0.012729435227811337,0.001756634097546339,0.48032814264297485,0.422567218542099,0.010373980738222599,0.05100196227431297,0.014091112650930882,5.935043373028748e-05,0.007676077540963888,0.0028306180611252785,0.0027839746326208115,0.05827914923429489,0.1285829246044159,0.21011807024478912,0.15993304550647736,0.17606815695762634,0.05377183109521866,0.17959809303283691,7.921771612018347e-06,7.432613529090304e-06,1.0,1196.0
1.4375485761775053e-06,0.0019770890939980745,0.0021957741118967533,0.059800028800964355,0.4928530752658844,0.29415038228034973,3.497368743410334e-05,2.2883833139530907e-07,2.2423570555929473e-07,0.11555160582065582,0.10001321136951447,0.07405389845371246,0.07992640137672424,0.10901471227407455,0.02964678779244423,0.03563501685857773,0.10807633399963379,0.11345404386520386,0.11381670832633972,0.49718236923217773,0.47669580578804016,0.006031901575624943,0.0027418488170951605,0.00013541808584704995,0.003202927764505148,0.006258738227188587,1.3320543985173572e-05,0.0009861767757683992,0.01826569251716137,0.0006219675997272134,0.0009667276171967387,0.0018685662653297186,0.0012308037839829922,0.015881353989243507,0.0015037526609376073,0.002221844857558608,0.08736778795719147,0.05653052031993866,0.003952530212700367,2.006547038035933e-05,0.008498335257172585,0.00279062008485198,0.011383610777556896,0.01986025646328926,0.002406106796115637,0.001670072553679347,0.001166151836514473,0.00858377292752266,0.00036584894405677915,0.0001995633210754022,1.9741469259315636e-06,1.2101185120627633e-06,1.0,1197.0
2.9867776447645156e-06,0.14457698166370392,0.163526251912117,0.024478456005454063,0.016834264621138573,0.010066116228699684,7.714119419688359e-06,3.836679240976082e-07,3.542144781931711e-07,0.04930122569203377,0.03451092541217804,0.11845934391021729,0.12283026427030563,0.018043940886855125,0.1271623820066452,0.15233300626277924,0.0372285358607769,0.07511453330516815,0.07243968546390533,0.34308767318725586,0.1952182650566101,0.014451690018177032,0.013606767170131207,1.7877177015179768e-05,0.00102166086435318,0.003849590430036187,1.94897784240311e-05,0.000449592451332137,0.0010019256733357906,0.0017761759227141738,0.0635392889380455,0.11030211299657822,0.00012988867820240557,0.000607019173912704,0.000122412369819358,6.180082709761336e-05,0.015512778423726559,0.048028700053691864,0.006410633213818073,0.0006086917710490525,0.047420959919691086,0.007012140937149525,0.28585076332092285,0.04168957099318504,0.00015780539251863956,0.00021705585822928697,0.0030249878764152527,0.03626465052366257,6.987376400502399e-05,0.00016238457465078682,1.094520598599047e-06,1.829310235734738e-06,1.0,1198.0
3.938480404030997e-06,0.3966470956802368,0.32471612095832825,2.6359273761045188e-05,0.0034704378340393305,0.007240769919008017,0.0009640528587624431,1.0295060519638355e-06,7.50837784835312e-07,0.02401052974164486,0.024709928780794144,0.06260185688734055,0.06654485315084457,0.02587532438337803,0.15051910281181335,0.15149261057376862,0.021352391690015793,0.1672137975692749,0.14942775666713715,0.47677984833717346,0.26738545298576355,0.02647819183766842,0.0191707331687212,0.0010747223859652877,0.008549296297132969,0.24256789684295654,0.00012014656385872513,0.00975329615175724,0.008124543353915215,0.03218136355280876,0.000528713921085,0.00041969306766986847,0.021853463724255562,0.004923365544527769,0.1168588325381279,0.1260543018579483,0.004977525677531958,0.02201586402952671,0.030027199536561966,4.476671529118903e-05,0.006902978289872408,0.007629804778844118,0.0038035549223423004,0.02684800513088703,0.36419257521629333,0.36819401383399963,0.004926197696477175,0.003065897850319743,0.6008390188217163,0.6617938280105591,4.1775120962483925e-07,1.8634785874382942e-06,1.0,1199.0
7.710178095976516e-08,0.001239486737176776,0.001927858334966004,0.4318609833717346,0.6780603528022766,0.22616694867610931,8.422189421253279e-05,1.8590449712974078e-07,2.6703898470259446e-07,0.1150474026799202,0.4112441837787628,0.3289424180984497,0.819892168045044,0.6923108100891113,0.0021915428806096315,0.015748480334877968,0.8465631604194641,0.04100915417075157,0.0016711924690753222,0.6442043781280518,0.1373133361339569,0.01913546957075596,0.0009865442989394069,0.000490775506477803,0.00847286731004715,0.00045776995830237865,5.247973604127765e-06,5.5115001487138215e-06,0.030813461169600487,0.008949167095124722,0.007868963293731213,0.003704251255840063,0.0005697612068615854,0.0006054475670680404,0.021631920710206032,0.03490102291107178,0.2710718512535095,0.04926496371626854,0.010394027456641197,0.0007834454881958663,0.07602312415838242,0.006518607027828693,0.013662186451256275,0.005319426767528057,0.002997275674715638,0.0004842595080845058,0.09731604158878326,0.0004953480092808604,0.0005266444641165435,0.00029552768683061004,5.609157597064041e-06,3.551798783973936e-07,2.0,1200.0
1.3614616136692348e-06,0.0005182646564207971,0.0002475083456374705,0.44216644763946533,0.7357265949249268,0.5673342347145081,4.197978705633432e-05,6.637600563408341e-06,2.459470920257445e-07,0.14250710606575012,0.04663567617535591,0.30855560302734375,0.3254145085811615,0.03431494161486626,0.08415741473436356,0.10937146097421646,0.0705232173204422,0.03478778526186943,0.03091181069612503,0.354380339384079,0.1220618188381195,0.008463118225336075,0.0192549005150795,0.00020394647435750812,0.000850782438647002,0.021404556930065155,0.0002421395474812016,0.0004319898143876344,0.0002471341285854578,0.0009947246871888638,0.16850002110004425,0.160896897315979,0.037066519260406494,0.0003056436835322529,0.009278430603444576,0.005890329368412495,0.001225000130943954,0.0035500740632414818,0.2848236858844757,0.0019109962740913033,0.0033457863610237837,0.0009841045830398798,0.014730717055499554,0.30566975474357605,0.00019081844948232174,0.00022861914476379752,0.009430073201656342,0.01329106092453003,0.028450466692447662,0.04857713729143143,1.2379967301967554e-05,4.074976004631026e-06,1.0,1201.0
2.681404112081509e-06,0.022436542436480522,0.03508538752794266,0.18295584619045258,0.11834627389907837,0.04712551832199097,2.3322580091189593e-05,7.360344511653238e-07,3.144872607663274e-06,0.010433102026581764,0.0018493562238290906,0.3864425718784332,0.3514802157878876,0.0007124220137484372,0.7737013101577759,0.7578845024108887,0.0008683097548782825,0.01525641418993473,0.014461309649050236,0.01782081462442875,0.006248351652175188,0.07937052100896835,0.17320890724658966,6.487363134510815e-05,0.008132178336381912,0.009402729570865631,4.896291284239851e-05,0.00011728885147022083,0.0047750454396009445,0.0038229471538215876,0.002985662315040827,0.005818583536893129,0.0030641919001936913,0.006160960532724857,0.004216018598526716,0.004379395395517349,0.01274188794195652,0.04294862225651741,0.04956474155187607,0.0003163533692713827,0.06984735280275345,0.013181429356336594,0.16604173183441162,0.523486852645874,6.73120521241799e-05,7.064600504236296e-05,0.00016156138735823333,0.004409641958773136,0.008249105885624886,0.007990242913365364,1.0326584742870182e-05,2.7014857550966553e-06,1.0,1202.0
3.6843013617726683e-07,0.003909583669155836,0.001633541425690055,0.08479650318622589,0.30284610390663147,0.35263770818710327,6.088232566980878e-06,6.308533784249448e-08,2.0191811245240388e-07,0.05111263692378998,0.014326058328151703,0.2429100126028061,0.25578680634498596,0.06992543488740921,0.09563877433538437,0.07748597115278244,0.02827717363834381,0.03195623680949211,0.029688121750950813,0.23777401447296143,0.08957599848508835,0.013148869387805462,0.035135313868522644,2.079808291455265e-05,0.0008448089356534183,0.002232406986877322,3.2003717933548614e-05,0.0005787026020698249,0.017661552876234055,0.01030286867171526,2.3488111764891073e-05,2.9407741749309935e-05,0.0006273923208937049,0.004196215886622667,0.0001353354746242985,9.982365008909255e-05,0.07125548273324966,0.054995447397232056,0.025544052943587303,0.0010194770293310285,0.006404925137758255,0.005630142986774445,0.02795383520424366,0.007416600827127695,0.0006647875416092575,0.000537616026122123,0.0003791786730289459,0.00039392278995364904,4.643506326829083e-05,5.323840014170855e-05,1.3869973827240756e-06,1.5771330197367206e-07,1.0,1203.0
3.898294949067349e-07,0.05939745903015137,0.16998685896396637,0.0007951773004606366,0.04964578151702881,0.017285021021962166,5.331354623194784e-05,8.7509192780999e-08,2.569252330886229e-07,0.14171959459781647,0.060908813029527664,0.07925327867269516,0.08296041190624237,0.026365503668785095,0.10131118446588516,0.1290404349565506,0.05202286317944527,0.10745913535356522,0.11009330302476883,0.31383803486824036,0.1378326416015625,0.005460530053824186,0.00662202900275588,8.089416951406747e-05,0.005706944037228823,0.09473627805709839,0.0001266112958546728,0.007659181486815214,0.0015101978788152337,0.006685797590762377,0.00020571865024976432,9.842585131991655e-05,0.000963662110734731,0.0018209656700491905,0.004203469026833773,0.004025776404887438,0.016818920150399208,0.013043610379099846,0.020860742777585983,0.0003697084612213075,0.07112710922956467,0.08712337911128998,0.0035193488001823425,0.0026480290107429028,5.466751827043481e-05,2.9653254387085326e-05,0.0015032336814329028,6.187046528793871e-05,5.446478826343082e-05,0.00010200838732998818,2.843496531568235e-07,2.57841804796044e-07,1.0,1204.0
2.185943912991206e-06,0.24907182157039642,0.34014925360679626,0.00017194688552990556,0.00833235401660204,0.010783901438117027,9.547686204314232e-06,3.203031724297034e-07,2.3421593198236224e-07,0.11625292897224426,0.13897791504859924,0.025152167305350304,0.020925335586071014,0.0117380665615201,0.2958073914051056,0.3143283426761627,0.005508064292371273,0.29488515853881836,0.3015114367008209,0.646458625793457,0.547173798084259,0.004452405963093042,0.002071064431220293,2.7464149752631783e-05,0.007613380905240774,0.03616820648312569,7.987346907611936e-05,0.008713476359844208,0.0003300209064036608,0.0037912935949862003,0.0007129089208319783,0.0008462542900815606,0.003773290431126952,0.015514773316681385,0.000744977907743305,0.00039712750003673136,0.0010300169233232737,0.015479451976716518,0.585684597492218,0.00010892940917983651,0.10979005694389343,0.05858796089887619,0.03615926578640938,0.013563730753958225,2.263102260258165e-06,2.6796760721481405e-06,7.002385245868936e-05,0.0005358895286917686,1.2176186828583013e-05,2.605126610433217e-05,5.103884177515283e-07,2.8589383305188676e-07,1.0,1205.0
4.862252467319195e-07,0.014631548896431923,0.038999468088150024,0.032575979828834534,0.13412171602249146,0.05302434042096138,1.0539117283769883e-05,1.6780184353137884e-07,2.5384602508893295e-07,0.09001864492893219,0.09360132366418839,0.07730823755264282,0.08799141645431519,0.005163698457181454,0.36386382579803467,0.34302574396133423,0.011785987764596939,0.12109342962503433,0.11091309040784836,0.34986940026283264,0.1633230298757553,0.01145855337381363,0.006703144870698452,0.00012133310519857332,0.00022049467952456325,0.0020699696615338326,0.0002773952146526426,0.00021316090715117753,0.0024298271164298058,0.0016636754153296351,0.00010386252688476816,0.00015873547818046063,0.009208546951413155,0.0006019328720867634,0.0014832500601187348,0.00195173395331949,0.010266930796205997,0.008302109315991402,0.33332279324531555,0.004387157503515482,0.0031080155167728662,0.0015050447545945644,0.0030527219641953707,0.014422636479139328,0.00012219848576933146,0.0001295067777391523,0.0001989684533327818,0.0024212535936385393,0.0001072264785761945,9.193076402880251e-05,7.575760264444398e-06,4.5493871425605903e-07,1.0,1206.0
1.2074036703779711e-06,0.00043051314423792064,0.0004196646623313427,0.5291845798492432,0.5591478943824768,0.6616940498352051,0.0022548541892319918,4.420694040163653e-06,8.086715752142482e-06,0.036722879856824875,0.011750895529985428,0.0952424481511116,0.10199645161628723,0.06625465303659439,0.07746145129203796,0.07877641916275024,0.07977522909641266,0.11033665388822556,0.11067911237478256,0.08538585901260376,0.019207755103707314,0.030307849869132042,0.08832880854606628,0.0021086540073156357,0.03534470126032829,0.5655086636543274,0.0012011697981506586,0.00042092252988368273,0.032960452139377594,0.012799186632037163,0.06693266332149506,0.08541639149188995,0.015236583538353443,0.005511120893061161,0.648453414440155,0.5976851582527161,0.010573457926511765,0.01584937795996666,0.011264640837907791,1.020666695694672e-05,0.0036837889347225428,0.0019596151541918516,0.0014518345706164837,0.04569686949253082,0.4753055274486542,0.4464533030986786,0.15727759897708893,0.22677300870418549,0.04633063077926636,0.04690295457839966,1.5777146472828463e-05,1.065423020918388e-05,1.0,1207.0
2.4091702925943537e-06,0.38429582118988037,0.40865564346313477,0.000969752436503768,0.00899931974709034,0.006259056273847818,9.01932617125567e-06,8.560979125604717e-08,5.354693826120638e-07,0.13915757834911346,0.3083060681819916,0.14139318466186523,0.17364491522312164,0.06945137679576874,0.0504390113055706,0.0681377649307251,0.08004812896251678,0.0599418543279171,0.04011227935552597,0.4248085916042328,0.1617201715707779,0.00594924995675683,0.0010982543462887406,4.524431278696284e-05,8.292852726299316e-05,0.006625213660299778,0.0018352442421019077,0.0009086186764761806,0.01722906157374382,0.001748317270539701,1.6095391401904635e-05,6.588021642528474e-05,0.005859788972884417,0.002714230213314295,0.00047210504999384284,0.0006700528902001679,0.008158640004694462,0.008055450394749641,0.42079228162765503,0.001439031446352601,0.02354746125638485,0.010881002992391586,0.010143857449293137,0.010047748684883118,2.8034781280439347e-05,5.7025150454137474e-05,1.0075777026941068e-05,0.015789471566677094,0.00019359489670023322,0.0001196972734760493,3.5411280805419665e-06,3.455714931988041e-07,1.0,1208.0
1.4816303064435488e-06,0.22248005867004395,0.1666632741689682,0.02111065201461315,0.0028482056222856045,0.0036360714584589005,2.1292111341608688e-05,1.8286250735854992e-07,1.9052592392654333e-07,0.22477546334266663,0.09646868705749512,0.013791167177259922,0.010411832481622696,0.013330595567822456,0.3143128454685211,0.3322903513908386,0.0087117999792099,0.4837866425514221,0.506161093711853,0.6631094217300415,0.7155463099479675,0.0023913749027997255,0.003093852661550045,0.0001192525087390095,0.0030007960740476847,0.10446733236312866,0.00014456568169407547,0.07182808220386505,0.001709510339424014,0.0007850313559174538,0.0009776032529771328,0.0009418937261216342,0.001524228835478425,0.011854142881929874,0.0014369185082614422,0.0014753901632502675,0.011052870191633701,0.007863787934184074,0.047509294003248215,3.717603249242529e-05,0.013207330368459225,0.04023738205432892,0.0017445856938138604,0.0005756003083661199,0.00013437247253023088,7.23225821275264e-05,0.0030696589965373278,0.001342778094112873,4.767803147842642e-06,6.426491836464265e-06,2.5138319870166015e-07,4.358299463547155e-07,2.0,1209.0
7.438793545588851e-07,0.001403098227456212,0.0011308671673759818,0.10783805698156357,0.5201034545898438,0.3045288920402527,1.1743033610400744e-05,2.768136084796424e-07,1.1043159986456885e-07,0.8179385662078857,0.7032830715179443,0.9381057024002075,0.9343057870864868,0.048738475888967514,0.17358411848545074,0.15383203327655792,0.02186886966228485,0.001127258175984025,0.0007885781233198941,0.1820957511663437,0.3816641569137573,0.0008300794288516045,0.00022767181508243084,4.3803451262647286e-05,0.0011521115666255355,0.0008137096301652491,1.991065073525533e-05,0.00030364631675183773,0.0018679650966078043,0.001083127222955227,0.010518088936805725,0.011967191472649574,0.0016071160789579153,0.0048550390638411045,0.0001760968443704769,0.00011963587166974321,0.014043177478015423,0.019911056384444237,0.015799086540937424,0.00021394362556748092,0.0017907668370753527,0.000663190963678062,0.15764638781547546,0.21804708242416382,0.013233077712357044,0.01100955717265606,0.008238906040787697,0.005895145237445831,0.09835227578878403,0.09387430548667908,5.194550794840325e-06,5.840157655256917e-07,1.0,1210.0
3.586647608244675e-06,0.5546489357948303,0.4994317591190338,9.46171348914504e-05,0.0017517810920253396,0.006549637299031019,0.0004465004603844136,5.083782070869347e-07,6.466814852501557e-07,0.04753220081329346,0.040521539747714996,0.02698955126106739,0.03470133990049362,0.005735546816140413,0.2611786127090454,0.28918060660362244,0.02073458395898342,0.24639540910720825,0.21025775372982025,0.5369862914085388,0.20347462594509125,0.01085605937987566,0.008607556112110615,0.0005416283383965492,0.01334635354578495,0.35572025179862976,0.00017736405425239354,0.007872393354773521,0.005023404490202665,0.0043368153274059296,0.00490584596991539,0.004344586282968521,0.0033124254550784826,0.0008298045140691102,0.019579028710722923,0.0200667642056942,0.028895115479826927,0.020661594346165657,0.0009729521116241813,8.658910519443452e-05,0.0039947968907654285,0.007479940541088581,0.0016777485143393278,0.028814461082220078,0.033881958574056625,0.02490936778485775,0.019617179408669472,0.007004680577665567,0.00400615856051445,0.005024173762649298,5.814110863866517e-07,3.6704730064229807e-06,1.0,1211.0
5.204395279179153e-07,0.0007675659144297242,0.004023570567369461,0.7939344644546509,0.16909481585025787,0.032852653414011,0.00014731877308804542,8.66889240569435e-06,1.9376723230379866e-06,0.38316842913627625,0.3071502447128296,0.318885862827301,0.265731543302536,0.09522810578346252,0.10147416591644287,0.06724323332309723,0.0487908311188221,0.029259871691465378,0.04681643471121788,0.1318979561328888,0.4027995467185974,0.002373551018536091,0.002645459957420826,0.005460237618535757,0.0010770249646157026,0.026909537613391876,0.00047429557889699936,0.0003147240786347538,0.0005047021550126374,0.0023644855245947838,0.04921969771385193,0.042926304042339325,0.044533099979162216,0.0007008687825873494,0.3262103199958801,0.2865840196609497,0.0022104468662291765,0.008301966823637486,0.07569515705108643,0.00010806252976180986,0.0020792679861187935,0.0009230588329955935,0.0009512056712992489,0.03177080303430557,0.06993569433689117,0.12142936140298843,0.6085174083709717,0.762668788433075,0.20278900861740112,0.3468611538410187,8.527490535925608e-06,1.2639960687010898e-06,1.0,1212.0
8.952441135079425e-07,0.0005608585197478533,0.00021438223484437913,0.6257156133651733,0.6432366371154785,0.4594135582447052,2.8797048798878677e-05,1.4424236951526836e-06,1.3045072932982293e-07,0.07547350227832794,0.08371396362781525,0.02263949252665043,0.0921856015920639,0.30351096391677856,0.00870130117982626,0.018127940595149994,0.3585768938064575,0.3428891599178314,0.11136206984519958,0.4587957561016083,0.044147126376628876,0.01301743183284998,0.004278675653040409,4.231596176396124e-05,0.009092393331229687,0.021187467500567436,9.373364264320116e-06,0.008271385915577412,8.849251025822014e-05,0.016958173364400864,0.11951613426208496,0.05785951018333435,0.0008454850176349282,3.48934336216189e-05,0.001637574634514749,0.0005280685145407915,0.004927916452288628,0.08873201161623001,0.12905919551849365,0.030054237693548203,0.25957101583480835,0.022700421512126923,0.1409444659948349,0.0133405402302742,1.5003600310592446e-05,2.603524990263395e-05,0.007495590019971132,0.0032241034787148237,4.345901470514946e-05,8.784427336649969e-05,8.99407382348727e-07,4.623952349902538e-07,1.0,1213.0
2.496532260920503e-07,0.0202319473028183,0.010689869523048401,0.05080322548747063,0.1736680418252945,0.19620735943317413,2.5530696802888997e-05,5.34679486463574e-07,6.799036782467738e-07,0.03271886333823204,0.020978311076760292,0.610779881477356,0.613147497177124,0.09508848935365677,0.06524579226970673,0.04537271708250046,0.07283376902341843,0.01032327115535736,0.006124658975750208,0.13640274107456207,0.030224833637475967,0.04241691902279854,0.029819196090102196,0.0016515344614163041,0.00034457287983968854,0.0006171666318550706,2.898564525821712e-05,1.1350678505550604e-05,0.00032945474958978593,0.0005983185255900025,0.08332947641611099,0.10160267353057861,0.004405496641993523,0.0024597803130745888,0.01256316713988781,0.01147591881453991,0.0027910913340747356,0.006778678856790066,0.04047384485602379,3.264483893872239e-05,0.0004718503914773464,0.00027552724350243807,0.0012723029358312488,0.02240072190761566,0.00382840633392334,0.0041862474754452705,0.33611345291137695,0.7403957843780518,0.00982150062918663,0.013540660962462425,2.479943577782251e-05,1.3131865443938295e-06,1.0,1214.0
1.1724374644472846e-06,0.3093714416027069,0.270902544260025,0.0028455820865929127,0.00456913560628891,0.0028521439526230097,3.1119092454900965e-05,4.8160607946101663e-08,2.9375354415606125e-07,0.18640470504760742,0.1480644792318344,0.056547194719314575,0.05920521914958954,0.01135282777249813,0.22094395756721497,0.23860898613929749,0.021666254848241806,0.23588350415229797,0.2509383261203766,0.6657752990722656,0.5750237107276917,0.004393973387777805,0.003433587495237589,0.00010226619633613154,0.021167807281017303,0.04417891800403595,2.346733344893437e-05,0.01998855732381344,0.00937772449105978,0.0052602216601371765,0.0002506633463781327,0.00038968524313531816,0.00016621082613710314,0.0025496536400169134,0.002932111034169793,0.0024480053689330816,0.07868216186761856,0.08893001824617386,0.012486412189900875,0.00014647722127847373,0.17766574025154114,0.4591262638568878,0.007906090468168259,0.00011286290100542828,6.0626305639743805e-05,3.6729972634930164e-05,0.00022788072237744927,0.0012507705250754952,3.6454642327043985e-07,4.121753534036543e-07,1.653382355470967e-07,4.459152478375472e-07,2.0,1215.0
5.595541665570636e-07,0.008960304781794548,0.025222502648830414,0.0055788676254451275,0.299894243478775,0.062159955501556396,6.964235581108369e-06,3.0962533514866664e-07,2.0308765158461028e-07,0.054183539003133774,0.08411271870136261,0.3526780605316162,0.3292207419872284,0.027260281145572662,0.19226163625717163,0.19277305901050568,0.008023614063858986,0.02121332660317421,0.015799621120095253,0.20960551500320435,0.22875648736953735,0.01626448705792427,0.008316666819155216,2.7183201382285915e-05,0.0012125121429562569,0.0063033755868673325,0.00011050269677070901,0.00016558267816435546,0.0009236324694938958,0.0019076276803389192,0.002356472657993436,0.004148973152041435,0.0018842070130631328,0.0027776805218309164,0.001740866806358099,0.001303819241002202,0.003157026832923293,0.018275516107678413,0.11527977883815765,0.00041123584378510714,0.026766516268253326,0.007425177376717329,0.08452913910150528,0.11435266584157944,9.337525625596754e-06,1.2252063243067823e-05,0.00011545887537067756,0.0019128341227769852,0.0012740697711706161,0.0022392598912119865,4.845518105867086e-06,6.559455982824147e-07,1.0,1216.0
3.393473946289305e-07,0.00707502756267786,0.003700024913996458,0.05388849228620529,0.17894692718982697,0.18232163786888123,2.2663492927676998e-05,1.6266953650756477e-07,2.0612986872947658e-07,0.3444156050682068,0.3554933965206146,0.5961068868637085,0.6152560710906982,0.039283111691474915,0.13112488389015198,0.13761697709560394,0.02031034603714943,0.010330088436603546,0.007542567793279886,0.37513354420661926,0.38095715641975403,0.0035067093558609486,0.0012903794413432479,0.00017492820916231722,0.0005972978542558849,0.006964491214603186,0.0006141376215964556,7.904656376922503e-05,0.022167690098285675,0.010889895260334015,1.172635984403314e-05,2.3177046386990696e-05,0.007116939406841993,0.0007157108630053699,0.022264575585722923,0.038616638630628586,0.024134283885359764,0.02201288938522339,0.06161118671298027,0.004547533579170704,0.010309761390089989,0.02492883801460266,0.003954774234443903,0.03434976190328598,6.451224180636927e-05,5.3793497500009835e-05,1.7058406228898093e-05,0.00036482964060269296,0.002826354932039976,0.0021083331666886806,8.34933507576352e-06,4.931427497467666e-07,2.0,1217.0
5.4398128668253776e-06,0.14267590641975403,0.1393342763185501,0.002339252969250083,0.028907012194395065,0.01772467978298664,1.6708048860891722e-05,6.781222054996761e-07,8.059583933572867e-07,0.04662986472249031,0.016221852973103523,0.054337698966264725,0.04445396736264229,0.02062275819480419,0.11782313138246536,0.12258641421794891,0.035741694271564484,0.14667247235774994,0.17222528159618378,0.2074558585882187,0.12912675738334656,0.011440020054578781,0.021701350808143616,3.0534709367202595e-05,0.0027001965790987015,0.013762453570961952,1.8188386093243025e-05,0.002592537784948945,0.0023896885104477406,0.0004131407767999917,0.022925468161702156,0.03533066436648369,0.0008698392193764448,0.0059282309375703335,0.00031692060292698443,0.0005189241492189467,0.013815637677907944,0.006901542656123638,0.08301196992397308,0.00013324774045031518,0.0988113060593605,0.005831219255924225,0.25520849227905273,0.15241803228855133,4.738727511721663e-05,2.6607411200529896e-05,0.0017445748671889305,0.004172347951680422,0.0012887894408777356,0.0016625289572402835,1.1315702295178198e-06,1.226375502483279e-06,1.0,1218.0
1.4403751436020684e-07,0.0011705522192642093,0.016172388568520546,0.03246018663048744,0.49500176310539246,0.05153287202119827,5.768904884462245e-06,3.541677529028675e-08,1.3389241360073356e-07,0.06599904596805573,0.047863591462373734,0.43713220953941345,0.4131506681442261,0.1910572350025177,0.023662181571125984,0.020030975341796875,0.17607267200946808,0.014687160030007362,0.01439489983022213,0.09232472628355026,0.06291410326957703,0.014498121105134487,0.0139549495652318,3.8203932490432635e-05,0.00041672162478789687,0.00048538268310949206,4.619959509000182e-05,4.79781738249585e-05,0.03669898584485054,0.03708697482943535,7.946619916765485e-06,8.123803127091378e-06,0.0015067618805915117,0.00042338980711065233,0.0001534324255771935,0.00012642850924748927,0.059996552765369415,0.038114119321107864,0.04472195357084274,0.02991441637277603,0.0011195973493158817,0.0021556352730840445,0.023795105516910553,0.023278802633285522,0.0019700226839631796,0.001673293299973011,0.00036352165625430644,0.00015501755115110427,0.0006027963245287538,0.0007423561182804406,4.430181888892548e-06,1.224564698532049e-07,1.0,1219.0
7.718297752035141e-07,0.00015111092943698168,0.00012744549894705415,0.7453276515007019,0.6377853751182556,0.4830682873725891,0.00010734586248872802,2.7856860924657667e-06,1.487890244789014e-06,0.023331955075263977,0.01130561251193285,0.29783856868743896,0.2976917326450348,0.06440551578998566,0.22507813572883606,0.10670884698629379,0.016200469806790352,0.037374429404735565,0.023534955456852913,0.05902545154094696,0.02463074028491974,0.048997752368450165,0.07905634492635727,0.00024877552641555667,0.0060651665553450584,0.694060206413269,0.029325101524591446,0.0020412118174135685,0.00887803640216589,0.028688283637166023,0.005057562608271837,0.010141086764633656,0.03228101506829262,0.0002900604158639908,0.10833446681499481,0.11892096698284149,0.0006972665432840586,0.005515520926564932,0.2726192772388458,0.001978177111595869,0.012622486799955368,0.010042021051049232,0.009715782478451729,0.04981847479939461,2.6248701033182442e-05,6.322051922325045e-05,6.108966772444546e-05,0.004666976165026426,0.0008010952151380479,0.001330960658378899,1.2025934665871318e-05,2.051918954748544e-06,1.0,1220.0
1.047410137289262e-06,0.15122036635875702,0.050677523016929626,0.008202614262700081,0.005854763090610504,0.031643547117710114,3.785310036619194e-05,2.991176586419897e-07,1.1593075441851397e-06,0.11660349369049072,0.016216497868299484,0.22973854839801788,0.19563840329647064,0.29248136281967163,0.01661156490445137,0.008041802793741226,0.2882203757762909,0.04255257546901703,0.05362509563565254,0.3728583753108978,0.10424263775348663,0.006016097962856293,0.04372357949614525,0.00024209362163674086,0.005013561341911554,0.00691527035087347,6.97992363711819e-05,0.0001256364193977788,0.05620237812399864,0.005768224131315947,0.00014875760825816542,0.0001916685578180477,0.0024061298463493586,0.014506619423627853,0.008564846590161324,0.015599786303937435,0.045600179582834244,0.013212664052844048,0.008842705748975277,6.65913030388765e-05,0.011966696009039879,0.0144749004393816,0.0079279700294137,0.07844765484333038,0.0005665678181685507,0.0002399679069640115,0.0004484931705519557,0.0005971841746941209,0.0055594677105546,0.0023334657307714224,3.1560525712848175e-06,1.2236697557455045e-06,1.0,1221.0
7.77483728597872e-06,0.35915905237197876,0.1897052675485611,0.001953819300979376,0.008035247214138508,0.06810164451599121,0.00024561549071222544,2.531058953536558e-06,3.071069841098506e-06,0.4356782138347626,0.07570478320121765,0.31200850009918213,0.013436349108815193,0.0029510974418371916,0.4397302567958832,0.6106641888618469,0.008338233456015587,0.05383244529366493,0.46761074662208557,0.30712172389030457,0.8167365193367004,0.0008725475054234266,0.00856887735426426,0.0024980108719319105,0.00045208397204987705,0.16692441701889038,0.0018880320712924004,0.012927175499498844,0.00534676993265748,0.001183814718388021,0.008897185325622559,0.01237175241112709,0.00402045389637351,0.37202420830726624,0.03145860880613327,0.03135106340050697,0.009254628792405128,0.00913063995540142,0.00100415269844234,3.2542068595375895e-08,0.010185318067669868,0.045010801404714584,0.0002317012258572504,0.0008155248360708356,0.1675293743610382,0.09274128079414368,0.6832557916641235,0.819244921207428,0.0036905815359205008,0.003608710365369916,3.618374933012092e-07,2.00757926904771e-06,2.0,1222.0
6.972456390030857e-07,9.417635737918317e-06,1.0752935850177892e-05,0.9518348574638367,0.9494771957397461,0.8996336460113525,0.0005383846582844853,2.2573924525204347e-06,2.735033149292576e-06,0.020507914945483208,0.010240189731121063,0.07190577685832977,0.06111535429954529,0.0020614236127585173,0.8182482123374939,0.7955409288406372,0.0009309253073297441,0.18059782683849335,0.20716480910778046,0.12421927601099014,0.037022534757852554,0.09420200437307358,0.07765371352434158,0.0020972955971956253,0.0742790624499321,0.35393014550209045,0.0002241973706986755,0.0022298607509583235,0.0014301820192486048,0.016675332561135292,0.3553704619407654,0.4375776946544647,0.0018572085537016392,8.85298868524842e-06,0.4684048295021057,0.31934645771980286,0.003898235270753503,0.019919337704777718,0.0019055932061746716,0.007689244579523802,0.014082342386245728,0.07685720175504684,0.0012648527044802904,0.0007923367084003985,0.0001382040063617751,0.00013802699686493725,0.016975311562418938,0.11168129742145538,0.002101177116855979,0.002733079018071294,2.7875013984157704e-05,3.6103990623814752e-06,1.0,1223.0
2.4042583390837535e-06,0.592952311038971,0.5147656798362732,0.00011470881872810423,0.0013616859214380383,0.0035517746582627296,7.059697236400098e-05,5.461664045469661e-07,2.068310891445435e-07,0.1869085729122162,0.12776459753513336,0.03243422135710716,0.03898858651518822,0.0034647861029952765,0.2270595133304596,0.3503642678260803,0.026740195229649544,0.23558185994625092,0.21582990884780884,0.7959492802619934,0.38822901248931885,0.0026527266018092632,0.002342824824154377,0.0003668059653136879,0.0035302285104990005,0.02999730035662651,4.840653855353594e-05,0.0027000769041478634,0.00034446443896740675,0.0026139814872294664,0.033500175923109055,0.02421540394425392,0.004572403151541948,0.008101344108581543,0.0066783856600522995,0.004361746367067099,0.004539450630545616,0.03497648239135742,0.02270764857530594,1.7254691556445323e-05,0.009465215727686882,0.005415132734924555,0.0044130682945251465,0.01984100416302681,0.0004461218195501715,0.0005429523880593479,0.008210225962102413,0.007656199857592583,0.00022179269581101835,0.0004875238228123635,6.608059379686892e-07,2.086490894726012e-06,2.0,1224.0
1.1570609785849229e-06,0.33234718441963196,0.24271845817565918,0.0006992515409365296,0.01101182121783495,0.016736233606934547,1.4533080502587836e-05,1.1040843617138307e-07,2.738935336310533e-07,0.2734232544898987,0.2683371901512146,0.37750741839408875,0.3495835065841675,0.0007767329225316644,0.8026346564292908,0.7708816528320312,0.0020123175345361233,0.025617007166147232,0.023326583206653595,0.3576807379722595,0.5228153467178345,0.00250672223046422,0.0015972385881468654,0.00018865495803765953,0.00012603215873241425,0.0013719570124521852,0.00011649445514194667,0.0004731123335659504,0.005127031821757555,0.001227929606102407,0.0006829824415035546,0.0009230091236531734,0.0013533411547541618,0.0011629614746198058,0.00018121911853086203,0.00034438760485500097,0.02726435288786888,0.012547329999506474,0.03160542622208595,0.0005333307781256735,0.0012666018446907401,0.0006325060967355967,0.0038663942832499743,0.011068735271692276,0.01810278743505478,0.017507143318653107,0.007655022665858269,0.04135230928659439,0.0003272350295446813,0.00046533040585927665,1.5546137319688569e-06,5.363909281186352e-07,1.0,1225.0
2.110658897436224e-06,0.010684933513402939,0.0054086982272565365,0.12388674914836884,0.14588534832000732,0.17205046117305756,1.9522161892382428e-05,9.037080985763168e-07,9.025694112096971e-07,0.017998673021793365,0.0061005339957773685,0.16334719955921173,0.13690993189811707,0.4638381898403168,0.03229926899075508,0.0023023656103760004,0.2193421870470047,0.04177478328347206,0.054989129304885864,0.1986648589372635,0.04885561391711235,0.02634270302951336,0.12573039531707764,0.00019602836982812732,0.0004668298061005771,0.00040803864249028265,8.313493708556052e-06,1.3726075849262998e-05,0.0021743865218013525,0.003942728042602539,0.47744402289390564,0.501095175743103,0.0002543830778449774,0.0003733940829988569,0.0009870491921901703,0.0008638748549856246,0.03574213758111,0.056446705013513565,0.0018735959893092513,0.000552983081433922,0.004350615199655294,0.000951003166846931,0.07732146978378296,0.08590800315141678,0.0029759311582893133,0.0031188472639769316,0.05097246542572975,0.09268707036972046,0.00746591342613101,0.014759120531380177,1.2280664122954477e-05,2.733552037170739e-06,2.0,1226.0
7.838156079742475e-08,0.002810877515003085,0.002972743706777692,0.06844548881053925,0.5824448466300964,0.2636713981628418,1.1763960173993837e-05,1.3164624590444873e-07,2.2743650518464165e-08,0.27204862236976624,0.30954134464263916,0.4841170012950897,0.48060378432273865,0.27179452776908875,0.009143518283963203,0.025679776445031166,0.29677292704582214,0.017899520695209503,0.008352005854249,0.5439770817756653,0.2059520184993744,0.00555026950314641,0.0007386562647297978,8.956355304690078e-05,0.008965102955698967,0.0023326764348894358,6.452167781390017e-06,7.844904030207545e-05,8.77453203429468e-05,0.003381206188350916,0.01245586946606636,0.00851477961987257,0.0009203872759826481,0.00010997886420227587,0.00463109603151679,0.002104858634993434,0.0015411312924697995,0.038186244666576385,0.03386729955673218,0.002469009254127741,0.005015207454562187,0.0016216794028878212,0.009101053699851036,0.012748368084430695,4.0692098991712555e-05,6.5009699028451e-05,0.002369845751672983,0.0029545510187745094,0.0003003212914336473,0.0006173088913783431,3.1420247523783473e-06,4.081277609202516e-07,2.0,1227.0
5.794880166831717e-07,0.00045558120473288,5.274142313282937e-05,0.6469871997833252,0.6917084455490112,0.7712926268577576,3.742335320566781e-05,1.273706857318757e-06,1.2376642644085223e-06,0.016840066760778427,0.006945600733160973,0.07417032122612,0.07322412729263306,0.016586657613515854,0.3762625753879547,0.34778547286987305,0.003085971111431718,0.14799241721630096,0.1309177428483963,0.1010800153017044,0.051186300814151764,0.05091288313269615,0.12033776193857193,0.0003313118068035692,0.0004886961542069912,0.16251814365386963,0.03739193454384804,0.002146894810721278,0.01125392783433199,0.016221482306718826,8.464760867354926e-06,1.561607678013388e-05,0.09059197455644608,0.004245890770107508,0.191330686211586,0.24202215671539307,0.0010935267200693488,0.004261193796992302,0.9075291752815247,0.001935866312123835,0.06063089519739151,0.09571132808923721,0.0011309500550851226,0.00811336562037468,1.4530742191709578e-06,1.7515213812657748e-06,2.980193585244706e-06,0.00024553071125410497,0.0001492372393840924,0.00012142338528065011,8.771420652919915e-06,3.682165754526068e-07,1.0,1228.0
7.89821910984756e-07,0.0027918012347072363,0.002408553147688508,0.40404799580574036,0.31283849477767944,0.16287390887737274,0.0005008872249163687,5.28280963862926e-07,2.0096135813219007e-06,0.017597544938325882,0.005681649781763554,0.29151079058647156,0.26896920800209045,0.17461517453193665,0.4187130033969879,0.038169506937265396,0.005236961413174868,0.02719745971262455,0.03114815428853035,0.053328488022089005,0.030960705131292343,0.05098176375031471,0.09021161496639252,0.0022524010855704546,0.035305559635162354,0.35986554622650146,0.0006915954290889204,0.0038376497104763985,0.007220892701297998,0.10833094269037247,0.005873153917491436,0.0043756673112511635,0.0033261131029576063,0.00018229692068416625,0.7345198392868042,0.6099745035171509,0.024209529161453247,0.074916772544384,0.0025844606570899487,0.0008658439037390053,0.006370979826897383,0.012093679048120975,0.0009794943034648895,0.00669323094189167,0.010937357321381569,0.02432975359261036,0.007885189726948738,0.012396842241287231,0.0017162999138236046,0.004191962070763111,7.4835670602624305e-06,2.3364800654235296e-06,1.0,1229.0
8.924890835260157e-07,0.05644591897726059,0.04582630470395088,0.1957421749830246,0.030201276764273643,0.05360804498195648,6.492702596005984e-06,4.127465160763677e-07,2.7709330652214703e-07,0.4974668622016907,0.500334620475769,0.3234020173549652,0.3471602201461792,0.0038853937294334173,0.42620694637298584,0.4222579300403595,0.015221336856484413,0.024689236655831337,0.022845428436994553,0.3951345682144165,0.30542993545532227,0.0011271669063717127,0.0004208637401461601,3.932068284484558e-05,3.315321373520419e-05,0.0007551878807134926,0.002553566126152873,4.2095522076124325e-05,0.0026781633496284485,0.0008879364468157291,0.0019898894242942333,0.0019257583189755678,0.0012488907668739557,6.405755993910134e-05,0.0003051498788408935,0.0009233042947016656,0.0328696072101593,0.0019139004871249199,0.45904332399368286,0.05442342162132263,0.00984165258705616,0.0010502636432647705,0.053158100694417953,0.05508819594979286,4.360789171187207e-05,1.5478706700378098e-05,0.0006161861820146441,0.0011631054803729057,0.00010219328396487981,5.311218774295412e-05,1.851500383054372e-05,6.532488328048203e-07,2.0,1230.0
4.648987896871404e-07,0.000359588535502553,0.0004392374539747834,0.6716662645339966,0.41624823212623596,0.2514514625072479,0.0009144031791947782,1.4243144050851697e-06,1.1410979823267553e-06,0.6428872346878052,0.5719149708747864,0.7407554984092712,0.7201021909713745,0.3281863331794739,0.014974632300436497,0.014412174932658672,0.31685829162597656,0.0077436538413167,0.004397423006594181,0.5056263208389282,0.2777363359928131,0.002347551751881838,0.00033544431789778173,0.01768859289586544,0.017964163795113564,0.016683513298630714,5.863799378857948e-05,0.00011790514690801501,0.010009086690843105,0.02806183136999607,0.008243665099143982,0.01102256029844284,0.003071649931371212,7.560374797321856e-05,0.7924633026123047,0.9003903269767761,0.037127040326595306,0.06548599153757095,0.0010591818718239665,0.001073282677680254,0.005355114117264748,0.008883277885615826,0.0012090730015188456,0.009882831946015358,0.04030792415142059,0.050985630601644516,0.028949681669473648,0.2829754948616028,0.04739755764603615,0.07407058775424957,2.477440284565091e-05,4.7675166570115834e-06,1.0,1231.0
1.0313170832887408e-06,0.0003932251129299402,0.00017522854614071548,0.8146333694458008,0.8395798206329346,0.7609606981277466,0.00012681778753176332,5.9405219872132875e-06,6.932422706995567e-07,0.043353814631700516,0.026907455176115036,0.01471547968685627,0.011963286437094212,0.02395988255739212,0.031981803476810455,0.17639316618442535,0.1767948567867279,0.3772364854812622,0.3809061050415039,0.14125333726406097,0.19344085454940796,0.016006404533982277,0.03799540549516678,0.000755178218241781,1.3981641131977085e-05,0.041888486593961716,0.03858518227934837,0.00012877974950242788,0.00031925292569212615,0.0017745557706803083,0.4426160454750061,0.41253387928009033,0.0033873270731419325,0.0029957841616123915,0.4201759994029999,0.37345439195632935,0.001981969689950347,0.008318333886563778,0.0540183000266552,3.505372296785936e-05,0.034615408629179,0.023605607450008392,0.003598073497414589,0.011741922236979008,9.927063729264773e-06,1.4610175639973022e-05,0.008974649012088776,0.03701074421405792,0.010418561287224293,0.018810097128152847,1.545568011351861e-05,3.2638749871694017e-06,2.0,1232.0
1.6736597672206699e-06,0.1470940262079239,0.12903352081775665,0.0035976481158286333,0.04281586408615112,0.03956673666834831,1.0842946721822955e-05,2.842504045474925e-07,4.2201014593956643e-07,0.028061440214514732,0.012678437866270542,0.05019604414701462,0.052849117666482925,0.0019930736161768436,0.4686656892299652,0.4426290690898895,0.010067479684948921,0.14245598018169403,0.14328409731388092,0.25484079122543335,0.11746475100517273,0.022232865914702415,0.028168922290205956,2.29129091167124e-05,0.001315607107244432,0.02429988980293274,0.0005472859484143555,0.004335196688771248,0.0007855644798837602,0.0026585145387798548,0.00011999416165053844,0.00014269244275055826,0.0032707867212593555,0.0006837635883130133,0.0003560292534530163,0.00035312221734784544,0.0031793343368917704,0.004366662818938494,0.7873134016990662,0.00906158983707428,0.11921747773885727,0.036617476493120193,0.04471932724118233,0.01269935816526413,1.01330044799397e-06,8.465847258776193e-07,4.308387724449858e-05,0.00017195443797390908,9.910557309922297e-06,2.074153053399641e-05,9.036563710651535e-07,2.9140110768821614e-07,1.0,1233.0
1.140605149885232e-06,0.1738448441028595,0.148448184132576,0.0014861192321404815,0.0360160656273365,0.026539182290434837,0.00020695317653007805,5.419594799604965e-07,4.1050265053854673e-07,0.3962685763835907,0.3560433089733124,0.08129646629095078,0.07797812670469284,0.005287537816911936,0.3480377793312073,0.31756141781806946,0.01638861373066902,0.13532689213752747,0.17431078851222992,0.6959731578826904,0.6326800584793091,0.0011526159942150116,0.0010224462021142244,0.0022013727575540543,0.0004748336796183139,0.003965794574469328,0.00019058462930843234,0.00011416570487199351,0.0023413258604705334,0.013516770675778389,0.03352460637688637,0.02146920934319496,0.0016312707448378205,0.0005018028314225376,0.12405287474393845,0.13384024798870087,0.023516766726970673,0.05750725045800209,0.004077926743775606,0.00011618337885010988,0.006800474599003792,0.0017881477251648903,0.0009792224736884236,0.013818257488310337,0.04839351400732994,0.06009462848305702,0.08287211507558823,0.06040045991539955,0.0004912782460451126,0.0014013168402016163,3.3280550724157365e-06,2.234653265986708e-06,2.0,1234.0
1.0913363439613022e-06,0.05241855978965759,0.025690240785479546,0.021783920004963875,0.08843065798282623,0.11504726856946945,8.814557077130303e-06,7.732460005627217e-08,1.0539426398281648e-07,0.2700548470020294,0.24882608652114868,0.09575773775577545,0.11050627380609512,0.010757091455161572,0.2504405975341797,0.2578488290309906,0.016086095944046974,0.08956551551818848,0.0952763557434082,0.7416324019432068,0.5892974138259888,0.0021379466634243727,0.0011170479701831937,1.6801697711343877e-05,0.00468097347766161,0.034329548478126526,0.0001632463390706107,0.016523100435733795,0.002586264396086335,0.002830173820257187,4.161990091233747e-06,6.965039119677385e-06,0.003923559561371803,0.016755271703004837,0.00018679680943023413,0.00014420525985769928,0.002251350088045001,0.004503163043409586,0.7850360870361328,0.0005242354236543179,0.02853020653128624,0.04603485018014908,0.011257043108344078,0.0037583373486995697,3.540074658303638e-06,3.4295783279958414e-06,1.488875932409428e-05,0.00019326567417010665,7.105194981704699e-06,1.0958399798255414e-05,5.623890615424898e-07,1.3106924257044739e-07,1.0,1235.0
8.782150871411432e-06,0.06812804937362671,0.06119978800415993,0.1486922800540924,0.023002134636044502,0.021495047956705093,1.3274841876409482e-05,9.793944855118752e-07,1.0910210903603001e-06,0.02860851213335991,0.011605515144765377,0.05697042867541313,0.04930991679430008,0.02236240729689598,0.13453377783298492,0.12573616206645966,0.033247604966163635,0.1269417405128479,0.14090733230113983,0.19199228286743164,0.05770868808031082,0.019364042207598686,0.031263355165719986,4.977624848834239e-05,0.00013718432455789298,0.0006651708972640336,1.2234746463946067e-05,0.00012763289851136506,0.005904911085963249,0.0006479322910308838,0.16253434121608734,0.2531418204307556,0.00023911397147458047,0.0011465295683592558,5.637974027195014e-05,0.00010110784933203831,0.09632586687803268,0.014517988078296185,0.004798993468284607,0.0008033430203795433,0.005404651630669832,0.0003323624550830573,0.4437410831451416,0.31355220079421997,0.010345099493861198,0.006578649394214153,0.05856291577219963,0.12378810346126556,0.019405098631978035,0.02008681371808052,6.229763130249921e-06,2.0613726974261226e-06,2.0,1236.0
2.487676908913272e-07,0.0018191870767623186,0.000845118542201817,0.5435295104980469,0.290603905916214,0.36003577709198,0.00011682228068821132,6.792400313315738e-07,8.862965046319005e-07,0.04085741192102432,0.07601331919431686,0.3526620864868164,0.34632396697998047,0.05061454325914383,0.2413199543952942,0.14733684062957764,0.012191853486001492,0.035074155777692795,0.025208650156855583,0.16746339201927185,0.1723419725894928,0.031776588410139084,0.01732497289776802,0.0004020382766611874,0.3743637204170227,0.8335060477256775,0.0004020545748062432,0.0009685700642876327,0.018671130761504173,0.05600547045469284,0.001216271659359336,0.001661831047385931,0.04301644116640091,0.006360088475048542,0.1346684843301773,0.22649569809436798,0.0007867147214710712,0.003394391853362322,0.21888189017772675,7.940982322907075e-05,0.005336486268788576,0.011066564358770847,0.0016516216564923525,0.011346348561346531,4.785630517289974e-05,5.527439861907624e-05,9.47080334299244e-05,0.0007858216413296759,0.0002619189617689699,0.0002579741703812033,7.489728886866942e-06,2.0979077817173675e-06,1.0,1237.0
1.186294070976146e-06,0.4528646767139435,0.37468618154525757,0.0005224708002060652,0.0024656609166413546,0.0034519857726991177,1.8646820535650477e-05,2.1230451352494129e-07,1.4357985378410376e-07,0.11302178353071213,0.06832233816385269,0.022776063531637192,0.01679408550262451,0.05799812078475952,0.06619413942098618,0.06623434275388718,0.0596090592443943,0.334629088640213,0.35733193159103394,0.4454174041748047,0.4601227343082428,0.0044182040728628635,0.004298514220863581,0.000137795927003026,0.0010587882716208696,0.007381523959338665,7.075737812556326e-05,0.0007536569610238075,0.001213675830513239,0.0007846693624742329,0.008439615368843079,0.008543983101844788,0.0009229498100467026,0.00017799276974983513,0.001806626794859767,0.0022022598423063755,0.0382227748632431,0.021651659160852432,0.010817387141287327,0.0015440770657733083,0.006959628313779831,0.007806476205587387,0.00463548768311739,0.0055983285419642925,0.00037478975718840957,0.000218440021853894,0.0059464676305651665,0.004108928143978119,3.046443816856481e-05,4.14368296333123e-05,1.1973165783274453e-06,7.742936531940359e-07,1.0,1238.0
1.6593138241205452e-07,0.0003421138389967382,0.0009213761077262461,0.12106915563344955,0.771972119808197,0.3997596502304077,3.697189094964415e-05,7.469995466635737e-07,6.785731443414988e-07,0.034717656672000885,0.03448601812124252,0.6347088813781738,0.6399445533752441,0.013843987137079239,0.359087735414505,0.3497942388057709,0.005432479549199343,0.007757877465337515,0.005441772285848856,0.03455157205462456,0.031139306724071503,0.03733085095882416,0.0376846119761467,0.00021736961207352579,0.01274821162223816,0.07362356781959534,0.0011295375879853964,0.00020040766685269773,0.0008772838627919555,0.0023307797964662313,0.00011297832679701969,0.00012508714280556887,0.07977268844842911,0.005011371336877346,0.14235593378543854,0.11303190141916275,0.0012137647718191147,0.0031632022000849247,0.7162582874298096,0.0010385597124695778,0.013545394875109196,0.0650441125035286,0.003463966306298971,0.1337636560201645,3.115974323009141e-06,2.0788522760994965e-06,6.462109740823507e-05,0.0001553056063130498,0.009654839523136616,0.009874194860458374,3.0399460229091346e-05,9.399478813065798e-07,1.0,1239.0
1.957695531018544e-06,0.3175342082977295,0.17590363323688507,0.0074369460344314575,0.01155184954404831,0.019495276734232903,1.1695792636601254e-05,8.123202377419148e-08,3.047148595669569e-07,0.34966975450515747,0.36443546414375305,0.27254846692085266,0.2887529134750366,0.007796422112733126,0.28212711215019226,0.2637997269630432,0.021292226389050484,0.024537343531847,0.021762289106845856,0.2595286965370178,0.2779085636138916,0.0012305511627346277,0.0005576267139986157,1.6278063412755728e-05,0.0011171868536621332,0.011996743269264698,8.183164754882455e-05,0.0021048225462436676,0.0036721150390803814,0.003561994293704629,0.000598853686824441,0.0005224665510468185,0.00016623316332697868,0.00411838898435235,0.000124958751257509,0.00013259284605737776,0.10919582098722458,0.03982314094901085,0.011700916104018688,0.0005037639639340341,0.10627807676792145,0.022433770820498466,0.1100187599658966,0.00974978692829609,0.0001737855636747554,9.85639271675609e-05,0.0011449084850028157,0.0007361672469414771,2.8841905077570118e-05,4.4703840103466064e-05,5.685594146598305e-07,3.5991880054098147e-07,1.0,1240.0
6.374010581566836e-07,0.17066942155361176,0.15864281356334686,0.001013952074572444,0.015457123517990112,0.05415121838450432,0.0010871656704694033,3.061344159505097e-06,1.1692372936522588e-06,0.07165277004241943,0.10633192211389542,0.06999629735946655,0.07577178627252579,0.009256280958652496,0.40793976187705994,0.3920948803424835,0.008892510086297989,0.16205251216888428,0.15113046765327454,0.49689096212387085,0.39078378677368164,0.010804853402078152,0.011280211620032787,0.0014568164478987455,0.027034321799874306,0.629615306854248,0.0016869449755176902,0.0003152986173518002,0.01970651000738144,0.03840407356619835,0.01599062606692314,0.011713046580553055,0.04696049913764,0.0016040365444496274,0.5050859451293945,0.4155803620815277,0.00459687365218997,0.004718173760920763,0.047631923109292984,3.984206705354154e-05,0.0008242342155426741,0.00022771433577872813,0.00047411458217538893,0.09702756255865097,0.31983402371406555,0.22542858123779297,0.26661717891693115,0.024511877447366714,0.0113637400791049,0.009835636243224144,7.095660748746013e-06,6.445820417866344e-06,1.0,1241.0
4.779945470545499e-07,0.000253883219556883,0.0005049138562753797,0.6082911491394043,0.6903648376464844,0.41906654834747314,1.354310370516032e-05,1.6938422504608752e-06,3.625639237725409e-07,0.004763428121805191,0.008952753618359566,0.08322860300540924,0.09744319319725037,0.06316401809453964,0.1500961035490036,0.07265843451023102,0.015122240409255028,0.11924093961715698,0.12115421146154404,0.05526632070541382,0.08118687570095062,0.14077109098434448,0.08103953301906586,0.00022556187468580902,0.0009454480023123324,0.002579039428383112,5.483381391968578e-05,8.13189399195835e-05,5.7620214647613466e-05,0.0015058503486216068,0.28387007117271423,0.29608702659606934,0.0048844413831830025,0.0005912345368415117,0.005371477920562029,0.0033937529660761356,0.0004762736498378217,0.0082347197458148,0.35591500997543335,0.0005239606834948063,0.0031950101256370544,0.0004733065434265882,0.00740878377109766,0.046012938022613525,0.00010237732931273058,0.00021881837164983153,0.00952779408544302,0.10152222216129303,0.0007207141607068479,0.0023131167981773615,1.965867522812914e-05,7.40962320833205e-07,1.0,1242.0
5.844119641551515e-06,0.3069278299808502,0.29488587379455566,0.0009065338526852429,0.0064767468720674515,0.014963305555284023,1.398781478201272e-05,8.121309065245441e-07,1.5261026646840037e-06,0.157794788479805,0.06148507073521614,0.045230086892843246,0.033468566834926605,0.0014492971822619438,0.6217117309570312,0.5914480686187744,0.0037722454871982336,0.1743723303079605,0.1903548538684845,0.4631628692150116,0.4435543417930603,0.0035616355016827583,0.005563051905483007,3.455335900071077e-05,0.00044102646643295884,0.006978288758546114,0.00028394340188242495,0.0007885276572778821,0.005462291184812784,0.0006830553174950182,0.01383025012910366,0.018584348261356354,0.00027581609901972115,0.000733685155864805,0.00020576379029080272,0.0005706163356080651,0.07972675561904907,0.012308766134083271,0.04606729373335838,0.000988930813036859,0.16364920139312744,0.009338629432022572,0.2220773994922638,0.04519551247358322,8.468570740660653e-05,3.1785359169589356e-05,0.002573547651991248,0.00482721533626318,4.2656378354877234e-05,3.830534842563793e-05,1.5552068362012506e-06,1.0481865047040628e-06,2.0,1243.0
3.6776700653717853e-06,0.170254647731781,0.3578146696090698,0.0015630724374204874,0.010142363607883453,0.002255854196846485,8.101435923890676e-06,4.4264683651817904e-07,3.2754391554590256e-07,0.1093837171792984,0.08088517189025879,0.14993076026439667,0.14518417418003082,0.08838625997304916,0.042540811002254486,0.04242844134569168,0.07991568744182587,0.059036970138549805,0.06523770838975906,0.42690208554267883,0.34160247445106506,0.0066086952574551105,0.004511199425905943,1.4813173947914038e-05,0.0016845559002831578,0.012941079214215279,7.466793613275513e-05,0.0024536605924367905,0.00072307517984882,0.00043845557956956327,0.014498617500066757,0.021895242854952812,0.0006365121225826442,0.0004971186863258481,0.0001575419883010909,0.00012524456542450935,0.01394298579543829,0.019326036795973778,0.03434257581830025,0.0017488258890807629,0.07513486593961716,0.030460190027952194,0.18609948456287384,0.07064758986234665,2.1532800019485876e-05,1.873582004918717e-05,0.0010871958220377564,0.003799533238634467,7.421970076393336e-05,0.0001344669290119782,8.361641334886372e-07,1.1039743412766256e-06,1.0,1244.0
3.8436337490566075e-06,0.3286115229129791,0.2799483835697174,0.0002946940076071769,0.005747055634856224,0.014423137530684471,1.1134280612168368e-05,5.442737460725766e-07,4.3765592749878124e-07,0.12963616847991943,0.08177269250154495,0.06949511915445328,0.07885913550853729,0.016892192885279655,0.1415995955467224,0.16804158687591553,0.035794325172901154,0.15726430714130402,0.13488756120204926,0.5521382093429565,0.43746334314346313,0.005140174645930529,0.005293314345180988,2.0343310097814538e-05,0.00011394600733183324,0.006703405175358057,0.0002901807602029294,0.0013805426424369216,0.004402114078402519,0.005487676244229078,0.003509765025228262,0.007149663288146257,0.00011798072227975354,1.5844725567149e-05,0.00025338458362966776,0.0001886240061139688,0.04581713676452637,0.06588397175073624,0.016482660546898842,0.09385208040475845,0.1366991102695465,0.009660212323069572,0.3443530797958374,0.02054566890001297,0.00015146436635404825,0.00021253626618999988,0.00043929103412665427,0.017466984689235687,2.7341769964550622e-05,3.168714829371311e-05,6.607202180930472e-07,8.42914346321777e-07,1.0,1245.0
6.091775503591634e-06,0.02056899294257164,0.08536820858716965,0.004516967106610537,0.11533216387033463,0.05113455653190613,0.0007855345029383898,2.1307621409505373e-06,7.099067715898855e-07,0.01625731587409973,0.03109588660299778,0.0035646408796310425,0.007105942349880934,0.05389941856265068,0.03891661390662193,0.0672629326581955,0.10602588951587677,0.6927503943443298,0.6654753684997559,0.37724146246910095,0.09666350483894348,0.050012197345495224,0.014504575170576572,0.0003117636952083558,0.0024713838938623667,0.3992329239845276,0.0005215780693106353,0.011147834360599518,0.0012828760081902146,0.0011159153655171394,0.001851067179813981,0.0019141474040225148,0.029005538672208786,0.0001648897596169263,0.0196763277053833,0.025145960971713066,0.003323619719594717,0.003593899542465806,0.028487583622336388,0.001679812092334032,0.0020402874797582626,0.006741221062839031,0.0011618977878242731,0.03449380025267601,0.5866209268569946,0.6702467203140259,0.004578183870762587,0.019646232947707176,0.03141649439930916,0.03698132187128067,1.5441361256307573e-06,7.13552844899823e-06,1.0,1246.0
1.1034206863769214e-06,0.0015182854840531945,0.0023058599326759577,0.020326143130660057,0.6560981869697571,0.4184028208255768,0.0019053210271522403,1.2663706456805812e-06,1.5657880112485145e-06,0.0190870463848114,0.015544583089649677,0.035965949296951294,0.04186045750975609,0.11631308495998383,0.060357850044965744,0.03890007361769676,0.09331347048282623,0.3214022219181061,0.29462653398513794,0.316360205411911,0.0972960963845253,0.07094715535640717,0.04382605478167534,0.001224588486365974,0.005301284603774548,0.761288046836853,0.0052308267913758755,0.0013461668277159333,0.0432552807033062,0.024391837418079376,0.0001888115075416863,0.00021216634195297956,0.03488088399171829,0.000650403555482626,0.5381418466567993,0.5666250586509705,0.013722790405154228,0.02335769310593605,0.01128859631717205,0.0005649767117574811,0.0002666336658876389,0.006187134422361851,0.00037548047839663923,0.011225741356611252,0.7571041584014893,0.8257617950439453,0.0034479480236768723,0.013429447077214718,0.050030648708343506,0.05173541605472565,8.795947906037327e-06,7.984343938005622e-06,1.0,1247.0
2.1792291136080166e-06,0.0005465236026793718,0.00096617650706321,0.14138953387737274,0.7468963861465454,0.28682881593704224,4.906602407572791e-05,1.6762746781751048e-06,6.037779485268402e-07,0.13513201475143433,0.08025157451629639,0.03423828259110451,0.02406272105872631,0.12375476211309433,0.032476477324962616,0.02516363374888897,0.1391964703798294,0.2799873352050781,0.29039207100868225,0.5361862778663635,0.3605385720729828,0.003648894838988781,0.004582186695188284,0.00023580192646477371,0.0009862928418442607,0.015560781583189964,3.561071207514033e-05,0.005948035512119532,0.008415292017161846,0.00031445478089153767,0.007470274809747934,0.011003312654793262,0.0034781990107148886,3.863737219944596e-05,0.00036138916038908064,0.0016603674739599228,0.026841307058930397,0.0014318337198346853,0.05815910920500755,0.011248044669628143,0.002808669116348028,0.0010739689460024238,0.0033606290817260742,0.013219554908573627,0.06042896583676338,0.017934828996658325,0.09108752757310867,0.11033844947814941,0.0007613493944518268,0.0002726418024394661,3.414416141822585e-06,1.5651520470782998e-06,1.0,1248.0
1.8623043160914676e-06,0.3474409580230713,0.3972166180610657,0.00016347048222087324,0.002834910759702325,0.0010084573877975345,2.6277328288415447e-05,2.0424565150278795e-07,1.8148791980365786e-07,0.09541475027799606,0.21127715706825256,0.04457920789718628,0.05801965296268463,0.02230100706219673,0.13819830119609833,0.17800284922122955,0.040092796087265015,0.21589942276477814,0.22014804184436798,0.40109798312187195,0.5414799451828003,0.008112993091344833,0.0011786186369135976,4.91575883643236e-05,0.005531706381589174,0.03098914586007595,7.618634845130146e-05,0.00379934161901474,0.005672855768352747,0.0018476933473721147,0.002259840490296483,0.002638427773490548,0.0009926401544362307,0.0001534887560410425,0.0009741319809108973,0.001684635179117322,0.03662297874689102,0.032250069081783295,0.010605206713080406,0.0032695664558559656,0.07755473256111145,0.0339469276368618,0.04438125342130661,0.017629127949476242,9.714541374705732e-05,6.301502435235307e-05,0.0016588630387559533,0.001148149953223765,0.00022372417151927948,0.0002454885980114341,3.998042927833012e-07,2.789748236864398e-07,1.0,1249.0
3.956414730055258e-06,0.1190151497721672,0.19220764935016632,0.0026686559431254864,0.04390754550695419,0.020586293190717697,7.283240393007873e-06,1.0364086620029411e-06,2.6315981926927634e-07,0.14780156314373016,0.11480177938938141,0.023918723687529564,0.019591597840189934,0.05048694461584091,0.046628162264823914,0.057796355336904526,0.07682182639837265,0.3136502206325531,0.3119038939476013,0.48902392387390137,0.45229819416999817,0.004177055787295103,0.003413344966247678,1.6656120351399295e-05,0.00391697371378541,0.014293779619038105,3.44921245414298e-05,0.0015345124993473291,0.000603499123826623,0.0005404131952673197,0.017483210191130638,0.027696292847394943,0.004455243237316608,0.001088353805243969,0.0005292811547406018,0.0006616123137064278,0.001829387852922082,0.0056607406586408615,0.7942321300506592,0.0011446623830124736,0.18214580416679382,0.034902505576610565,0.21657025814056396,0.08367336541414261,6.353770345413068e-07,5.419062745204428e-07,0.00010462864156579599,0.0016500469064339995,5.980791320325807e-05,0.0001224719308083877,1.3258749049782637e-06,1.2040081855957396e-06,2.0,1250.0
2.3601605789735913e-06,0.0006635506870225072,0.00016622032853774726,0.34487128257751465,0.7621931433677673,0.8777150511741638,2.0257315554772504e-05,1.8028758859145455e-06,2.5487995571893407e-06,0.011629304848611355,0.008775325492024422,0.014527472667396069,0.008378809317946434,0.003776643890887499,0.6181334257125854,0.6386880874633789,0.0032857502810657024,0.5033014416694641,0.5010430812835693,0.03938215598464012,0.10245989263057709,0.03299163654446602,0.11579837650060654,5.7818808272713795e-05,0.002439808566123247,0.07454982399940491,0.0018292388413101435,0.022469529882073402,0.038792021572589874,0.00026144791627302766,0.00010583559924270958,9.10547241801396e-05,0.04143470153212547,0.1024264246225357,0.000247017276706174,0.0013454197905957699,0.02532084472477436,0.00036411421024240553,0.9084047079086304,0.0001447597605874762,0.028875960037112236,0.010588837787508965,0.01761781983077526,0.02097165212035179,4.3128642573719844e-05,2.4402061171713285e-06,0.0009383162250742316,4.83988769701682e-05,7.102047675289214e-05,2.336597208341118e-05,2.922292424045736e-06,2.3772740576077922e-07,1.0,1251.0
3.3268258903262904e-07,0.0018228134140372276,0.002441483549773693,0.5018355846405029,0.20325200259685516,0.3930651843547821,1.0427934284962248e-05,3.2101215765578672e-06,7.587955792587309e-07,0.6900360584259033,0.7344674468040466,0.8257668018341064,0.8274374604225159,0.014795524068176746,0.4897863268852234,0.48288366198539734,0.011096496134996414,0.0031199906952679157,0.0023172912187874317,0.37016093730926514,0.36407631635665894,0.0005350752035155892,0.0005917875678278506,0.0003599673800636083,1.3929189663031138e-05,0.0002252539125038311,0.005606698803603649,2.5410306534467964e-06,0.0022231636103242636,0.0006981398328207433,0.06617752462625504,0.06897182762622833,0.010393394157290459,0.0003377161337994039,0.004172085784375668,0.011151599697768688,0.022324008867144585,0.0037746387533843517,0.2645088732242584,0.0013692217180505395,0.002090665278956294,0.00046291391481645405,0.009368759579956532,0.06632532179355621,0.0004958794452250004,0.00022811941744294018,0.01521051861345768,0.04820489510893822,0.00306943547911942,0.0015126749640330672,0.000138145886012353,1.1864524367410922e-06,2.0,1252.0
4.2777332964760717e-07,0.05611090362071991,0.025462830439209938,0.0019745680037885904,0.0838046446442604,0.030241459608078003,5.441064786282368e-05,2.838088732914912e-07,4.7891575150060817e-08,0.14384426176548004,0.10842176526784897,0.11803984642028809,0.1383085995912552,0.17131267488002777,0.02242179960012436,0.03784238547086716,0.1838032454252243,0.08601975440979004,0.0689348503947258,0.5738898515701294,0.3144199252128601,0.008984947577118874,0.0024153178092092276,0.0005602192832157016,0.0030370804015547037,0.004104717168956995,1.7827022020355798e-05,6.42695085844025e-05,0.000520921777933836,0.014793320558965206,0.010989698581397533,0.010754620656371117,0.0024410507176071405,0.00010148418368771672,0.05375206097960472,0.029870634898543358,0.0046785082668066025,0.10140682011842728,0.0022339392453432083,0.000872512930072844,0.00257683708332479,0.0015233251033350825,0.008007186464965343,0.05060505121946335,0.0014519535470753908,0.0036135674454271793,0.0027827993035316467,0.016043441370129585,0.04739208519458771,0.09356044232845306,2.926208026110544e-06,1.0720084446802502e-06,1.0,1253.0
2.288008772666217e-06,0.07669989764690399,0.0892414078116417,0.0019147935090586543,0.05737807974219322,0.06974975019693375,1.7027361536747776e-05,2.850074736215902e-07,2.412919570815575e-07,0.47382649779319763,0.5835589170455933,0.36467161774635315,0.3633785843849182,0.02122056670486927,0.12319892644882202,0.1299780011177063,0.039632391184568405,0.03540925681591034,0.01837247982621193,0.4695899784564972,0.3344152271747589,0.001470854040235281,0.00023985419829841703,1.9319841157994233e-05,0.0030886875465512276,0.00783046055585146,6.81202654959634e-05,0.000508801662363112,0.0011798582272604108,0.004274565260857344,0.0014299742178991437,0.0015906010521575809,0.002614279743283987,0.02589213289320469,0.0010172578040510416,0.000739304581657052,0.0038069020956754684,0.021722253412008286,0.3273420035839081,0.0001244711602339521,0.0900246724486351,0.009882673621177673,0.22408999502658844,0.23976218700408936,1.0472910616954323e-05,1.1370710126357153e-05,0.00014048090088181198,0.0008953213109634817,0.0005225344793871045,0.0014852321473881602,2.677589009181247e-06,4.662334447402827e-07,1.0,1254.0
9.022768381328206e-07,3.417573680053465e-05,6.591836427105591e-05,0.9114916920661926,0.832607626914978,0.523816704750061,1.4151508366921917e-05,2.2158714330089424e-07,8.873528258845909e-07,0.012601046822965145,0.004689926281571388,0.2866779863834381,0.251891553401947,0.07160502672195435,0.05423474684357643,0.05881372094154358,0.0779183879494667,0.03621642291545868,0.03560063615441322,0.0243353471159935,0.006571121048182249,0.09895980358123779,0.10798434913158417,6.779836257919669e-05,0.00021096589625813067,0.00012053109094267711,2.3557986423838884e-05,9.843725820246618e-06,0.12341833859682083,0.040589410811662674,0.00019482853531371802,0.00034115189919248223,0.0006930831004865468,0.003043429460376501,0.0001317924034083262,0.00014751443814020604,0.09868543595075607,0.08594315499067307,0.01472210418432951,0.0019197078654542565,0.0012564619537442923,0.0003896887646988034,0.24178415536880493,0.1471235752105713,0.1700396090745926,0.1279328614473343,0.0014063128037378192,0.006455710157752037,0.02800326980650425,0.016335489228367805,1.4584090422431473e-05,3.380272914910165e-07,1.0,1255.0
9.287057309848024e-07,0.0334363617002964,0.054264385253190994,0.008148898370563984,0.14511539041996002,0.056507788598537445,1.5593383068335243e-05,2.7742646580009023e-07,1.822392476924506e-07,0.47607091069221497,0.5723099112510681,0.45949456095695496,0.44746848940849304,0.011920340359210968,0.22265715897083282,0.2273566871881485,0.024384422227740288,0.02430364303290844,0.013426106423139572,0.5361862182617188,0.5683467388153076,0.0019350390648469329,0.00022250160691328347,4.005135633633472e-05,0.0004829081881325692,0.05998429283499718,0.002360311569646001,0.008645497262477875,0.00025909795658662915,0.001214181655086577,0.0020163964945822954,0.004831067286431789,0.0013558348873630166,6.614303856622428e-05,0.0033196844160556793,0.0024755888152867556,0.0007036451715976,0.005567561369389296,0.5976433753967285,0.017964594066143036,0.08066164702177048,0.019970664754509926,0.011715305037796497,0.0034261438995599747,5.652577215187193e-07,1.245297426066827e-06,3.882266901200637e-05,0.010416495613753796,8.927265298552811e-06,2.324085471627768e-05,1.9332921965542482e-06,6.182240781527071e-07,1.0,1256.0
1.0047335763374576e-06,0.011361195705831051,0.10239451378583908,0.01365440059453249,0.21642303466796875,0.06009739637374878,2.514725929358974e-05,7.27584961168759e-07,7.301046593966021e-07,0.0314449779689312,0.019015947356820107,0.08227866142988205,0.09015651792287827,0.00023178297851700336,0.9069091081619263,0.9106958508491516,0.001180539489723742,0.09015042334794998,0.08776751160621643,0.20578424632549286,0.1537303477525711,0.0264756977558136,0.02785600908100605,0.00021893794473726302,2.6812407668330707e-05,0.0004778631846420467,0.0017504949355497956,1.6573507309658453e-05,0.0018370416946709156,0.012285593897104263,0.022724246606230736,0.012607194483280182,0.00042446740553714335,5.8819790865527466e-05,0.0014749427791684866,0.0013726790202781558,0.0783446654677391,0.04083859175443649,0.008455263450741768,0.010098425671458244,0.0066118864342570305,0.0006295659695751965,0.022966032847762108,0.049911487847566605,0.004073222167789936,0.00410350551828742,0.025827880948781967,0.010987289249897003,0.0002689109242055565,0.00042050943011417985,1.6395097190979868e-05,1.26717156945233e-06,1.0,1257.0
1.6259753010672284e-06,0.26638680696487427,0.17884819209575653,0.009652738459408283,0.012949470430612564,0.018503675237298012,1.1497318155306857e-05,2.849631641765882e-07,3.927071645648539e-07,0.16289561986923218,0.08773041516542435,0.06897690147161484,0.07635943591594696,0.04229405149817467,0.04049298167228699,0.10350942611694336,0.10530903935432434,0.10361657291650772,0.10841289162635803,0.45681747794151306,0.28339195251464844,0.0035165357403457165,0.005284924991428852,2.3275857529370114e-05,0.014940852299332619,0.050864268094301224,8.493479253957048e-05,0.017752954736351967,0.005538278724998236,0.00027188516105525196,0.00010936539911199361,0.00013740231224801391,0.005265034735202789,0.053919751197099686,0.00028526567621156573,0.0005101652350276709,0.003341403789818287,0.0006085995119065046,0.9594972729682922,0.00011206801718799397,0.16600272059440613,0.05562876909971237,0.041157543659210205,0.007728093769401312,8.261703214884619e-07,1.755488767685165e-07,8.968832844402641e-05,5.313179281074554e-05,8.353755220014136e-06,5.79184825255652e-06,6.072062319617544e-07,2.818635778112366e-07,2.0,1258.0
5.29401575022348e-07,0.383455365896225,0.1551407426595688,0.011740528047084808,0.040384624153375626,0.059257108718156815,0.0001630487822694704,4.1313796828035265e-07,5.684840402864211e-07,0.13140955567359924,0.12763702869415283,0.5560933351516724,0.5648387670516968,0.018295522779226303,0.14794494211673737,0.21853560209274292,0.04257364943623543,0.02288215607404709,0.023750774562358856,0.1323164701461792,0.3372061848640442,0.03154066950082779,0.017534920945763588,0.0015143732307478786,0.03982635959982872,0.01948503404855728,4.610065388988005e-06,0.00010720593854784966,0.002134316135197878,0.001922844210639596,0.3619854152202606,0.3017861545085907,0.00337246828712523,0.0017462887335568666,0.21506965160369873,0.21155473589897156,0.017180338501930237,0.01241711713373661,0.0008710402180440724,4.848074240726419e-06,0.01129106618463993,0.003785263281315565,0.0024042902514338493,0.008482523262500763,0.007217970211058855,0.0053410641849040985,0.21429064869880676,0.03767379745841026,0.15797242522239685,0.1011122390627861,1.5451083754669526e-06,3.439230567892082e-06,1.0,1259.0
4.688324395374366e-07,0.0026814399752765894,0.006860683672130108,0.17015008628368378,0.38488781452178955,0.18567690253257751,1.5301953681046143e-05,4.032783067486889e-07,2.5696274974507105e-07,0.6438971757888794,0.6540495157241821,0.7458547353744507,0.7369476556777954,0.0420619361102581,0.14261876046657562,0.12650948762893677,0.02758657932281494,0.0043886820785701275,0.0036085357423871756,0.44844764471054077,0.4494757354259491,0.0005392493330873549,0.00026086950674653053,0.0001360433379886672,0.0010353333782404661,0.0016794371185824275,1.6301741197821684e-05,0.0002835268387570977,0.0003522579208947718,0.0004858132160734385,0.10625927895307541,0.08804956078529358,0.0007577127544209361,0.0048284041695296764,0.0005772157455794513,0.0006576048326678574,0.005494910292327404,0.007316358853131533,0.03411365672945976,6.562614726135507e-05,0.0026722450274974108,0.0005325573729351163,0.008386791683733463,0.023165816441178322,0.0011297565652057528,0.0009963731281459332,0.08569727838039398,0.07549179345369339,0.00107117451261729,0.001975181046873331,6.989598659856711e-06,7.10963035999157e-07,1.0,1260.0
2.443586879508075e-07,0.001158950850367546,0.00027096617850475013,0.660532534122467,0.4403611123561859,0.3934345543384552,1.2794622307410464e-05,1.7707358779261995e-07,7.251072133840353e-07,0.005792662966996431,0.005452208686619997,0.4239741861820221,0.4414686858654022,0.07542052119970322,0.11910879611968994,0.04833146184682846,0.028619840741157532,0.013374827802181244,0.01073815580457449,0.02303488738834858,0.008893165737390518,0.13330908119678497,0.1152389869093895,0.00011118496331619099,0.005780247040092945,0.018442245200276375,0.0002868778828997165,0.00021214147272985429,0.003528915112838149,0.0008337004692293704,6.045046393410303e-05,0.00010083892266266048,0.01983182691037655,0.00403648242354393,0.012950804084539413,0.019599590450525284,0.0032569030299782753,0.0024677400942891836,0.6562767028808594,0.0012225768296048045,0.01063308585435152,0.05268596485257149,0.002998968819156289,0.023145100101828575,2.2465640086011263e-06,1.3645071703649592e-06,2.9475662813638337e-05,0.00020903607946820557,0.0003651158476714045,0.00032273208489641547,1.3591235074272845e-05,3.195230533492577e-07,1.0,1261.0
2.712331195198203e-07,0.043289877474308014,0.24487271904945374,0.03272237256169319,0.0434219166636467,0.005701562389731407,2.6268307919963263e-05,1.485845331217206e-07,6.638897076527428e-08,0.10631641745567322,0.10506749153137207,0.10492566972970963,0.10743143409490585,0.039294835180044174,0.1101955845952034,0.10547835379838943,0.03722376376390457,0.09906253218650818,0.09848064184188843,0.4443954825401306,0.21636652946472168,0.012918337248265743,0.0027401987463235855,0.00012997652811463922,0.0047817896120250225,0.022408854216337204,4.5722597860731184e-05,0.0019111762521788478,3.760932304430753e-05,0.0025776096154004335,0.03998534753918648,0.026486115530133247,0.0004975164192728698,0.0001211332346429117,0.007413196377456188,0.003148534568026662,0.0010491596767678857,0.023500189185142517,0.023685749620199203,0.0009958174778148532,0.014600506983697414,0.014227254316210747,0.0025875598657876253,0.002014890545979142,1.698694541119039e-05,3.1593583116773516e-05,0.007173940539360046,0.005115889012813568,3.856845432892442e-05,0.00010177869990002364,1.3800097349303542e-06,5.677050012309337e-07,1.0,1262.0
1.4805934824835276e-06,0.0594928078353405,0.07052943855524063,0.00794265978038311,0.09975215047597885,0.03222282975912094,1.520594105386408e-05,2.610760247989674e-07,2.1104304437358223e-07,0.056184522807598114,0.17973637580871582,0.030068423599004745,0.20767323672771454,0.7502045631408691,0.0010033929720520973,0.004501341842114925,0.8194602727890015,0.30364710092544556,0.0534047968685627,0.6402453184127808,0.15326400101184845,0.023228464648127556,0.0018382034031674266,2.6453128157299943e-05,0.007558696903288364,0.010498077608644962,2.6746545700007118e-05,0.0013351363595575094,0.0018442929722368717,0.001664109411649406,0.09034726023674011,0.1014203205704689,0.00010018821922130883,9.426339238416404e-05,0.00026083318516612053,0.0001593862980371341,0.03386581689119339,0.06510808318853378,0.0015626514796167612,0.002322528278455138,0.12210848182439804,0.06274241954088211,0.17807693779468536,0.01131804846227169,0.00017841500812210143,0.00017478600784670562,0.007611964829266071,0.011466198600828648,4.0007380448514596e-05,5.244791100267321e-05,5.809887397845159e-07,1.349493913949118e-06,2.0,1263.0
1.0310633342669462e-06,0.07701326161623001,0.056964755058288574,0.05284028500318527,0.05216880515217781,0.033478569239377975,1.984326445381157e-05,5.385892904996581e-07,4.3702988250515773e-07,0.3639305830001831,0.31586259603500366,0.5413881540298462,0.5588325262069702,0.021062973886728287,0.026113230735063553,0.18737009167671204,0.17089837789535522,0.010914061218500137,0.005181082524359226,0.419146329164505,0.1022711917757988,0.003228602698072791,0.001515556126832962,0.0001597828377271071,0.0008666545618325472,0.005488207563757896,0.0008745971717871726,3.954457861254923e-05,0.10083578526973724,0.0032299121376127005,2.013877747231163e-05,5.877873991266824e-05,0.046686459332704544,0.00667262077331543,0.01352642010897398,0.027094749733805656,0.004259294364601374,0.0033203628845512867,0.7177706360816956,0.0009510438540019095,0.012414585798978806,0.005986351054161787,0.0249598640948534,0.27991148829460144,1.2791303561243694e-05,1.071377300831955e-05,5.0343146540399175e-06,0.000533887417986989,0.026874303817749023,0.013205192983150482,2.1082183593534864e-05,2.172650738430093e-06,2.0,1264.0
2.427086201350903e-06,0.4415152370929718,0.47681039571762085,0.0005075349472463131,0.006629288196563721,0.0043065813370049,7.885081868153065e-05,1.0731735073932214e-06,5.463878096634289e-07,0.011864688247442245,0.02064591273665428,0.009479353204369545,0.021321015432476997,0.6774771213531494,0.0013996410416439176,0.005510805174708366,0.6231598258018494,0.4473532736301422,0.3860488533973694,0.5045825242996216,0.18011079728603363,0.049528177827596664,0.011491753160953522,0.0001621954725123942,0.0027306603733450174,0.13009630143642426,0.0004592810000758618,0.006532895378768444,0.0027138316072523594,0.002484576776623726,0.006323517300188541,0.008859272114932537,0.00346828019246459,1.5298039670597063e-06,0.00972177553921938,0.021457625553011894,0.005290066823363304,0.011749588884413242,0.008504267781972885,0.1501966118812561,0.017182448878884315,0.016808325424790382,0.0017592968652024865,0.008934752084314823,0.0004766142519656569,0.0009050855878740549,0.0017635367112234235,0.03670769929885864,0.0005318507319316268,0.0004948690184392035,7.773945185363118e-07,2.6727720978669822e-06,1.0,1265.0
1.4927722986612935e-06,0.00239377748221159,0.0019456271547824144,0.14252127707004547,0.5246583819389343,0.23843832314014435,5.702494945580838e-06,4.920481728731829e-07,3.0384865112864645e-07,0.06556488573551178,0.027804965153336525,0.11748044192790985,0.1227356344461441,0.00856863334774971,0.34449297189712524,0.35803985595703125,0.004835872445255518,0.07346167415380478,0.0841529592871666,0.43259507417678833,0.39769431948661804,0.01043789368122816,0.018030647188425064,9.539286111248657e-06,0.005255889147520065,0.02317640371620655,4.9463189498055726e-05,0.006958817597478628,0.00116254563909024,0.0006884498870931566,0.0015472921077162027,0.003245761152356863,0.0005390429869294167,0.004044119268655777,0.00026835795142687857,0.0001722771121421829,0.00793143268674612,0.028705157339572906,0.23175199329853058,0.0003548131790012121,0.22721651196479797,0.06473884731531143,0.28435948491096497,0.01154915988445282,1.4750166883459315e-06,1.2289442565815989e-06,7.11101311026141e-05,0.0016102109802886844,1.2679289284278639e-05,1.4044368981558364e-05,8.186519266928372e-07,4.983099870514707e-07,1.0,1266.0
1.5402107464979053e-06,0.07644113153219223,0.014142862521111965,0.17279545962810516,0.03337900713086128,0.058314308524131775,2.9590797566925175e-05,6.088176291996206e-07,3.995736790329829e-07,0.17879249155521393,0.21266768872737885,0.10709208995103836,0.13566051423549652,0.0020859255455434322,0.5168682336807251,0.4992507994174957,0.012511583045125008,0.07622136920690536,0.06905999034643173,0.3112783133983612,0.11893927305936813,0.004981187637895346,0.0025187991559505463,7.402207847917452e-05,0.14104367792606354,0.055031824856996536,1.6667450836393982e-05,0.0007624665158800781,0.0010946794645860791,0.0002957511751446873,0.005664929281920195,0.0069009773433208466,0.009931775741279125,0.0006557533051818609,0.007800551131367683,0.007838984951376915,0.0014798210468143225,0.0011367092374712229,0.44353023171424866,0.0013220779364928603,0.05441674962639809,0.031222982332110405,0.04793396219611168,0.09029605239629745,1.2042803518852452e-06,5.315365001479222e-07,0.0003554484574124217,0.00041964545380324125,0.0026150657795369625,0.0036198911257088184,6.254718300624518e-06,1.6079214901765226e-06,2.0,1267.0
1.1612694379437016e-06,0.000688479165546596,0.0005537837278097868,0.16878528892993927,0.7845547199249268,0.47944584488868713,0.00021142058540135622,2.2016097318555694e-06,6.6291858047407e-07,0.020944561809301376,0.019473833963274956,0.07351872324943542,0.08789214491844177,0.05021815747022629,0.0556967556476593,0.07444537431001663,0.0727263018488884,0.1325780600309372,0.1347181499004364,0.32931917905807495,0.12594954669475555,0.04095941409468651,0.03257671371102333,0.0021696595940738916,0.0014434990007430315,0.0005657073925249279,4.092290964763379e-06,1.606447585800197e-05,0.0037481619510799646,0.02565767802298069,0.34099388122558594,0.2687765061855316,0.001167748006992042,0.0003126635274384171,0.06600017845630646,0.07487517595291138,0.016712747514247894,0.032485008239746094,0.0061284685507416725,0.0005089548649266362,0.00434714462608099,0.0003016222908627242,0.023805564269423485,0.1059533953666687,0.0656660720705986,0.06713928282260895,0.11890450119972229,0.09846135228872299,0.18496385216712952,0.2662924528121948,2.159733594453428e-05,5.09362780576339e-06,1.0,1268.0
3.812645900325151e-06,0.7974938750267029,0.7986846566200256,0.00026758559397421777,0.0009703518007881939,0.0022152827586978674,0.001776780467480421,2.9049567729089176e-06,3.162198026984697e-06,0.6713640093803406,0.679578423500061,0.6415975093841553,0.624000608921051,0.00017977054812945426,0.9706435799598694,0.9729921221733093,0.00010285602911608294,0.006637281272560358,0.011105380021035671,0.6370339393615723,0.6263607740402222,0.0008008349686861038,0.0003090974350925535,0.003348770784214139,0.04453373700380325,0.3853479027748108,0.0009513012482784688,0.0016346608754247427,0.0027429445181041956,0.005701377987861633,0.1882696896791458,0.1365068405866623,0.011445321142673492,0.002253054641187191,0.3174532353878021,0.27098262310028076,0.004106335807591677,0.012445321306586266,0.0042736525647342205,1.054242420650553e-05,0.007168905809521675,0.007451729848980904,0.0022720214910805225,0.061804819852113724,0.3977803885936737,0.48108604550361633,0.3404623568058014,0.24359744787216187,0.06036281958222389,0.07339281588792801,2.194840590163949e-06,7.198986168077681e-06,1.0,1269.0
4.3737859414250124e-06,0.1878795474767685,0.11643534898757935,0.005765968468040228,0.009810284711420536,0.020382557064294815,7.160695531638339e-05,5.764020443166373e-07,1.812573145798524e-06,0.10283241420984268,0.013776557520031929,0.019595740363001823,0.01048926543444395,0.05506239831447601,0.05373206362128258,0.07670976221561432,0.06479356437921524,0.4714595377445221,0.48164665699005127,0.35364678502082825,0.423041433095932,0.008805422112345695,0.027178771793842316,0.0004145978018641472,0.04077926650643349,0.38924911618232727,0.00015252527373377234,0.01775849424302578,0.04746438190340996,7.859790639486164e-05,0.029820680618286133,0.12963047623634338,0.001603123382665217,0.2212257832288742,0.004013073164969683,0.013939617201685905,0.013164129108190536,0.0022514616139233112,0.008757908828556538,1.1112803122159676e-07,0.020291756838560104,0.020713135600090027,0.004543457645922899,0.0018867950420826674,0.00022113263548817486,7.31582913431339e-05,0.002023174660280347,0.09454945474863052,0.0004282451409380883,6.101274993852712e-05,6.813524464632792e-07,3.416885192564223e-06,1.0,1270.0
5.040612904849695e-06,0.024594707414507866,0.006353556178510189,0.04468037560582161,0.1395355761051178,0.15396378934383392,0.001734839635901153,5.594220965576824e-06,2.44475972976943e-06,0.20855100452899933,0.12220664322376251,0.01991574652493,0.030369136482477188,0.0764382928609848,0.015174255706369877,0.07344614714384079,0.2905385196208954,0.369335412979126,0.3453696072101593,0.7108467221260071,0.5679031610488892,0.004000878427177668,0.003998329397290945,0.010660963132977486,0.007061020005494356,0.10279815644025803,0.0008747543324716389,0.0005466011934913695,0.013524996116757393,0.024105604737997055,0.14808155596256256,0.1644955575466156,0.0015000763814896345,2.0134782971581444e-05,0.796811044216156,0.8647938966751099,0.013885537162423134,0.019239481538534164,0.0011159870773553848,0.0013981942320242524,0.011635483242571354,0.020488020032644272,0.0031019889283925295,0.01110822893679142,0.019684195518493652,0.031728245317935944,0.06547781825065613,0.7427610158920288,0.03998527675867081,0.0960080549120903,1.0294766070728656e-05,2.2622140022576787e-05,1.0,1271.0
9.157098475043313e-07,0.00019355614494998008,0.00016796412819530815,0.6276140213012695,0.7522260546684265,0.7939385771751404,0.00022885663202032447,2.8205091439303942e-05,5.702337148250081e-06,0.5012239217758179,0.09312792122364044,0.672085165977478,0.4048829972743988,0.6733429431915283,0.0017777853645384312,0.0035364991053938866,0.7545954585075378,0.005365191958844662,0.03229531645774841,0.10326133668422699,0.19681069254875183,0.0009665751713328063,0.01879948563873768,0.0028181446250528097,0.0003467457718215883,0.017345499247312546,0.0022791894152760506,0.00016148114809766412,0.007039718329906464,0.0006970037356950343,0.04849862679839134,0.0510282926261425,0.04009087011218071,0.004065124783664942,0.1584952473640442,0.24909576773643494,0.010270600207149982,0.00513990456238389,0.034646175801754,2.931285234808456e-05,0.002727602841332555,0.0015300121158361435,0.0026277548167854548,0.16757674515247345,0.1752815842628479,0.09841407090425491,0.5407828688621521,0.3364291787147522,0.4351857006549835,0.34991782903671265,1.0771276720333844e-05,6.1653927332372405e-06,1.0,1272.0
1.5915637732177856e-06,0.0008726984378881752,0.00039386871503666043,0.552446722984314,0.30585867166519165,0.1946534961462021,9.680306902737357e-06,4.922448511024413e-07,1.6851448663146584e-06,0.032854512333869934,0.02083337865769863,0.43479180335998535,0.4048173427581787,0.16149502992630005,0.23767751455307007,0.030344368889927864,0.012973188422620296,0.013296264223754406,0.013513191603124142,0.070896677672863,0.05684738606214523,0.02508546970784664,0.04427936300635338,1.771243114490062e-05,0.0012825021985918283,0.031935710459947586,0.00017512332124169916,0.0040658763609826565,0.006613302044570446,0.0004489072598516941,0.003830945584923029,0.010660002008080482,0.00021626897796522826,0.0008392447489313781,0.00027459365082904696,0.0003572704445105046,0.048095762729644775,0.013603688217699528,0.02865651808679104,0.0017009457806125283,0.4475240111351013,0.3412333130836487,0.14326220750808716,0.009818979538977146,5.6379199122602586e-06,3.0508081181324087e-06,0.00023329285613726825,0.004683095961809158,3.2064599508885294e-05,1.9156612324877642e-05,1.4653957123300643e-06,4.606430366038694e-07,1.0,1273.0
1.4221128594726906e-06,0.004228173289448023,0.0004988543223589659,0.2575513422489166,0.3841264843940735,0.6143807172775269,0.00017130051855929196,1.1537156296981266e-06,4.206732739930885e-07,0.010531332343816757,0.008741877973079681,0.1443079560995102,0.2932053506374359,0.052208323031663895,0.049684517085552216,0.06782954931259155,0.09230714291334152,0.07384906709194183,0.02515016868710518,0.29100823402404785,0.007504200097173452,0.12272723764181137,0.05479938164353371,0.00018591174739412963,0.795855700969696,0.6225298643112183,1.0896280400629621e-05,0.0020695854909718037,0.0006933063268661499,0.027033023536205292,0.2308950275182724,0.2964279055595398,0.015286545269191265,0.006186008919030428,0.051914915442466736,0.03226042911410332,0.0001927204430103302,0.008100362494587898,0.25078561902046204,2.7290370780974627e-05,0.01828850619494915,0.006078663282096386,0.014758930541574955,0.026927093043923378,6.778979695809539e-06,1.249574688699795e-05,7.9663674114272e-05,0.004829965066164732,0.001014356268569827,0.0012789537431672215,1.075526415661443e-05,9.735948879097123e-06,1.0,1274.0
4.0129140188582824e-07,0.089567631483078,0.11198116838932037,0.02592819556593895,0.01598079316318035,0.0132906474173069,6.724321428919211e-05,7.610218517584144e-07,1.674530238915395e-07,0.12855710089206696,0.11461574584245682,0.0528004951775074,0.0555715449154377,0.251848042011261,0.013587222434580326,0.027474956586956978,0.21326608955860138,0.17867857217788696,0.18807533383369446,0.3917081654071808,0.37024492025375366,0.007716182619333267,0.0035661261063069105,0.0007841887418180704,0.014568531885743141,0.02936926856637001,1.1990684470220003e-05,0.000357068027369678,6.745842983946204e-05,0.005654110107570887,0.059103045612573624,0.053583983331918716,0.002364421496167779,1.4268743143475149e-05,0.19479800760746002,0.09456797689199448,0.0012867915211245418,0.02501624822616577,0.009264957159757614,0.009115276858210564,0.004556537605822086,0.007207996211946011,0.0007515172474086285,0.006673705298453569,0.00016933275037445128,0.0003812250797636807,0.013338010758161545,0.08079107850790024,0.0022898404859006405,0.009247981943190098,5.634512035612715e-06,2.580386080808239e-06,1.0,1275.0
2.0851364297413966e-06,0.2557143270969391,0.34906482696533203,0.0006634900346398354,0.010613635182380676,0.004220416769385338,1.4187832675816026e-05,1.2430915603545145e-06,3.2533853300265037e-07,0.08943867683410645,0.09650823473930359,0.03426333889365196,0.029818333685398102,0.0405186228454113,0.06018812209367752,0.06446050107479095,0.06542716175317764,0.2793790102005005,0.2839474081993103,0.5674511194229126,0.5185526013374329,0.0110778221860528,0.009051290340721607,4.840085966861807e-05,0.021388955414295197,0.08490247279405594,0.00011770206037908792,0.0007756268023513258,0.001719656283967197,0.00371234817430377,0.00046334409853443503,0.0005151888472028077,0.12271593511104584,0.002693235408514738,0.008180320262908936,0.008228016085922718,0.00019914552103728056,0.001185437897220254,0.9651769399642944,0.0013084501260891557,0.042713042348623276,0.048243701457977295,0.025237124413251877,0.11795837432146072,4.5113969804333465e-07,3.6460551200434566e-07,2.02201226784382e-05,0.0001228587207151577,0.0012479793513193727,0.0035625072196125984,2.0326158391981153e-06,1.1883321349159814e-06,1.0,1276.0
1.9216496127683058e-07,0.0024558650329709053,0.0048069460317492485,0.10660537332296371,0.45349186658859253,0.1527639627456665,2.422263969492633e-05,7.182790113802184e-07,8.792264907242497e-07,0.015431216917932034,0.010036475956439972,0.4819197356700897,0.4873824715614319,0.015055103227496147,0.36449962854385376,0.34202393889427185,0.003923533484339714,0.013224114663898945,0.010951191186904907,0.012023641727864742,0.012797239236533642,0.07372678071260452,0.11473442614078522,0.00015067383355926722,0.006088786292821169,0.07059752941131592,0.0018222349463030696,0.00014302931958809495,0.0005158705753274262,0.0008765034726820886,0.0006079156883060932,0.0007231127819977701,0.05838153511285782,0.005107639357447624,0.16786673665046692,0.13962329924106598,0.0008846783894114196,0.0023045155685395002,0.7961230278015137,0.0006864778115414083,0.018131790682673454,0.05750330537557602,0.0045047239400446415,0.15714335441589355,1.2312705166550586e-06,8.593811458013079e-07,0.00010038225445896387,0.0002503416035324335,0.007741609122604132,0.007798528298735619,3.430317883612588e-05,9.089728223443672e-07,1.0,1277.0
2.348142515984364e-06,0.00817180797457695,0.1662082076072693,0.006630858406424522,0.21496257185935974,0.0035806887317448854,0.0007102442323230207,8.63268894590874e-07,3.454591137597163e-07,0.33008041977882385,0.5514377355575562,0.0718781128525734,0.15443576872348785,0.029702141880989075,0.26407408714294434,0.19827069342136383,0.009459343738853931,0.22964388132095337,0.08857342600822449,0.49713265895843506,0.27128830552101135,0.004136968404054642,0.00024351735191885382,0.0036773208994418383,0.001022628857754171,0.00791352242231369,7.546068809460849e-05,0.0004235593369230628,0.0022457721643149853,0.08630207180976868,0.36178073287010193,0.3029964864253998,0.0015194063307717443,2.6835218704945873e-06,0.2958788275718689,0.3304930329322815,0.015800941735506058,0.07197108119726181,0.0009817207464948297,0.03498731181025505,0.015418182127177715,0.00620904890820384,0.02002447284758091,0.06343360245227814,0.025043053552508354,0.06273292750120163,0.03701084107160568,0.10587859153747559,0.39627939462661743,0.6633068323135376,1.1704517419275362e-05,3.029137587873265e-06,2.0,1278.0
9.940949894371442e-07,0.05341643840074539,0.13635285198688507,0.09547311067581177,0.03802674636244774,0.01625206135213375,4.807893492397852e-05,3.431341042414715e-07,2.708370857362752e-06,0.03210883215069771,0.01340158935636282,0.6563137173652649,0.6041445136070251,0.0708012655377388,0.07025314122438431,0.06582678854465485,0.07917821407318115,0.006661628372967243,0.0051994021050632,0.05998803302645683,0.0229808297008276,0.02964271791279316,0.05293546989560127,0.00018363376148045063,0.002433968707919121,0.0018829116597771645,8.154524948622566e-06,7.228383765323088e-05,0.00507727125659585,0.010535094887018204,0.10998986661434174,0.09701517224311829,5.111189602757804e-05,0.06623370200395584,0.0012802499113604426,0.0006134523428045213,0.13308513164520264,0.45055603981018066,0.00011670692765619606,2.4045702957664616e-06,0.05609168857336044,0.024266915395855904,0.05227493867278099,0.024800976738333702,0.03133426606655121,0.034310441464185715,0.49014967679977417,0.1872999221086502,0.0007972208550199866,0.0006931590032763779,2.3756699647492496e-06,2.3931156647449825e-06,1.0,1279.0
2.6158024866163032e-06,0.011880557984113693,0.008737343363463879,0.2416636049747467,0.1800156682729721,0.3281095027923584,0.0001575355272507295,1.3189271157898474e-05,5.9072976910101715e-06,0.8453809022903442,0.563471794128418,0.7860544323921204,0.6573505401611328,0.027157846838235855,0.4799797832965851,0.3279363214969635,0.003009289037436247,0.0025684472639113665,0.012192255817353725,0.3607087731361389,0.5931683778762817,0.00018034277309197932,0.0010693519143387675,0.0012546374928206205,0.0002073887299047783,0.02763298526406288,0.001926841912791133,0.0008409454021602869,0.0025819530710577965,0.0006560420733876526,0.008011569269001484,0.0081181013956666,0.02887597307562828,0.0023130441550165415,0.03975715860724449,0.09213495999574661,0.03505026176571846,0.015812305733561516,0.013756285421550274,9.909252548823133e-05,0.0025604059919714928,0.005176647566258907,0.0011590986978262663,0.01469086017459631,0.7625510692596436,0.628344714641571,0.48169881105422974,0.4837357699871063,0.09640289098024368,0.05199192836880684,9.358349416288547e-06,3.693909548019292e-06,1.0,1280.0
1.0496714963892373e-07,0.00013596707140095532,0.00032235198887065053,0.5557478666305542,0.8796802163124084,0.7902324199676514,1.2488444554037414e-05,1.0359772062429329e-07,8.030635854083812e-07,0.00814315490424633,0.005333445034921169,0.6077067255973816,0.5778955221176147,0.10272425413131714,0.047185562551021576,0.06014679744839668,0.11663500964641571,0.0086551234126091,0.005560757126659155,0.010223915800452232,0.010777544230222702,0.13770978152751923,0.1495838612318039,0.00016555220645386726,0.0002653883711900562,0.008331939578056335,0.00505475141108036,0.00014783930964767933,0.023239854723215103,0.03718980401754379,3.010111981893715e-07,5.178309265829739e-07,0.28902265429496765,0.0008570138015784323,0.023832373321056366,0.023561347275972366,0.0022378326393663883,0.0059086233377456665,0.859744131565094,0.02520904131233692,0.006719083059579134,0.0448993481695652,0.0005818197969347239,0.00590297719463706,9.423359188076574e-06,2.3142392819863744e-05,1.810864432627568e-06,0.00011471472680568695,0.0017298102611675858,0.002014821395277977,5.428344593383372e-06,1.4878631304782175e-07,1.0,1281.0
9.499798352408106e-07,0.018755851313471794,0.022265229374170303,0.15266111493110657,0.06637419015169144,0.037548959255218506,1.2612897990038618e-05,3.0687758112435404e-07,1.133565092459321e-06,0.3490888178348541,0.22754716873168945,0.5048015117645264,0.5107452869415283,0.03145603835582733,0.11373850703239441,0.12471369653940201,0.04562193155288696,0.014132370240986347,0.0163675956428051,0.23586827516555786,0.22034640610218048,0.003421744331717491,0.0031252463813871145,0.0006421733996830881,0.0010240571573376656,0.00017208467761520296,4.658037141780369e-06,1.5094805348780937e-05,0.04142559692263603,0.00012639416672755033,0.03532649204134941,0.09047408401966095,0.0007237372919917107,0.012597902677953243,0.00041628623148426414,0.001197329256683588,0.04905979707837105,0.0024059745483100414,0.020967142656445503,1.5485216863453388e-05,0.0013570872833952308,0.0003157655009999871,0.010571965016424656,0.019162330776453018,0.01209953147917986,0.0027516360860317945,0.05813724547624588,0.4249544143676758,0.0021462503354996443,0.0006619258783757687,2.7809430321212858e-05,2.163749286410166e-06,1.0,1282.0
8.187604976228613e-07,0.5006565451622009,0.5003964304924011,0.0015943256439641118,0.0018450472271069884,0.0018573260167613626,1.3553154531109612e-05,1.403690390588963e-07,1.1794101340001362e-07,0.17673523724079132,0.33253467082977295,0.20921331644058228,0.2664898931980133,0.018480947241187096,0.16314469277858734,0.17295579612255096,0.030622612684965134,0.05386104807257652,0.03692053258419037,0.5758764743804932,0.3840070962905884,0.0035596038214862347,0.0008758598123677075,0.0001926721160998568,0.0008181517478078604,0.0012871628860011697,7.912643923191354e-06,0.00044094593613408506,0.00038977418444119394,0.0010832760017365217,0.008485904894769192,0.007149237208068371,0.0027626859955489635,0.0005988847697153687,0.00033551949309185147,0.0002745231904555112,0.004834573715925217,0.005099262576550245,0.08588708192110062,0.0006401416612789035,0.0005854026530869305,0.00028092035790905356,0.0025491551496088505,0.014894302934408188,0.018577467650175095,0.017773553729057312,0.09784018248319626,0.07980559766292572,0.0008129516500048339,0.0018594790017232299,1.9487933968775906e-06,6.079131367187074e-07,1.0,1283.0
9.31212923660496e-07,0.001177460071630776,0.0004297854902688414,0.7235350608825684,0.18184997141361237,0.15407688915729523,3.2057130283646984e-06,6.172585358399374e-07,5.221113497100305e-07,0.34943053126335144,0.19151610136032104,0.4503531754016876,0.450641006231308,0.18063142895698547,0.07598724961280823,0.018251363188028336,0.07596641778945923,0.01537900511175394,0.012619724497199059,0.3464334309101105,0.1677929162979126,0.0029293701518326998,0.004457331262528896,2.3213098756968975e-05,0.0006115705473348498,0.0037890321109443903,0.000434514251537621,0.00038049492286518216,0.017971979454159737,0.004241639282554388,7.641925913048908e-05,0.00023177944240160286,0.004140645731240511,0.0021339913364499807,0.00023260519083123654,0.00027877467800863087,0.0033418217208236456,0.007392555009573698,0.7695757746696472,0.004719271324574947,0.07073894143104553,0.019120844081044197,0.16579684615135193,0.06944537162780762,1.5937022226353292e-06,1.980023853320745e-06,6.644706445513293e-06,0.0012201025383546948,0.0001195539953187108,9.974704153137282e-05,5.331302872946253e-06,2.2226122098345513e-07,1.0,1284.0
7.175567020567541e-07,5.028130090067862e-06,1.746449243000825e-06,0.9673652648925781,0.9748337864875793,0.9016005396842957,0.00016958270862232894,2.4488642793585313e-06,1.2021035900033894e-06,0.026512419804930687,0.0154404416680336,0.3758123815059662,0.37174296379089355,0.01630217954516411,0.31137582659721375,0.2933901846408844,0.009561973623931408,0.024786479771137238,0.017716238275170326,0.04640195518732071,0.015817003324627876,0.06463678181171417,0.041844990104436874,0.0008157420670613647,0.015148232690989971,0.2651236951351166,0.0005109261255711317,0.002998508745804429,0.000291925563942641,0.006405942142009735,0.07361283898353577,0.11494261771440506,0.002237775130197406,0.0004243231669533998,0.14498963952064514,0.07316802442073822,0.004925935994833708,0.11143583804368973,0.0033341865055263042,0.0004232578503433615,0.03208854794502258,0.050016310065984726,0.006621449254453182,0.011524707078933716,0.00016121358203236014,0.00035576257505454123,0.0028477872256189585,0.08894862979650497,0.001588613842613995,0.0038753505796194077,1.0786624443426263e-05,2.0822153601329774e-06,1.0,1285.0
2.0589685334471142e-07,7.571802416350693e-05,5.0574155466165394e-05,0.7770940065383911,0.615705132484436,0.4187324345111847,4.926684050587937e-05,6.173185624902544e-07,3.7482962511603546e-07,0.03699523210525513,0.02105173096060753,0.259890615940094,0.26246076822280884,0.04307626560330391,0.17956888675689697,0.14973126351833344,0.015151627361774445,0.03510313481092453,0.028389807790517807,0.1210159882903099,0.07661677151918411,0.0281501617282629,0.039316896349191666,0.00018954747065436095,0.12005529552698135,0.47498008608818054,0.0002521828864701092,0.005361742340028286,0.00905976165086031,0.043742794543504715,2.1964277038932778e-05,1.3526711882150266e-05,0.07277946919202805,0.0019138978095725179,0.02229505218565464,0.021763605996966362,0.003113433253020048,0.0033328633289784193,0.3342713415622711,0.001322360010817647,0.015882175415754318,0.037244703620672226,0.002033807337284088,0.00866521056741476,4.054308737977408e-05,2.0828705601161346e-05,0.00020373619918245822,2.1798339730594307e-05,0.00048240553587675095,0.0006330913747660816,1.493714989919681e-06,1.7142619412879867e-07,1.0,1286.0
9.960462193703279e-06,0.3612271845340729,0.645595908164978,0.0015401161508634686,0.0024900769349187613,0.0006233447347767651,3.432202720432542e-05,3.601230957883672e-07,7.883514854256646e-07,0.4831581711769104,0.5634154081344604,0.4306861460208893,0.42170989513397217,0.028442976996302605,0.1752820760011673,0.1716422289609909,0.02691260352730751,0.024263467639684677,0.018312420696020126,0.6038262844085693,0.43350282311439514,0.00131167471408844,0.00029311003163456917,4.7274163080146536e-05,0.000563295092433691,0.0037788173649460077,4.969164001522586e-05,0.00026177914696745574,0.002254873514175415,0.012407109141349792,0.11879024654626846,0.1030779555439949,7.782901229802519e-05,8.348021219717339e-05,0.00018139371240977198,0.00010019537148764357,0.16931462287902832,0.23908399045467377,0.00010545590339461342,0.0029199481941759586,0.05246448144316673,0.01959248259663582,0.3572562038898468,0.1078004315495491,0.11720017343759537,0.186936616897583,0.15020744502544403,0.2035355567932129,0.0014089054893702269,0.005795698147267103,6.773285008421226e-07,1.6967411511359387e-06,1.0,1287.0
1.1241925221838756e-06,0.8123071789741516,0.8639196157455444,1.1604598512349185e-05,0.001203074469231069,0.0005728121032007039,0.00016177982615772635,1.2373450886116188e-07,2.3264426829427975e-07,0.5150676965713501,0.37055763602256775,0.6364603638648987,0.621444046497345,0.00448902603238821,0.445127010345459,0.4270095229148865,0.00869716890156269,0.006039109546691179,0.006852800026535988,0.4931015074253082,0.42504388093948364,0.0008239715243689716,0.0008066195296123624,0.00039061353891156614,0.0014040940441191196,0.2190723717212677,0.004164641723036766,0.005648254882544279,0.01767871156334877,0.26830920577049255,3.186890126016806e-06,2.132595909642987e-06,0.018829703330993652,0.0010583747643977404,0.037579599767923355,0.024303149431943893,0.019420333206653595,0.07050663977861404,0.017981551587581635,0.0021222741343080997,0.01056376937776804,0.06737120449542999,0.0011743142968043685,0.03004576452076435,0.0014787378022447228,0.00339069333858788,9.695219341665506e-05,0.00015113010886125267,0.01239043939858675,0.02600318379700184,3.598827618134237e-07,4.08503922244563e-07,1.0,1288.0
3.250031113566365e-06,0.002903188345953822,0.05636824294924736,0.03266175463795662,0.655872106552124,0.12220607697963715,3.402666698093526e-05,2.0615850644389866e-06,4.1330818589813134e-07,0.5447589159011841,0.5914642214775085,0.39691394567489624,0.3933033049106598,0.007302443031221628,0.21942397952079773,0.27394357323646545,0.026041090488433838,0.01977786235511303,0.023828916251659393,0.5439406037330627,0.5561633110046387,0.0007344448822550476,0.0003653072926681489,8.539640839444473e-05,0.0005604344769380987,0.018340803682804108,0.00023683073231950402,0.009609616361558437,0.00021354945783969015,0.0014404073590412736,0.16364698112010956,0.1262393295764923,0.0023312820121645927,0.008073855191469193,0.00045640903408639133,0.0003628091362770647,0.00665357755497098,0.024279773235321045,0.17305824160575867,9.0824491053354e-05,0.059761155396699905,0.002588927512988448,0.035397522151470184,0.024066103622317314,0.00023886878625489771,0.0003062433679588139,0.011588763445615768,0.01640605553984642,2.2146632545627654e-05,2.7944108296651393e-05,1.4372428722708719e-06,2.073468749586027e-06,1.0,1289.0
1.7949005837181176e-07,0.010952848941087723,0.008148884400725365,0.11723397672176361,0.19105631113052368,0.11031177639961243,3.8602638596785255e-06,6.847613320815071e-08,7.409771995980918e-08,0.179686039686203,0.14621290564537048,0.3432685136795044,0.3238471746444702,0.015494857914745808,0.2354932427406311,0.21996647119522095,0.018253322690725327,0.024449169635772705,0.02356930822134018,0.09929221868515015,0.13757693767547607,0.0049306177534163,0.006595023907721043,0.00011485240975162014,8.707930101081729e-05,8.027749572647735e-05,1.9442568373051472e-05,1.1140144124510698e-05,0.0015027148183435202,0.0022620230447500944,0.0004405350482556969,0.000580627704039216,0.002991901710629463,0.003388405777513981,0.0003420326393097639,0.00019567468552850187,0.004153351299464703,0.014754993841052055,0.12981221079826355,0.0004213749780319631,0.0001147011571447365,5.7986504543805495e-05,0.006335375364869833,0.054738957434892654,0.012640292756259441,0.02418975718319416,0.00344333378598094,0.01973438449203968,0.005957724526524544,0.011506468988955021,1.3515892533177976e-05,2.3422130368544458e-07,2.0,1290.0
9.143049055637675e-07,3.951581675210036e-05,7.3327505560882855e-06,0.898550808429718,0.9503916501998901,0.9399661421775818,2.9280387025210075e-05,5.156330757927208e-07,1.312142558163032e-06,0.008020905777812004,0.0022959262132644653,0.04079359397292137,0.041343946009874344,0.28360965847969055,0.1581963449716568,0.012655399739742279,0.03841261565685272,0.24424012005329132,0.194538414478302,0.05054588243365288,0.009430919773876667,0.11723051220178604,0.22264958918094635,6.986310472711921e-05,0.005924544762820005,0.6601815223693848,0.006599060725420713,0.022375132888555527,0.009140904061496258,0.010822256095707417,8.185030310414732e-05,0.0002742095966823399,0.031083276495337486,0.004975324496626854,0.0049315025098621845,0.006502368021756411,0.0004099963407497853,0.008554673753678799,0.8479377031326294,0.0010146318236365914,0.03202149271965027,0.06199348717927933,0.012938186526298523,0.004226803779602051,6.388439715010463e-07,1.8354369331063936e-06,1.1912471791220014e-06,0.002246260643005371,4.68107100459747e-05,3.545741128618829e-05,3.6172332329442725e-06,2.467936326411291e-07,1.0,1291.0
2.3511540803156095e-06,0.02923029102385044,0.027031132951378822,0.0031551201827824116,0.13433660566806793,0.13279074430465698,1.7843538444139995e-05,1.4977432272189617e-07,3.4348477129242383e-07,0.06681128591299057,0.05238664150238037,0.01120845228433609,0.013594631105661392,0.04865247383713722,0.05654556304216385,0.08378193527460098,0.0690508782863617,0.4248029589653015,0.3741544485092163,0.4625064730644226,0.2258290797472,0.00951424054801464,0.005571800284087658,3.669443685794249e-05,0.0003494251286610961,0.0033691057469695807,4.313867975724861e-05,0.0008536314126104116,0.009370190091431141,0.0015351197216659784,0.000542223162483424,0.0009652881417423487,0.0003187608381267637,0.0001187674788525328,0.0001993349433178082,0.0003015995607711375,0.13170462846755981,0.03618328645825386,0.00558675080537796,0.011391029693186283,0.00996145699173212,0.0028002040926367044,0.02823498286306858,0.00920464564114809,0.002213585190474987,0.0016666750889271498,0.0014580938732251525,0.010488448664546013,0.00014070117322262377,0.00013635202776640654,2.0742697870446136e-06,6.895195383549435e-07,1.0,1292.0
5.553749815589981e-07,0.03441843017935753,0.0030617136508226395,0.033316127955913544,0.10997215658426285,0.44460248947143555,1.5979354429873638e-05,2.453401179991488e-07,2.5260834490836714e-07,0.46014872193336487,0.38518625497817993,0.2526182234287262,0.28553545475006104,0.007849059998989105,0.30345967411994934,0.30607980489730835,0.013801573775708675,0.038446128368377686,0.035752277821302414,0.5631444454193115,0.32629111409187317,0.0009655829053372145,0.0011390633881092072,8.327443356392905e-05,0.0005322592332959175,0.005827789660543203,0.0007757480489090085,0.0008500944823026657,0.008316772989928722,0.008022653870284557,2.3748096282361075e-05,1.8467722838977352e-05,0.004418940283358097,0.0020781324710696936,0.0010177211370319128,0.001818362157791853,0.023985108360648155,0.005868695676326752,0.36000677943229675,0.002653771545737982,0.016303908079862595,0.004458099603652954,0.004230845719575882,0.006410593166947365,0.00012234177847858518,5.2382281864993274e-05,0.00019705234444700181,0.0001383730414090678,2.23722181544872e-05,8.85919598658802e-06,3.1438592031918233e-06,2.234626919062066e-07,1.0,1293.0
8.14083421118994e-07,2.878307714127004e-05,2.808481985994149e-05,0.8705189824104309,0.8528183698654175,0.7581363320350647,0.000678708718623966,1.8144755813409574e-06,2.9723087209276855e-06,0.0561538003385067,0.03012203238904476,0.22250044345855713,0.21042685210704803,0.1475820094347,0.040747176855802536,0.03243040665984154,0.13062022626399994,0.05700244754552841,0.05932529270648956,0.16712349653244019,0.07765340059995651,0.02800423465669155,0.03716503828763962,0.002707063453271985,0.026661338284611702,0.3836814761161804,0.0005499538383446634,0.002102804370224476,0.008652811869978905,0.014630814082920551,0.10170454531908035,0.12398062646389008,0.001740909880027175,0.00158498075325042,0.47208768129348755,0.4550553858280182,0.012606439180672169,0.03133847564458847,0.001204303465783596,3.20876351906918e-05,0.0151137700304389,0.03674456104636192,0.0010431866394355893,0.002894774777814746,0.0031773941591382027,0.003749237395823002,0.01619826629757881,0.05978365242481232,0.0013840536121279001,0.0017955831717699766,8.010214514797553e-06,5.01538124808576e-06,1.0,1294.0
3.364344820511178e-06,0.017528196796774864,0.020130055025219917,0.1578892022371292,0.1976979523897171,0.10464181005954742,3.249763904022984e-05,2.2835371282781125e-07,2.396171339569264e-06,0.0030246111564338207,0.0021187327802181244,0.01628240756690502,0.02587248384952545,0.027278579771518707,0.08664440363645554,0.11745040863752365,0.05508680269122124,0.32472363114356995,0.2839318811893463,0.10633838176727295,0.009977200999855995,0.17245008051395416,0.10912107676267624,2.2402749891625717e-05,0.009970148093998432,0.03659458085894585,3.053014006582089e-05,0.005242346785962582,0.004607988055795431,0.0001956237683771178,0.0036184312775731087,0.005157108418643475,0.0004724435566458851,0.04841173067688942,0.0004821214824914932,0.0007967302808538079,0.03038487397134304,0.0032729993108659983,0.14030122756958008,3.572932837414555e-05,0.3303387761116028,0.05641845613718033,0.07793425023555756,0.006308356765657663,9.386388228449505e-06,1.8612230405778973e-06,0.0007114778272807598,0.0006459651049226522,2.4456561732222326e-05,1.0290820682712365e-05,1.7732903643263853e-06,7.578857434964448e-07,1.0,1295.0
1.7261536413570866e-06,0.02503358945250511,0.005301410332322121,0.07480994611978531,0.06395326554775238,0.3183963894844055,7.490378720831359e-06,1.9741166852327297e-06,4.7300864025601186e-07,0.6898601055145264,0.34973034262657166,0.34271439909935,0.18957506120204926,0.14232337474822998,0.1310501992702484,0.054835233837366104,0.06170621141791344,0.02070869505405426,0.07594654709100723,0.32215747237205505,0.6298992037773132,0.00019086651445832103,0.0012140111066401005,5.944661461398937e-05,0.00017928662418853492,0.023606939241290092,0.012138276360929012,0.002973075956106186,0.0002863990666810423,0.016313008964061737,0.000489822356030345,0.0006175487069413066,0.006347715388983488,0.00510702608153224,0.003629071172326803,0.0031961833592504263,0.002131696790456772,0.046357881277799606,0.6886512041091919,0.00043808729969896376,0.16583745181560516,0.045411720871925354,0.008206781931221485,0.006354263983666897,2.96593202619988e-06,7.960956281749532e-06,4.015534432255663e-05,0.006759828422218561,3.1879480957286432e-06,6.0583865888474975e-06,2.4580833724030526e-06,4.0225847897090716e-07,2.0,1296.0
6.983070761634735e-07,0.6845873594284058,0.6537201404571533,0.0006868636119179428,0.0006384755251929164,0.001133519341237843,0.0004415922740008682,6.813589834564482e-07,1.420323343381824e-07,0.44989916682243347,0.42763853073120117,0.28260260820388794,0.33370181918144226,0.212868332862854,0.009898938238620758,0.027213988825678825,0.2761693000793457,0.034199059009552,0.029851004481315613,0.7469161152839661,0.34563928842544556,0.0015766038559377193,0.00044370879186317325,0.003882233751937747,0.006714311428368092,0.048345305025577545,8.179709402611479e-05,0.0002724409569054842,0.0016210873145610094,0.03258110582828522,0.003713330253958702,0.002459222450852394,0.06378736346960068,8.061171683948487e-05,0.49946069717407227,0.5208374261856079,0.0025994405150413513,0.009268905967473984,0.023241834715008736,0.0015442145522683859,0.0009547658264636993,0.0012240922078490257,0.0004525459371507168,0.05408342555165291,0.04831666126847267,0.07958284020423889,0.013130733743309975,0.010189241729676723,0.26861849427223206,0.41621094942092896,2.220193664470571e-06,3.119339680779376e-06,1.0,1297.0
2.8258998554520076e-06,0.595131516456604,0.6715307235717773,0.00015477325359825045,0.0020446525886654854,0.0009453911916352808,0.00013151246821507812,2.606458906484477e-07,2.0408438103913795e-06,0.214006245136261,0.4763193726539612,0.1412608027458191,0.18615487217903137,0.018852951005101204,0.14256985485553741,0.20698803663253784,0.05527232959866524,0.10747314989566803,0.09055981040000916,0.636738657951355,0.4838021993637085,0.0032059752847999334,0.0007474629092030227,0.0012253543827682734,0.0015639940975233912,0.010592769831418991,4.780125163961202e-05,0.0018177693709731102,0.013044648803770542,0.023793017491698265,0.013910919427871704,0.01101876050233841,0.00013047808897681534,0.00013757156557403505,0.003273802110925317,0.004554848652333021,0.19055362045764923,0.1210307702422142,0.00039849712629802525,0.0005037137307226658,0.04462042078375816,0.047537919133901596,0.003943083807826042,0.00046057323925197124,0.10876689851284027,0.07987383753061295,0.3781130313873291,0.6088069677352905,2.1845809897058643e-05,4.310462827561423e-05,5.352360403776402e-07,1.4605097931053024e-06,2.0,1298.0
3.967534667026484e-06,0.026125868782401085,0.029283981770277023,0.004445706959813833,0.25142356753349304,0.13914000988006592,2.8231168471393175e-05,8.175074412974936e-07,4.2979993963854213e-07,0.03670182079076767,0.025236088782548904,0.021990129724144936,0.020334258675575256,0.022706011310219765,0.049280449748039246,0.13696596026420593,0.10147608816623688,0.31670498847961426,0.2796095907688141,0.3161756098270416,0.11659079045057297,0.01825782284140587,0.016461526975035667,6.687601853627712e-05,0.0003100974718108773,0.0002680081524886191,4.452350367500912e-06,3.017688140971586e-05,0.0014466647990047932,0.009856960736215115,0.20777544379234314,0.21976643800735474,0.00021185421792324632,0.002638524165377021,0.00025080941850319505,0.00011069473839597777,0.01787879690527916,0.12878812849521637,0.002583547029644251,0.00020768198010046035,0.004432552959769964,0.00022050582629162818,0.4751945734024048,0.38353756070137024,0.026490725576877594,0.05448358505964279,0.05658407509326935,0.09598099440336227,0.01780572347342968,0.03847643733024597,4.6787708924966864e-06,2.3566856270917924e-06,1.0,1299.0
1.67425554309375e-07,0.013824794441461563,0.021482249721884727,0.038440681993961334,0.22021135687828064,0.0568569079041481,5.2171099014231e-06,1.4842265727565973e-07,5.1309353210626796e-08,0.04167543724179268,0.12939459085464478,0.2914518713951111,0.28600719571113586,0.06084619462490082,0.06564711779356003,0.05777466669678688,0.0664900541305542,0.03935474529862404,0.0235171876847744,0.22197003662586212,0.20598796010017395,0.02912190370261669,0.0057833632454276085,3.056784044019878e-05,0.0009499915759079158,0.007936526089906693,0.00040890247328206897,0.0007693861261941493,0.00021205552911851555,0.0033362535759806633,0.00013791845412924886,0.00011939427349716425,0.007932120002806187,0.0006239599315449595,0.0017831465229392052,0.0010161539539694786,0.00030274991877377033,0.004548806697130203,0.9086387753486633,0.007681677583605051,0.022899655625224113,0.021317334845662117,0.009815381839871407,0.008967718109488487,4.000369528966985e-07,6.98784674568742e-07,2.865211536118295e-05,9.808162576518953e-05,1.391166642861208e-05,4.3138636101502925e-05,1.9388849068491254e-06,1.4758030886241613e-07,1.0,1300.0
2.589438281574985e-06,0.022310452535748482,0.028218049556016922,0.019024398177862167,0.2059154361486435,0.10385002940893173,1.028481619869126e-05,3.116067830433167e-07,8.120936740851903e-07,0.06896521896123886,0.024217654019594193,0.31430310010910034,0.2968611419200897,0.023990269750356674,0.06591380387544632,0.1413983702659607,0.07741452753543854,0.0213323961943388,0.022077759727835655,0.1419595628976822,0.0865844115614891,0.013575512915849686,0.025214796885848045,3.1416502679348923e-06,0.001531873713247478,0.007472895551472902,3.668264616862871e-05,0.0001923409872688353,0.00843962375074625,0.0021833705250173807,0.0026467423886060715,0.005146178882569075,5.519717888091691e-05,0.00332160503603518,7.054892193991691e-05,5.6133820180548355e-05,0.03299063816666603,0.02547175996005535,0.006325944326817989,0.0005376730696298182,0.16399237513542175,0.042324189096689224,0.9025095701217651,0.3971424102783203,7.645716686965898e-05,4.287214687792584e-05,0.0005783859523944557,0.003056744346395135,0.001750046736560762,0.0020808137487620115,1.0495799642740167e-06,1.2086744618500234e-06,1.0,1301.0
2.0725553895317717e-06,0.0004417722811922431,0.0005157278501428664,0.598493218421936,0.5195611715316772,0.13259196281433105,0.00010096054029418156,7.31056070435443e-06,8.727595854907122e-07,0.04680255055427551,0.08071774244308472,0.01786777935922146,0.017878059297800064,0.500522792339325,0.005079791881144047,0.0057485271245241165,0.46546825766563416,0.3685852289199829,0.3591192662715912,0.2718515992164612,0.17741096019744873,0.021403362974524498,0.0060994611121714115,0.0008190211956389248,0.0005443784757517278,0.133184015750885,0.005307833198457956,0.0010422032792121172,0.007610711734741926,0.003888619365170598,0.0014471932081505656,0.0022093229927122593,0.010073663666844368,6.640063475060742e-06,0.01910647191107273,0.0416252538561821,0.005449207499623299,0.012144234962761402,0.01845073699951172,0.10068530589342117,0.003256544005125761,0.0029586751479655504,0.0007301814621314406,0.06050265580415726,0.011363407596945763,0.03558114543557167,0.016511039808392525,0.7683614492416382,0.0009811905911192298,0.0018576980801299214,1.2457648153940681e-05,2.420468490527128e-06,2.0,1302.0
3.6984178564125614e-07,0.0077624935656785965,0.006858003791421652,0.16697165369987488,0.35499587655067444,0.18325333297252655,7.749365067866165e-06,5.594821459453669e-07,9.489994567957183e-08,0.02759825438261032,0.022861910983920097,0.09795542061328888,0.11364013701677322,0.08128798753023148,0.05021730437874794,0.061763275414705276,0.08763370662927628,0.10483398288488388,0.10322316735982895,0.13882331550121307,0.07348009198904037,0.03152860328555107,0.029195230454206467,0.00018367456505075097,0.00024399843823630363,0.00026237909332849085,9.576722732163034e-06,2.375443909841124e-05,0.00014778561308048666,0.0009606677922420204,0.04955725371837616,0.054107602685689926,0.01270450558513403,0.0006177964969538152,0.0008609850774519145,0.0005344694363884628,0.0005029111634939909,0.0029877398628741503,0.47782638669013977,0.0008973210351541638,0.0002082052087644115,2.831971869454719e-05,0.00507874833419919,0.08659374713897705,0.002634915290400386,0.005067606922239065,0.027467334643006325,0.09260223060846329,0.013646562583744526,0.019751375541090965,1.708158742985688e-05,6.741727247572271e-07,1.0,1303.0
8.325666840391932e-07,0.0010119886137545109,0.0017422984819859266,0.199697807431221,0.5598834753036499,0.32894930243492126,0.00011810836440417916,9.265675089409342e-07,8.913323199521983e-07,0.012963610701262951,0.0025546064134687185,0.04286178946495056,0.03403939679265022,0.015059658326208591,0.1839682161808014,0.18644489347934723,0.018598496913909912,0.2013895958662033,0.21057821810245514,0.06071992963552475,0.027136387303471565,0.03840019181370735,0.14619338512420654,0.0002902427513618022,0.0018667555414140224,0.2062010020017624,0.0011843215906992555,0.001382281887345016,0.008656424470245838,0.004045740235596895,0.00018705187540035695,0.00020135538943577558,0.03133615478873253,0.0012956390855833888,0.06781888753175735,0.08548031747341156,0.008797413669526577,0.004546635784208775,0.045079220086336136,0.0007240785052999854,0.00375673221424222,0.00465128431096673,0.002492479979991913,0.14510682225227356,0.0008846505079418421,0.0007200231775641441,0.000814635946881026,0.0007967834826558828,0.07561895251274109,0.07732442766427994,4.701932539319387e-06,1.021918137666944e-06,1.0,1304.0
9.998425412049983e-07,0.0012040868168696761,0.0010006760712713003,0.3963659107685089,0.37197715044021606,0.5172373652458191,0.00010414825374027714,1.7490576738055097e-06,3.02118360195891e-06,0.01897895522415638,0.00869112741202116,0.0821896493434906,0.0833546444773674,0.0016249492764472961,0.7369552850723267,0.7226612567901611,0.0009883581660687923,0.09354757517576218,0.1048416867852211,0.14123640954494476,0.11054549366235733,0.03978430852293968,0.07687222957611084,0.00040791984065435827,0.00503924023360014,0.056108854711055756,0.0003647552221082151,0.001900021918118,0.00363450450822711,0.00020661935559473932,0.0749555304646492,0.05155333876609802,0.004362501669675112,0.021882541477680206,0.01822286657989025,0.044369809329509735,0.029570259153842926,0.0033285613171756268,0.07012069970369339,8.784430065134075e-06,0.026349753141403198,0.00782070867717266,0.0019836777355521917,0.008286580443382263,0.00014862773241475224,2.707771818677429e-05,0.10467454791069031,0.003388670040294528,0.00018456322140991688,5.142298687133007e-05,7.313943115150323e-06,1.2778959899151232e-06,1.0,1305.0
1.082385097106453e-06,0.002961402293294668,0.0014399628853425384,0.14101558923721313,0.4667513370513916,0.39848580956459045,4.9188016419066116e-05,5.327163421497971e-07,4.440027225882659e-07,0.012567722238600254,0.011696080677211285,0.022627893835306168,0.026377404108643532,0.2855411171913147,0.013928426429629326,0.013729775324463844,0.3001154959201813,0.3411215543746948,0.30675020813941956,0.11604869365692139,0.03434186428785324,0.04188132286071777,0.04067913815379143,5.5896434787428007e-05,0.010311074554920197,0.4927259385585785,0.0019672203343361616,0.0349627323448658,0.0037622295785695314,0.033360064029693604,1.1656017704808619e-05,1.0656801350705791e-05,0.0366402193903923,0.0002954192168544978,0.005811014212667942,0.0076522440649569035,0.003095765132457018,0.011281237937510014,0.7019270658493042,0.02831142395734787,0.033018190413713455,0.06420742720365524,0.015122303739190102,0.008285820484161377,4.369679572846508e-06,6.057277460058685e-06,9.065799531526864e-06,5.7285236835014075e-05,0.00010987833957187831,0.00014213107351679355,1.0837020454346202e-06,3.369574130829278e-07,1.0,1306.0
8.899656336325279e-07,0.0009675946203060448,0.0004956980119459331,0.5528489351272583,0.3640085756778717,0.2105538249015808,1.0627602023305371e-05,7.626311457897827e-07,3.247229187763878e-07,0.2846459746360779,0.35386863350868225,0.38360878825187683,0.3542347848415375,0.001484458101913333,0.7500655651092529,0.7306299209594727,0.0014121890999376774,0.026456762105226517,0.020637068897485733,0.2561227083206177,0.2597062885761261,0.002990259090438485,0.001368038821965456,4.2674153519328684e-05,0.0006832786020822823,0.01558671984821558,0.0005557825206778944,0.0008180302102118731,0.0007182724075391889,0.0018824610160663724,0.006524684373289347,0.00816468894481659,0.0011148325866088271,0.0004839028406422585,0.0013894438743591309,0.0016961188521236181,0.005488683003932238,0.011169633828103542,0.2513183653354645,0.0033043622970581055,0.10721490532159805,0.029017534106969833,0.0785842090845108,0.032243840396404266,3.229712547181407e-06,3.1526863040198805e-06,0.00020072377810720354,0.001496321288868785,8.017007348826155e-05,0.00020150461932644248,5.727566076529911e-06,4.342587374139839e-07,1.0,1307.0
6.799912171118194e-07,0.007825260981917381,0.005018254742026329,0.162678062915802,0.3233244717121124,0.25337693095207214,6.450567980209598e-06,3.793499843141035e-07,1.0265638366036e-06,0.0029036165215075016,0.0006867303745821118,0.07319608330726624,0.07611391693353653,0.044615745544433594,0.1083960011601448,0.08684872835874557,0.020661957561969757,0.08064839988946915,0.09609129279851913,0.012366714887320995,0.0089831268414855,0.11970160901546478,0.40734076499938965,2.9700830054935068e-05,0.0036186580546200275,0.009437710978090763,0.0001458143233321607,0.00013029383262619376,0.0016224533319473267,0.0003795403172262013,0.0010213702917099,0.0018447162583470345,0.010643389075994492,0.008083072490990162,0.003299516625702381,0.004404175560921431,0.0022999579086899757,0.0024471147917211056,0.584131121635437,0.00029779147007502615,0.02215423621237278,0.008911581709980965,0.026089467108249664,0.06406059861183167,2.2626986719842535e-06,1.2745198318953044e-06,7.518616621382535e-05,0.0008240229799412191,0.0006091040559113026,0.0005663947085849941,1.1014663868991192e-05,5.335512014426058e-07,1.0,1308.0
9.593326240064926e-07,0.00012587913079187274,5.961175338597968e-05,0.7663726806640625,0.9059398770332336,0.8801659941673279,3.4063126804539934e-05,8.87467933807784e-07,6.92516039180191e-07,0.010225349105894566,0.0029836161993443966,0.04211055487394333,0.03645008057355881,0.026363102719187737,0.10370325297117233,0.11344882845878601,0.044586654752492905,0.23196357488632202,0.2220001369714737,0.07097906619310379,0.05965228006243706,0.05311395600438118,0.17795458436012268,4.408014501677826e-05,0.019867952913045883,0.23533527553081512,0.0002633495023474097,0.037927985191345215,0.0011162704322487116,0.005235414020717144,0.00033192295813933015,0.0005625816411338747,0.004440672229975462,0.0016687462339177728,0.006300905719399452,0.00661748880520463,0.0010299055138602853,0.006025515031069517,0.8490830063819885,0.0019549441058188677,0.28043097257614136,0.09405747801065445,0.033198144286870956,0.0031555835157632828,2.353549604094951e-07,2.422913496502588e-07,7.822464795026463e-06,0.0002845328417606652,1.2267986676306464e-05,1.3467231838149019e-05,8.917336344893556e-07,3.7628265658895543e-07,1.0,1309.0
1.3711141946259886e-06,0.0011859918013215065,0.0028201888781040907,0.4338296055793762,0.5133659839630127,0.307743102312088,3.0191473342711106e-05,1.9284511836303864e-06,4.109241160676902e-07,0.1363498568534851,0.1281641572713852,0.05432847514748573,0.058260127902030945,0.014228865504264832,0.15539714694023132,0.17399592697620392,0.02859896793961525,0.1588524430990219,0.15661980211734772,0.26480522751808167,0.4529018998146057,0.004733832087367773,0.005717747379094362,7.016333984211087e-05,0.0006334299687296152,0.3804667890071869,0.013284613378345966,0.010814892128109932,0.005453312769532204,0.0017525808652862906,0.0003390309866517782,0.000518131535500288,0.049398716539144516,0.0010124124819412827,0.005846487823873758,0.015009376220405102,0.0014378143241629004,0.0008810224826447666,0.9055478572845459,0.0017827291740104556,0.01765570417046547,0.009499176405370235,0.006981901824474335,0.011309344321489334,4.162478489888599e-06,2.611906211313908e-06,4.711951987701468e-05,0.0007279752171598375,0.00015578408783767372,0.00015859917039051652,2.9287123197718756e-06,1.0276785360474605e-06,1.0,1310.0
2.0312304513936397e-06,0.5207376480102539,0.5559922456741333,0.00025618320796638727,0.0029993641655892134,0.006498601753264666,6.822662544436753e-05,3.826444299193099e-07,2.016278585870168e-06,0.24818189442157745,0.15255898237228394,0.050780341029167175,0.06570315361022949,0.01734902895987034,0.022539502009749413,0.3163739740848541,0.282987505197525,0.12508870661258698,0.10551291704177856,0.6079967021942139,0.2611656188964844,0.0026309960521757603,0.0025738326366990805,0.0004924616077914834,0.00017482331895735115,0.0021937284618616104,0.0003660102665890008,0.0001579832169227302,0.03154892846941948,0.0005224480992183089,0.0018774629570543766,0.0019016865408048034,0.0006041851593181491,0.016582036390900612,0.0012424907181411982,0.003985030110925436,0.1721411645412445,0.010172760114073753,0.003302505239844322,1.3448121535475366e-05,0.005655774846673012,0.0023425393737852573,0.003078513080254197,0.010532828979194164,0.14618945121765137,0.042529791593551636,0.11953867226839066,0.053707804530858994,0.0004897336475551128,0.0002374633913859725,2.8608826596610015e-06,1.918969928738079e-06,1.0,1311.0
1.7353206658299314e-06,0.21548022329807281,0.23305290937423706,0.00043852749513462186,0.048385221511125565,0.017666256055235863,2.6935473215417005e-05,1.1344396710910587e-07,2.1028964170000108e-07,0.10362562537193298,0.09799462556838989,0.4028569161891937,0.36982083320617676,0.030493613332509995,0.08840712159872055,0.09596765041351318,0.04102463647723198,0.012993651442229748,0.01062704250216484,0.15152719616889954,0.11495799571275711,0.007339737843722105,0.0033147120848298073,7.472292054444551e-05,0.0002621463208924979,0.001026774407364428,2.348667840124108e-05,4.679477569879964e-05,0.011621476151049137,0.0044930013827979565,0.002688957378268242,0.0038655188400298357,0.0003739653038792312,0.0004244426963850856,0.0006417181575670838,0.0009023615275509655,0.11296718567609787,0.045468345284461975,0.0022881219629198313,0.0016504876548424363,0.00514353159815073,0.0012288099387660623,0.08187317848205566,0.12911461293697357,0.00746751856058836,0.004676409997045994,0.002611270174384117,0.004551809746772051,0.026035375893115997,0.022990800440311432,4.3982340685033705e-06,1.1378368753867107e-06,1.0,1312.0
3.0750774726584496e-07,0.0010615576757118106,0.00047054444439709187,0.5435356497764587,0.3411146104335785,0.4549143612384796,9.26470966078341e-06,4.242027955569938e-07,2.1866476629384124e-07,0.08757130056619644,0.10294654965400696,0.16162845492362976,0.1884629726409912,0.0559571348130703,0.11302439868450165,0.09073037654161453,0.038058627396821976,0.054087936878204346,0.04484948888421059,0.18935595452785492,0.08994869887828827,0.009000471793115139,0.00894845649600029,0.00012415536912158132,0.00011945041478611529,0.00022222513507585973,2.3439328288077377e-05,1.9944898667745292e-05,0.0008365217363461852,0.0007480982458218932,0.03152734413743019,0.02550593949854374,0.001114331535063684,0.001160198007710278,0.0006223462405614555,0.0005336322938092053,0.011390884406864643,0.005610132124274969,0.0654296875,0.0005298199830576777,0.0009785877773538232,7.002244819886982e-05,0.01683540642261505,0.07102974504232407,0.00939504336565733,0.0075177899561822414,0.1031871885061264,0.029096372425556183,0.006888146046549082,0.010179286822676659,1.8227541659143753e-05,2.8667523110925686e-07,1.0,1313.0
2.9890286441514036e-06,0.19267062842845917,0.1803765743970871,0.007163694128394127,0.019188592210412025,0.0072044008411467075,3.3968630305025727e-05,1.0352878376806984e-07,3.922505129594356e-07,0.17688550055027008,0.18908090889453888,0.23514889180660248,0.25797152519226074,0.031669024378061295,0.09650927782058716,0.12165986746549606,0.056391507387161255,0.04767824709415436,0.03262462466955185,0.3759567439556122,0.26486241817474365,0.006206683348864317,0.0017559846164658666,4.505572724156082e-05,0.0006571962730959058,0.013477222993969917,4.14129754062742e-05,0.002572327386587858,0.01559403259307146,0.019157186150550842,0.002606411697342992,0.004481520503759384,2.7315029001329094e-05,9.259323996957392e-05,0.0005715602310374379,0.00039466965245082974,0.36786359548568726,0.5678452253341675,9.661541116656736e-05,0.0027444681618362665,0.2887897193431854,0.11877910047769547,0.08474783599376678,0.001468981965444982,0.0029782536439597607,0.004201705101877451,0.0017815923783928156,0.027417020872235298,1.144485122495098e-05,1.554847949591931e-05,2.590477663488855e-07,1.3878534446121193e-06,2.0,1314.0
3.2313455449184403e-06,0.0025448426604270935,0.0007027219980955124,0.4403797388076782,0.4150519371032715,0.4111519455909729,2.818820757966023e-05,1.6663814221828943e-06,5.776748821517685e-07,0.006574486847966909,0.0030932221561670303,0.014789805747568607,0.014747751876711845,0.005693299230188131,0.32471123337745667,0.3007768392562866,0.008022463880479336,0.36121588945388794,0.3662775158882141,0.06523893773555756,0.020532183349132538,0.05920278653502464,0.07788803428411484,4.029635965707712e-05,0.004187398590147495,0.0594305545091629,0.0001450502168154344,0.0033817782532423735,0.0002344139211345464,0.001941621070727706,0.009706683456897736,0.005953190848231316,0.0077657741494476795,0.0031323169823735952,0.00535185169428587,0.0025940993800759315,0.005141643341630697,0.016587957739830017,0.18164238333702087,0.0007460112101398408,0.04164372384548187,0.011615830473601818,0.1056489646434784,0.24126674234867096,1.2195792805869132e-05,1.0549645594437607e-05,0.0017857125494629145,0.0005452947807498276,0.00259578600525856,0.006101759150624275,3.2992568321787985e-06,7.047040639918123e-07,1.0,1315.0
3.1344109174824553e-06,0.12984104454517365,0.07368336617946625,0.015774110332131386,0.013555504381656647,0.021264078095555305,1.0145489795831963e-05,3.1887680052022915e-07,5.669821234732808e-07,0.19073717296123505,0.11967764049768448,0.04263864457607269,0.03640994429588318,0.03306441381573677,0.11503271013498306,0.1101173385977745,0.034441255033016205,0.19623208045959473,0.22894226014614105,0.3587237000465393,0.4480491578578949,0.002579855266958475,0.002953129820525646,3.0082550438237377e-05,0.003132028039544821,0.03774132579565048,7.197046943474561e-05,0.009423349983990192,0.001484469510614872,0.0002623123291414231,0.018748508766293526,0.032932836562395096,0.00026658177375793457,0.0041766054928302765,0.0004912072326987982,0.0005753677105531096,0.01897582598030567,0.014048593118786812,0.03992889076471329,7.147432916099206e-05,0.215683713555336,0.0884958952665329,0.06197858601808548,0.003966979682445526,7.09391497366596e-06,4.924387667415431e-06,0.0007893501315265894,0.006854873150587082,5.836388481839094e-06,7.600842309329892e-06,5.730219641009171e-07,8.276718403976702e-07,1.0,1316.0
1.0987174619003781e-06,0.05187573283910751,0.03324614092707634,0.055305879563093185,0.059052422642707825,0.0801876112818718,0.0012047975324094296,1.1492375051602721e-06,3.5770590329775587e-06,0.030340373516082764,0.010712975636124611,0.08870311826467514,0.06347796320915222,0.007528648711740971,0.44423073530197144,0.4289507269859314,0.0056367190554738045,0.11474132537841797,0.15660928189754486,0.08961543440818787,0.11500273644924164,0.029631437733769417,0.06393703073263168,0.002923131687566638,0.5052379369735718,0.1711728721857071,1.3528853742172942e-05,0.0008309455588459969,0.002186757745221257,0.017608322203159332,0.009356915019452572,0.006287354044616222,0.004458441864699125,0.008533002808690071,0.7396987080574036,0.5176244378089905,0.0038450011052191257,0.02408798597753048,0.0028677289374172688,6.014446171320742e-06,0.0115690678358078,0.020074689760804176,0.0004983259132131934,0.031527284532785416,0.41265439987182617,0.6053416132926941,0.09273285418748856,0.07567644119262695,0.007541631814092398,0.020493008196353912,2.6229417926515453e-06,9.22328581509646e-06,2.0,1317.0
3.936929999781569e-07,0.061155810952186584,0.03651624172925949,0.07719749957323074,0.04434069246053696,0.06477008014917374,1.2416468052833807e-05,2.0289019175834255e-07,1.3446750699586119e-06,0.0046882969327270985,0.003343673888593912,0.2892550230026245,0.3292880058288574,0.09937839955091476,0.4496936798095703,0.05458175390958786,0.003459787694737315,0.023604998365044594,0.01518910564482212,0.022796332836151123,0.006878601852804422,0.16220231354236603,0.20213967561721802,0.00010049555567093194,0.004920929670333862,0.05675707384943962,0.002161429962143302,0.0003125374496448785,0.0031672297045588493,0.009495574980974197,7.202165761555079e-06,7.755901606287807e-06,0.2000892609357834,0.0018540456658229232,0.03225225210189819,0.03468501940369606,0.001073952647857368,0.0016734731616452336,0.8874838948249817,0.007635125424712896,0.022222837433218956,0.08497224003076553,0.001247817650437355,0.03291574865579605,1.3792255231237505e-06,1.1827818298115744e-06,8.423136932833586e-06,4.741146040032618e-05,0.00044596364023163915,0.00047743978211656213,8.400563274335582e-06,3.418778362629382e-07,1.0,1318.0
4.872264867117337e-07,0.0003334113280288875,7.54876818973571e-05,0.7653040885925293,0.5283328890800476,0.43207335472106934,0.00011594156239880249,1.282391167478636e-06,5.23830010479287e-07,0.13690510392189026,0.06308584660291672,0.25885578989982605,0.25401008129119873,0.10814180970191956,0.10929249227046967,0.03601973503828049,0.037384919822216034,0.039734095335006714,0.037352725863456726,0.22960710525512695,0.17447541654109955,0.010346852242946625,0.012464329600334167,0.0008238067384809256,0.0030136043205857277,0.0750395879149437,0.0003762280975934118,0.0006612187717109919,0.0011314975563436747,0.0022260318510234356,0.004859925713390112,0.008460366167128086,0.003225346328690648,6.495602428913116e-05,0.36294716596603394,0.450967937707901,0.003575807437300682,0.00878109224140644,0.020850351080298424,0.005309595726430416,0.01169948186725378,0.041778795421123505,0.0017565832240507007,0.023016002029180527,6.839735578978434e-05,8.91986710485071e-05,0.0003543321799952537,0.0109548419713974,0.006674758158624172,0.00723931984975934,1.3777616004517768e-05,2.2265251118369633e-06,1.0,1319.0
6.847790245956276e-06,0.24863123893737793,0.13606321811676025,0.02105206996202469,0.022536413744091988,0.027185901999473572,3.571920751710422e-05,4.6142572500684764e-06,5.233541742200032e-07,0.19292442500591278,0.19677533209323883,0.00589688029140234,0.004629225470125675,0.005375588778406382,0.1197601854801178,0.39112672209739685,0.06374076008796692,0.6274749636650085,0.5842282772064209,0.4884667694568634,0.20542657375335693,0.0020083321724087,0.003685901639983058,6.174162263050675e-05,7.94237494119443e-05,0.026717914268374443,0.017297549173235893,0.004384442698210478,0.002819226123392582,0.0013168193399906158,0.0008889467571862042,0.0008176132687367499,0.019262488931417465,0.0009569250978529453,0.001656498177908361,0.004201487638056278,0.012441220693290234,0.0035465185064822435,0.9656474590301514,0.005816126242280006,0.24058833718299866,0.027322812005877495,0.08951223641633987,0.041799236088991165,1.7049031839633244e-06,6.166883395053446e-07,0.00015869313210714608,0.00023743485508020967,3.724782436620444e-05,2.439246054564137e-05,3.4587255868245848e-06,7.291353654181876e-07,2.0,1320.0
3.1979925552150235e-07,0.00022125980467535555,0.0003956583677791059,0.5257861614227295,0.8077331185340881,0.6349364519119263,6.697660137433559e-05,1.6049906435000594e-06,4.2798246795427985e-06,0.0010525468969717622,0.0018763383850455284,0.5765421390533447,0.5132648348808289,0.10137613117694855,0.36715957522392273,0.07747720181941986,0.009520291350781918,0.009524383582174778,0.008298913016915321,0.01529114879667759,0.003920580726116896,0.42947399616241455,0.3396173417568207,0.00018494445248506963,0.017286745831370354,0.6622765064239502,0.020553182810544968,0.00038171399501152337,0.007470278535038233,0.03480494022369385,0.0005879480158910155,0.0004087874840479344,0.12709549069404602,0.0010918607003986835,0.12763561308383942,0.1974509060382843,0.0009205600945279002,0.001558084855787456,0.5897772312164307,0.004003277514129877,0.01186111569404602,0.007551918271929026,0.0069496468640863895,0.06342542916536331,1.0903536349360365e-05,7.768811883579474e-06,8.574426465202123e-05,9.283990948460996e-05,0.00310961133800447,0.0033854255452752113,1.789679481589701e-05,1.2055581919412361e-06,1.0,1321.0
5.805262617286644e-07,0.005170115269720554,0.0035288347862660885,0.021738773211836815,0.5154354572296143,0.5084786415100098,6.5229514802922495e-06,2.2351839561451925e-06,1.6402748315158533e-07,0.18385809659957886,0.15196624398231506,0.38131406903266907,0.4086136221885681,0.47586363554000854,0.006570582743734121,0.004653280600905418,0.5103143453598022,0.015778806060552597,0.017254803329706192,0.4330267608165741,0.5010788440704346,0.0021548643708229065,0.006724689155817032,1.9758910639211535e-05,0.0007263336447067559,0.020920846611261368,0.0028565179090946913,0.002256205305457115,0.00016220520774368197,0.006087637972086668,0.00012718727521132678,8.58106795931235e-05,0.032640423625707626,0.0014756283489987254,0.0009577263263054192,0.0007053871522657573,0.000556349114049226,0.0040807281620800495,0.9741025567054749,0.008132877759635448,0.055128127336502075,0.013882030732929707,0.03723772615194321,0.03356412798166275,3.736917335572798e-07,4.817048875338514e-07,3.115704748779535e-05,0.00010803348413901404,7.746575283817947e-05,8.660338062327355e-05,1.7445298681195709e-06,3.632204368386738e-07,2.0,1322.0
3.512371620217891e-07,0.025289297103881836,0.1586751937866211,0.024601316079497337,0.0725155770778656,0.013794442638754845,7.801754691172391e-06,1.4289398109212925e-07,2.7510296263244527e-07,0.005511264782398939,0.003179192077368498,0.05089545249938965,0.036668673157691956,0.20455299317836761,0.023992326110601425,0.0174095556139946,0.22408604621887207,0.219657301902771,0.2191503494977951,0.02237701416015625,0.015463834628462791,0.1168753132224083,0.13802115619182587,2.114998824254144e-05,0.03178146108984947,0.011435803957283497,3.7585050449706614e-05,0.0015005841851234436,0.0008627030765637755,0.08466000854969025,2.3329610485234298e-05,1.0670019037206657e-05,0.009942158125340939,0.004503761883825064,0.0011901190737262368,0.0005431803874671459,0.0007711249054409564,0.01620044745504856,0.9359795451164246,0.0037935238797217607,0.1764552742242813,0.04675580561161041,0.07829111814498901,0.021445205435156822,6.022413572281948e-07,9.063172115020279e-07,2.247745760541875e-05,7.532148174504982e-06,1.4105953596299514e-05,6.9845249527134e-05,4.80186713502917e-07,4.9320668438213033e-08,1.0,1323.0
1.197436404254404e-06,0.7420096397399902,0.7262504696846008,5.458006125991233e-05,0.0005159077700227499,0.00030655681621283293,1.4449512491410132e-05,3.588309027691139e-08,1.0038699116421412e-07,0.25069114565849304,0.2120688557624817,0.24692896008491516,0.24196521937847137,0.2760227620601654,0.00993169192224741,0.023250706493854523,0.27358508110046387,0.05319327116012573,0.03964425250887871,0.4792504608631134,0.29106685519218445,0.004359584767371416,0.001041324925608933,6.998486060183495e-05,0.0006043653702363372,0.001829780638217926,3.70379893865902e-05,0.00029985266155563295,0.024376600980758667,0.13255107402801514,0.0006367808673530817,0.0007996304775588214,7.316833944059908e-05,0.00013897455937694758,0.0004093518073204905,0.00021196978923399001,0.13133135437965393,0.5021195411682129,0.000357662356691435,0.0043113683350384235,0.017684558406472206,0.008994260802865028,0.08356154710054398,0.0038682648446410894,0.009379815310239792,0.02380741946399212,0.0009211299475282431,0.008409732021391392,6.309199670795351e-05,0.000244581897277385,3.5137350096192677e-07,3.6230329669706407e-07,1.0,1324.0
2.539012939450913e-06,0.00026168409385718405,0.0005584468599408865,0.41112980246543884,0.6951561570167542,0.30015310645103455,0.00039960999856702983,1.6203088307520375e-05,8.785207796790928e-07,0.1739293932914734,0.04503079876303673,0.18777266144752502,0.1306922733783722,0.051345646381378174,0.09223528951406479,0.0782865509390831,0.04753635451197624,0.059457212686538696,0.0889144241809845,0.2424100935459137,0.5410693883895874,0.004733779933303595,0.016782065853476524,0.0015000777784734964,0.0003907885984517634,0.3014145791530609,0.006620937492698431,0.0013487327378243208,0.006858156528323889,0.00776429008692503,0.16149203479290009,0.20004282891750336,0.003997970372438431,0.00023834324383642524,0.12821327149868011,0.12664930522441864,0.005054701119661331,0.015129228122532368,0.004609217401593924,0.0002574012614786625,0.008191868662834167,0.003072578925639391,0.005264641717076302,0.056966640055179596,0.01336612831801176,0.021699387580156326,0.05498005449771881,0.26756054162979126,0.2283676117658615,0.2868462800979614,5.1610031732707284e-06,6.3860898080747575e-06,1.0,1325.0
1.494294906478899e-06,0.3423859775066376,0.09257807582616806,0.005122555885463953,0.004660249687731266,0.026586158201098442,8.200755473808385e-06,5.478190132635063e-07,1.6248441170318983e-07,0.08275552839040756,0.01879356987774372,0.043928708881139755,0.04587811976671219,0.5647337436676025,0.0035495476331561804,0.009311379864811897,0.5541108846664429,0.22619222104549408,0.26844048500061035,0.44093647599220276,0.5144033432006836,0.008905138820409775,0.03525710105895996,1.2047262316627894e-05,0.03528054058551788,0.05880612134933472,2.6166697352891788e-05,0.009086663834750652,0.0003403597220312804,0.00021509719954337925,0.05944198742508888,0.1098964735865593,0.00022680666006635875,0.007203240878880024,0.000645030930172652,0.00022754874953534454,0.0033375441562384367,0.029900716617703438,0.0299777053296566,1.724047979223542e-05,0.45937544107437134,0.3447411060333252,0.18824739754199982,0.002530529163777828,1.000233510239923e-06,6.549317959070322e-07,0.00024677906185388565,0.0017852586461231112,4.47585443907883e-06,4.771319254359696e-06,8.771105086680109e-08,9.775692433322547e-07,1.0,1326.0
3.087886170760612e-06,1.1733194696716964e-05,7.832534720364492e-06,0.9356262683868408,0.9628426432609558,0.9457199573516846,0.001423068344593048,8.173396963684354e-06,1.5884294271018007e-06,0.023982206359505653,0.02725675143301487,0.060092732310295105,0.07251346111297607,0.09151182323694229,0.052836768329143524,0.04396465793251991,0.09087354689836502,0.17534181475639343,0.1644631028175354,0.2008781135082245,0.08693370968103409,0.042716480791568756,0.025896944105625153,0.0008426202111877501,0.011867249384522438,0.5882213711738586,0.0005535375676117837,0.006493160966783762,0.007780569605529308,0.0068802437745034695,0.008671405725181103,0.006799955386668444,0.038641106337308884,0.008479299023747444,0.10125332325696945,0.0916186273097992,0.006934167817234993,0.012333434075117111,0.01525286864489317,4.157017610850744e-05,0.001575340167619288,0.0033695860765874386,0.0024821728002279997,0.05775631219148636,0.6127365827560425,0.6742757558822632,0.026500526815652847,0.032470691949129105,0.1643911749124527,0.16501325368881226,5.5436030379496515e-06,6.228052370715886e-06,1.0,1327.0
3.078221425312222e-06,0.09999983757734299,0.07258988916873932,0.19625641405582428,0.017611324787139893,0.027681682258844376,0.00022436586732510477,2.941574166470673e-06,5.756614882557187e-07,0.11582520604133606,0.09704992920160294,0.02213984914124012,0.03048265539109707,0.0007996495114639401,0.6962204575538635,0.6882985830307007,0.0036662418860942125,0.2843065857887268,0.27408701181411743,0.6852244138717651,0.2647930681705475,0.007170985918492079,0.0050652590580284595,0.0006333765340968966,0.0001843917416408658,0.09884534031152725,0.0022812068928033113,0.0015703868120908737,0.0017998386174440384,0.00040914499550126493,0.00040149808046408,0.00042201511678285897,0.07426317036151886,0.0041018337942659855,0.020604200661182404,0.02634078823029995,0.005365090444684029,0.0026661150623112917,0.09674379974603653,9.352320921607316e-05,0.0006147294188849628,0.0010613740887492895,0.00038748388760723174,0.0238272026181221,0.7956202030181885,0.7013909220695496,0.01759907975792885,0.025505146011710167,0.017018212005496025,0.012075267732143402,3.32818513015809e-06,4.87954184791306e-06,1.0,1328.0
2.4811399157442793e-07,0.003831107635051012,0.004214609041810036,0.019110605120658875,0.47751304507255554,0.17424215376377106,1.3149823644198477e-05,9.31393557834781e-08,2.3169705798409268e-07,0.10280778259038925,0.07635630667209625,0.31788432598114014,0.3106593191623688,0.05152194947004318,0.07464618980884552,0.07689522206783295,0.05129748210310936,0.023365221917629242,0.020678449422121048,0.20448797941207886,0.152910053730011,0.00818933080881834,0.007844357751309872,6.565255898749456e-05,0.0074860877357423306,0.04650689288973808,0.00019780360162258148,0.006953103002160788,0.001621314324438572,0.001571347122080624,7.77020522946259e-06,1.318192789767636e-05,0.013082420453429222,0.001953195547685027,0.0028416505083441734,0.0027233995497226715,0.0030848870519548655,0.005035812966525555,0.6143863797187805,0.002378757344558835,0.017453258857131004,0.08771997690200806,0.001098678563721478,0.0022592071909457445,3.0669723400933435e-06,3.034651626876439e-06,2.001014945562929e-05,0.00023316922306548804,1.6382751709898002e-05,2.1676632968592457e-05,2.05999913305277e-06,2.406017074463307e-07,2.0,1329.0
5.410392418525589e-07,0.001289179315790534,0.01739765889942646,0.3934769928455353,0.09378352761268616,0.10566680878400803,2.5557244498486398e-06,6.62109187032911e-07,8.88762087924988e-07,0.2946375012397766,0.07607255131006241,0.13348925113677979,0.10068527609109879,0.09031336009502411,0.2711712419986725,0.2683451771736145,0.07367254793643951,0.09975709021091461,0.1385907083749771,0.1897328495979309,0.7858951687812805,0.006872982252389193,0.01703222654759884,0.00013281137216836214,7.361288589891046e-05,0.00048961112042889,0.0033901247661560774,4.097929831914371e-06,0.025152338668704033,0.009728462435305119,0.0003215211909264326,0.0012612316058948636,0.0058215828612446785,0.0010981806553900242,0.002324882661923766,0.003952119033783674,0.02341642417013645,0.027319619432091713,0.38787564635276794,0.001985973911359906,0.027596021071076393,0.019003070890903473,0.022684188559651375,0.006336486432701349,3.141400884487666e-05,4.775559136760421e-05,4.804153650184162e-05,0.05132228508591652,6.159653275972232e-05,0.00010417198791401461,1.4868184734950773e-05,3.9402277707267785e-07,1.0,1330.0
2.4681087325006956e-06,0.5178619027137756,0.37021076679229736,0.0011307098902761936,0.0015787362353876233,0.012511118315160275,2.806972224789206e-05,4.440730094756873e-07,2.1594655663648155e-06,0.5988421440124512,0.5208916664123535,0.42724597454071045,0.4181092083454132,0.033493202179670334,0.18846698105335236,0.18939009308815002,0.04146173223853111,0.017589295282959938,0.02177906595170498,0.5879691243171692,0.43464037775993347,0.0004566831630654633,0.0004994397750124335,0.0002710855915211141,5.298940232023597e-05,0.0014327249955385923,0.0005750201526097953,7.09381711203605e-05,0.010014860890805721,0.0011642187600955367,0.06580439954996109,0.08409427851438522,0.0002684467763174325,0.027937423437833786,0.0006945873610675335,0.0008425888954661787,0.07230164855718613,0.03303229808807373,0.0026320707984268665,4.030567197332857e-06,0.020220769569277763,0.006871527526527643,0.014130416326224804,0.021678805351257324,0.019776608794927597,0.0134822903200984,0.25268396735191345,0.5357143878936768,0.0003662959788925946,0.00047546825953759253,2.777468125714222e-06,8.717189530216274e-07,1.0,1331.0
2.6142586193600437e-06,0.6209362149238586,0.6594281196594238,2.09223544516135e-05,0.0005126823671162128,0.0003206655674148351,2.321208012290299e-05,1.5455756852134073e-07,1.9915388804747636e-07,0.17263950407505035,0.1488318145275116,0.022970352321863174,0.019242046400904655,0.012972583994269371,0.19702334702014923,0.19720183312892914,0.01805078238248825,0.39892977476119995,0.39026889204978943,0.6665459871292114,0.596276044845581,0.004278548061847687,0.002176614012569189,0.00011129061022074893,0.002396936062723398,0.0035750973038375378,1.5368288586614653e-05,0.0005899008247070014,0.017118746414780617,0.016572631895542145,0.00039142428431659937,0.000567662063986063,0.0012777617666870356,0.0010607894510030746,0.0012490906519815326,0.0012225075624883175,0.03571859002113342,0.07313352823257446,0.017083613201975822,0.001440983498468995,0.01810869202017784,0.0050520640797913074,0.03982954099774361,0.04643452540040016,0.0013234076322987676,0.0015250390861183405,0.00038211775245144963,0.0020067004952579737,0.0006260348600335419,0.0009026062325574458,1.0977664715028368e-06,5.678977572642907e-07,1.0,1332.0
3.2386449220211944e-06,0.6373351812362671,0.6666417717933655,0.0002330885035917163,0.0029094740748405457,0.0011792908189818263,1.8616348825162277e-05,1.1718796031345846e-06,2.361006465889659e-07,0.32505929470062256,0.3492583930492401,0.3785334825515747,0.3655010759830475,0.018409747630357742,0.13434885442256927,0.139572411775589,0.03207796439528465,0.029235171154141426,0.02384885773062706,0.6696207523345947,0.5140510201454163,0.00203643087297678,0.0008165201870724559,4.042830551043153e-05,0.012095445767045021,0.08102595061063766,0.0001125905109802261,0.005261881276965141,0.00028872230905108154,0.0005303992656990886,0.026792917400598526,0.028642969205975533,0.013181868940591812,0.00039321891381405294,0.0023208626080304384,0.0022270306944847107,0.001058295601978898,0.00167567259632051,0.8615404963493347,0.0029297894798219204,0.09296828508377075,0.02273542247712612,0.0834808424115181,0.12251228094100952,1.174142653326271e-06,7.358667062362656e-07,0.00042264419607818127,0.0008722756174392998,0.00023259899171534926,0.00045975143439136446,1.3070294926365023e-06,1.5360565157607198e-06,1.0,1333.0
4.065680343501299e-07,9.921524906530976e-05,5.921148112975061e-05,0.8466596603393555,0.7263408303260803,0.5539278984069824,1.192802574223606e-05,8.453979489786434e-07,1.0298128216845726e-07,0.30001747608184814,0.1547149121761322,0.06992203742265701,0.062169190496206284,0.4890647530555725,0.00449709827080369,0.0055408235639333725,0.4580308198928833,0.19835996627807617,0.1945243626832962,0.4035279154777527,0.32205870747566223,0.004603021778166294,0.004740031436085701,0.00010671187919797376,0.006919108796864748,0.005534804426133633,1.549567787151318e-05,0.0007909177802503109,0.00020753947319462895,0.0024102439638227224,0.15537907183170319,0.16814248263835907,0.0007084004464559257,0.0013739373534917831,0.0022096592001616955,0.001163432258181274,0.0017715438734740019,0.035660091787576675,0.18001680076122284,0.00017010954616125673,0.03401411324739456,0.011904180981218815,0.03690490871667862,0.002517921384423971,8.406669621763285e-06,1.1153133527841419e-05,0.0016271189088001847,0.01007494330406189,9.536211109661963e-06,2.097553624480497e-05,2.3390748538076878e-06,5.292380365062854e-07,1.0,1334.0
7.91381921771972e-07,0.027132300660014153,0.015657607465982437,0.013543094508349895,0.37290647625923157,0.23420006036758423,9.49354398471769e-06,2.3801345605534152e-07,1.9558033272915054e-06,0.0024831744376569986,0.00048475738731212914,0.09131214022636414,0.0785745233297348,0.6295158863067627,0.0027929169591516256,0.0015341304242610931,0.6408902406692505,0.07978890836238861,0.10683005303144455,0.01138842012733221,0.008986234664916992,0.11287529766559601,0.5719154477119446,2.2750109565095045e-05,0.001701105386018753,0.006962726823985577,0.0002311191929038614,0.0002769423008430749,0.00342252803966403,0.0011755661107599735,0.000392027577618137,0.0005515115917660296,0.0009735808707773685,0.0012522694887593389,0.0008599692373536527,0.0013576903147622943,0.019521676003932953,0.007324906997382641,0.4625665545463562,0.004343719687312841,0.10066895931959152,0.05597304180264473,0.0334615483880043,0.00915549322962761,2.3116610918805236e-06,1.1583615560084581e-06,8.563624578528106e-05,0.0003102213377133012,1.8882728909375146e-05,1.7588494301890023e-05,3.5044656669924734e-06,5.363039576877782e-07,1.0,1335.0
6.484057166744606e-07,0.0025709769688546658,0.005614690948277712,0.4695507884025574,0.3114319145679474,0.1450446993112564,7.103907591954339e-06,1.9399078610149445e-06,9.63462412073568e-08,0.1079462319612503,0.08439557254314423,0.2675832509994507,0.2377932369709015,0.5634547472000122,0.00297606666572392,0.004323895089328289,0.5639552474021912,0.029876304790377617,0.03382963687181473,0.22197754681110382,0.3207363784313202,0.006633544806391001,0.008539460599422455,2.8356149414321408e-05,0.0051606642082333565,0.011845126748085022,2.1397494492703117e-05,0.0025487528182566166,6.188881525304168e-05,0.0016984811518341303,0.0647454708814621,0.042240265756845474,0.0021824960131198168,0.003035458968952298,0.0004287655756343156,0.00017408224812243134,0.0006165645318105817,0.00691924337297678,0.5040736198425293,0.00029223415185697377,0.0401543527841568,0.003100205445662141,0.08305040001869202,0.04210449010133743,8.985663953353651e-06,1.241555673914263e-05,0.0030532092787325382,0.0015304223634302616,0.00014882214600220323,0.0003573748399503529,7.443499043802149e-07,7.36743743345869e-07,1.0,1336.0
1.3949032791060745e-06,0.02411726675927639,0.009560813196003437,0.1359623521566391,0.1447778195142746,0.2374178022146225,0.00019182087271474302,2.5755134629434906e-06,1.6034821328503313e-06,0.014988649636507034,0.005839141551405191,0.017283296212553978,0.01526794396340847,0.6696752309799194,0.0023195522371679544,0.0026541792321950197,0.6988109350204468,0.30770137906074524,0.2981546223163605,0.08415651321411133,0.03269514441490173,0.03293319046497345,0.08349857479333878,0.0007277588010765612,0.00018963206093758345,0.0964847058057785,0.005339570343494415,0.0005021102842874825,0.005279626231640577,0.0009601045167073607,0.0768105611205101,0.05134974792599678,0.002445770427584648,0.0026038577780127525,0.1410427987575531,0.23361089825630188,0.03430599719285965,0.004425216931849718,0.003949286416172981,2.7885407689609565e-05,0.017906229943037033,0.0026538537349551916,0.001923835719935596,0.03187858313322067,0.0016240946715697646,0.0007986907730810344,0.09727752208709717,0.011195563711225986,0.01718171499669552,0.008979536592960358,4.51631376563455e-06,2.9963207452965435e-06,1.0,1337.0
2.561257588240551e-07,0.031672168523073196,0.028862183913588524,0.009761178866028786,0.14974114298820496,0.06711361557245255,3.16453611048928e-06,1.396834505840161e-07,3.7713189016130855e-08,0.11221882700920105,0.03544975072145462,0.04877697303891182,0.03543133661150932,0.0033659820910543203,0.4208710491657257,0.4003339409828186,0.010851002298295498,0.18292343616485596,0.20841801166534424,0.29401469230651855,0.47174498438835144,0.008607092313468456,0.009130217134952545,2.761212999757845e-05,0.009357419796288013,0.0012450788635760546,3.534255711201695e-06,0.0001785087661119178,0.0002929965849034488,0.002198812086135149,0.003822220955044031,0.002898982958868146,0.002173336688429117,0.0013162194518372416,0.00032365304650738835,0.00012715648335870355,0.0009669242426753044,0.013711635954678059,0.339324414730072,0.00040007143979892135,0.003718713065609336,0.0007448078831657767,0.05992215871810913,0.05735459178686142,2.7924343157792464e-05,3.304003257653676e-05,0.005054223816841841,0.0006392130744643509,0.0006822739960625768,0.002070645336061716,1.0186945473833475e-06,1.0373059211588043e-07,2.0,1338.0
1.8469700080459006e-07,0.001024448312819004,0.0008642655448056757,0.42334458231925964,0.4933914542198181,0.4146136939525604,0.00014466524589806795,1.7456704881624319e-07,9.261734703613911e-07,0.022193001583218575,0.00819228682667017,0.20094208419322968,0.22171145677566528,0.03200589120388031,0.11246095597743988,0.11460433155298233,0.0410877950489521,0.03980978950858116,0.040749453008174896,0.039085760712623596,0.024939294904470444,0.04620702937245369,0.06722062826156616,0.0006438982672989368,0.0005677482113242149,0.19356735050678253,0.007956844754517078,0.0013271134812384844,0.013779737986624241,0.017241062596440315,6.419172223104397e-06,9.945959391188808e-06,0.012237666174769402,0.0002580145373940468,0.45258110761642456,0.5477558374404907,0.017057545483112335,0.026730459183454514,0.026396367698907852,0.0052624898962676525,0.020344022661447525,0.07747828960418701,0.000329120404785499,0.0019845105707645416,0.00014465847925748676,0.00021761743118986487,5.753433651989326e-05,0.00050682935398072,0.0025643082335591316,0.002899186685681343,3.0991707262728596e-06,4.821075094696425e-07,1.0,1339.0
3.625117130923172e-07,0.00044204480946063995,0.0005314817535690963,0.19600936770439148,0.7731022238731384,0.5136139392852783,3.162598659400828e-05,2.7972637894890795e-07,3.455256774032023e-07,0.0010673204669728875,0.0016504883533343673,0.0685981959104538,0.08727873116731644,0.06003570556640625,0.1047336608171463,0.07999568432569504,0.029932882636785507,0.14124491810798645,0.1191289871931076,0.015606758184731007,0.0075591509230434895,0.3618108332157135,0.16567546129226685,0.00015479170542676002,0.0018763302359730005,0.15426048636436462,0.0008523753494955599,0.010567842051386833,0.000885305751580745,0.007808511611074209,6.455808761529624e-05,5.555124516831711e-05,0.0802660584449768,0.0014198627322912216,0.014805370010435581,0.012576406821608543,0.0014132870128378272,0.0072335172444581985,0.4387530982494354,0.0017737882444635034,0.00461019529029727,0.004890005104243755,0.0012464135652408004,0.011528759263455868,9.556825534673408e-05,0.00017258340085390955,0.00012172364222351462,0.00042956494144164026,0.0004376329598017037,0.0008169306092895567,1.3627334283228265e-06,2.059487087535672e-07,1.0,1340.0
1.122185153690225e-06,8.150246867444366e-05,0.0009938403964042664,0.659953236579895,0.7157694101333618,0.22366654872894287,4.3026393541367725e-05,5.420859451987781e-06,1.6808081682029297e-06,0.016797367483377457,0.05775339528918266,0.059119876474142075,0.0927746370434761,0.005864579696208239,0.3854769468307495,0.3726811110973358,0.009759237989783287,0.16123177111148834,0.14347955584526062,0.09572222083806992,0.035492923110723495,0.04727473855018616,0.026859425008296967,0.0004007820098195225,9.223325469065458e-05,0.004903930705040693,0.0008310144185088575,0.00017167939222417772,0.000581455125939101,0.00013405187928583473,0.6436765193939209,0.6658715605735779,0.01069518644362688,7.452729914803058e-05,0.0028979522176086903,0.010907001793384552,0.014858616515994072,0.0009346184087917209,0.4024783968925476,0.0066046337597072124,0.0036837500520050526,0.0007138157961890101,0.011951105669140816,0.07498513907194138,0.00017352972645312548,4.844159047934227e-05,0.07014845311641693,0.04969868063926697,0.004694977309554815,0.0033201086334884167,8.476059883832932e-05,1.8660537079995265e-06,1.0,1341.0
2.1850310076843016e-06,9.651034633861855e-05,4.2339372157584876e-05,0.8539353013038635,0.8205950856208801,0.9075202941894531,0.001118963467888534,7.025976083241403e-05,7.214875950012356e-06,0.03413545712828636,0.006546554621309042,0.14189231395721436,0.1495448797941208,0.9276842474937439,0.0008707696688361466,0.0002895511861424893,0.9208998680114746,0.08842062950134277,0.09434807300567627,0.18524406850337982,0.03809061273932457,0.024724148213863373,0.2969253957271576,0.0042127822525799274,0.0029038344509899616,0.23820672929286957,0.0030847240705043077,0.0017044245032593608,0.003296538256108761,0.004161654971539974,0.1628546267747879,0.14266975224018097,0.07964017987251282,0.00014637377171311527,0.28794002532958984,0.35973358154296875,0.006631285883486271,0.009231917560100555,0.03423492982983589,0.0007427464588545263,0.0018334657652303576,0.0023268426302820444,0.00217409897595644,0.045672327280044556,0.40953370928764343,0.40499475598335266,0.4040329158306122,0.36444398760795593,0.19261737167835236,0.20809878408908844,5.41513418284012e-06,1.696764593361877e-05,1.0,1342.0
1.1162346709170379e-06,0.018850933760404587,0.0457143597304821,0.023396268486976624,0.3336437940597534,0.13363194465637207,9.921328455675393e-06,1.4489694422081811e-07,2.115646793754422e-06,0.002925839042291045,0.001085908617824316,0.15678857266902924,0.14299094676971436,0.21215270459651947,0.017160680145025253,0.013924523256719112,0.21748872101306915,0.05722339451313019,0.0588877834379673,0.014636727049946785,0.007393976207822561,0.24538327753543854,0.31159308552742004,5.040737960371189e-06,0.022294219583272934,0.019113488495349884,9.968372614821419e-05,0.0002963719016406685,0.03569020703434944,0.0027736215852200985,6.972334085730836e-05,0.0001494894822826609,0.0004779153678100556,0.01389339379966259,0.0006256412016227841,0.0006396009703166783,0.006258248817175627,0.007452954072505236,0.8130022883415222,0.0009747034637257457,0.6736947298049927,0.42215830087661743,0.3291502892971039,0.02675575390458107,1.3365065854031855e-07,4.7205325870436354e-08,5.997875177854439e-06,5.383942698244937e-05,1.6167292415047996e-05,1.2514780792116653e-05,3.091961389145581e-06,3.3871074833768944e-07,1.0,1343.0
6.9854336288699415e-06,0.0021609878167510033,0.0020694832783192396,0.2723020017147064,0.3574296236038208,0.35205626487731934,3.423520320211537e-05,1.2292219935261528e-06,1.386229087074753e-06,0.010502309538424015,0.005350577645003796,0.02532866597175598,0.024291835725307465,0.0031928319949656725,0.539229154586792,0.49544838070869446,0.009940496645867825,0.276073694229126,0.30626431107521057,0.07802453637123108,0.09660600870847702,0.043247710913419724,0.07517249137163162,2.041954212472774e-05,0.0007750106160528958,0.06483340263366699,0.002789245918393135,0.027609236538410187,0.0017384453676640987,0.0017927942099049687,0.0086104990914464,0.005368279293179512,0.0001677147956797853,0.0003071079554501921,0.0001871551648946479,0.0002822323003783822,0.20227116346359253,0.020689886063337326,0.012995651923120022,0.0073676700703799725,0.48049917817115784,0.13062801957130432,0.1753527969121933,0.01123570092022419,6.086705980123952e-05,1.823691309255082e-05,0.007841800339519978,0.0008122628787532449,6.34160460322164e-06,3.1524848509434378e-06,7.262227654791786e-07,4.0573678461441887e-07,1.0,1344.0
1.5545425640084432e-06,0.057737451046705246,0.04176638275384903,0.0002993650850839913,0.07051225006580353,0.08913349360227585,0.00028970223502255976,3.9782955241207674e-07,2.227645694574676e-07,0.34253305196762085,0.4142014980316162,0.5872108340263367,0.5527475476264954,0.1851285696029663,0.022641034796833992,0.0320262536406517,0.1549512892961502,0.025075016543269157,0.006429990753531456,0.36121803522109985,0.17500841617584229,0.009742933325469494,0.00032426457619294524,0.000613946293015033,0.006190985906869173,0.20723716914653778,0.004700610879808664,0.0021580809261649847,0.0016714907251298428,0.026052115485072136,0.000535463506821543,0.0005576474941335618,0.006822509225457907,2.2810982045484707e-05,0.18524973094463348,0.29978856444358826,0.006180078722536564,0.06160885468125343,0.0032215118408203125,0.01768587715923786,0.017443977296352386,0.04340781271457672,0.01246261689811945,0.08893808722496033,0.00022047302627470344,0.0006915289559401572,0.00014421447122003883,0.002137263072654605,0.021959805861115456,0.12502609193325043,2.610217961773742e-06,1.1061906661780085e-06,1.0,1345.0
7.573192988274968e-07,0.389158695936203,0.3036011755466461,0.002085262443870306,0.01009018812328577,0.008383017033338547,3.1045350624481216e-05,1.3304114077072882e-07,2.684635660443746e-07,0.24992316961288452,0.21270091831684113,0.13577409088611603,0.17046408355236053,0.6710561513900757,0.0014377356274053454,0.010652446188032627,0.7715991735458374,0.0658470019698143,0.06038288399577141,0.6189770698547363,0.37735679745674133,0.0041264696046710014,0.0019318591803312302,0.00027340633096173406,0.00794892106205225,0.002489472972229123,3.605664460337721e-06,7.27191218174994e-05,0.008522738702595234,0.0209849551320076,0.02518220990896225,0.03492069989442825,3.1288353056879714e-05,0.00010860653856070712,0.003494417294859886,0.0022320991847664118,0.18418900668621063,0.48005905747413635,6.246502016438171e-05,0.0005822750390507281,0.044009026139974594,0.07623866945505142,0.012899598106741905,0.0005794390453957021,0.006059727165848017,0.005356369540095329,0.021800117567181587,0.22602741420269012,1.3760258298134431e-05,2.422167017357424e-05,7.104871997398732e-07,1.9576582417357713e-06,2.0,1346.0
1.870320716079732e-06,0.003583241254091263,0.002206276636570692,0.20433993637561798,0.28458747267723083,0.24447378516197205,4.806055221706629e-05,1.6733486063458258e-06,3.809226143403066e-07,0.6397300958633423,0.703311562538147,0.7398664951324463,0.7272925972938538,0.08358698338270187,0.07082870602607727,0.046708013862371445,0.059803273528814316,0.006080769933760166,0.00273273978382349,0.6892995834350586,0.43646588921546936,0.0007147923461161554,0.00013435902656055987,0.00010228609608020633,0.0060434904880821705,0.09065724909305573,0.0001967007265193388,0.005307662300765514,0.000996250775642693,0.0002699916949495673,0.011175179854035378,0.01746983267366886,0.006154033355414867,0.0001761777966748923,0.005648456048220396,0.013514095917344093,0.00928106065839529,0.0034647698048502207,0.15918833017349243,0.0047228275798261166,0.03111496940255165,0.013690037652850151,0.014686926268041134,0.030791375786066055,1.913699998112861e-05,1.040627648762893e-05,0.0009175066370517015,0.007075768429785967,0.0009163643699139357,0.0006715974304825068,7.850535439501982e-06,2.4831290375004755e-06,1.0,1347.0
1.061595639839652e-06,0.22519947588443756,0.21498343348503113,0.01839405857026577,0.017130523920059204,0.015125727280974388,4.383666964713484e-05,7.8302559813892e-07,5.365852189243014e-07,0.027016516774892807,0.008434979245066643,0.12555235624313354,0.1494254469871521,0.31539854407310486,0.005819896701723337,0.015370024368166924,0.29195594787597656,0.05733506381511688,0.052392441779375076,0.18096575140953064,0.023831628262996674,0.035181768238544464,0.036804329603910446,0.00012489430082496256,0.01185688003897667,0.1784628927707672,0.0003241347731091082,0.0011864479165524244,0.0006981109618209302,0.00043768054456450045,0.0029108773451298475,0.005068325903266668,0.034398265182971954,0.0005427872529253364,0.03154361620545387,0.03826359286904335,0.0010331543162465096,0.0014644308248534799,0.2664602994918823,0.0005466897855512798,0.012791632674634457,0.00875925924628973,0.0019677295349538326,0.047350458800792694,1.7621081497054547e-05,1.584752135386225e-05,0.00021734806068707258,0.0029454973991960287,0.0015869410708546638,0.0015036172699183226,3.044025106646586e-06,3.6160467971058097e-06,1.0,1348.0
1.5720077044534264e-06,0.792366623878479,0.6894532442092896,0.00013006319932173938,0.0019575601909309626,0.0021459839772433043,0.0015989427920430899,2.2968213215790456e-06,1.0418153806313057e-06,0.3860091269016266,0.41292187571525574,0.09421949833631516,0.08808969706296921,0.032113682478666306,0.22791007161140442,0.19063597917556763,0.015565318055450916,0.17788489162921906,0.2243819385766983,0.7339364290237427,0.7441359758377075,0.0017757480964064598,0.0011339837219566107,0.005721508525311947,0.007301132660359144,0.37247082591056824,0.0010746188927441835,0.00016806843632366508,0.010747379623353481,0.026893027126789093,0.009658935479819775,0.012221555225551128,0.08129198849201202,0.0003513014526106417,0.8519037961959839,0.8966042995452881,0.00413985550403595,0.012909839861094952,0.01515678595751524,0.00010385827044956386,0.00045779463835060596,0.0009177100146189332,0.0005117227556183934,0.010950963944196701,0.8671090602874756,0.9126979112625122,0.08882711082696915,0.3997303545475006,0.6650305986404419,0.7145670652389526,4.0739191717875656e-06,5.535874151973985e-06,1.0,1349.0
7.266107218129036e-07,0.003971026744693518,0.006670643109828234,0.3047111928462982,0.10166610777378082,0.07105671614408493,0.00010261659190291539,1.7629051853873534e-06,4.5672842929889157e-07,0.20244039595127106,0.098269522190094,0.10764836519956589,0.09765787422657013,0.667794406414032,0.0015936974668875337,0.004290138371288776,0.6192139387130737,0.12185801565647125,0.13597440719604492,0.3495437800884247,0.3199496567249298,0.007132070139050484,0.005175278056412935,0.00106232357211411,0.11360691487789154,0.1763802021741867,2.236413274658844e-05,0.0011751250131055713,0.0014512817142531276,0.0015187229728326201,0.015211675316095352,0.03362824022769928,0.010193190537393093,0.0020243513863533735,0.23710007965564728,0.21905717253684998,0.0018368309829384089,0.01089054811745882,0.020936232060194016,2.0736330043291673e-05,0.005333473440259695,0.006979630794376135,0.0020571991335600615,0.020337281748652458,0.00014704804925713688,0.00028288259636610746,0.0011944716097787023,0.16118356585502625,0.011524190194904804,0.01740299165248871,3.767436965063098e-06,5.2137129387119785e-06,1.0,1350.0
8.565843927499373e-07,0.41990047693252563,0.4981534779071808,0.000968360633123666,0.009425909258425236,0.0035299621522426605,1.439851985196583e-05,3.6898985200650714e-08,1.5433030853273522e-07,0.3862956762313843,0.6100647449493408,0.16261424124240875,0.32516029477119446,0.02765006572008133,0.06543630361557007,0.1420651078224182,0.0813039019703865,0.09737034142017365,0.02664985880255699,0.6550259590148926,0.2622034549713135,0.0030124520417302847,0.00010312237282050774,2.9586140954052098e-05,0.03783215954899788,0.01255616545677185,2.7827392841572873e-05,0.0020306622609496117,0.007621304132044315,0.007400264032185078,0.0001820153702283278,0.00022103605442680418,0.001368519733659923,0.0008717048331163824,0.0013615017523989081,0.0012205394450575113,0.011995081789791584,0.03383076563477516,0.3352108597755432,0.0014857924543321133,0.20403054356575012,0.10101991891860962,0.053834106773138046,0.005388619378209114,4.326327598391799e-06,2.933766381829628e-06,5.1974511734442785e-05,0.00012532807886600494,3.705054950842168e-06,5.255426003714092e-06,6.458839720835385e-07,1.660662576341565e-07,2.0,1351.0
4.982605332770618e-06,0.09612824022769928,0.05480324849486351,0.02549862489104271,0.08232294023036957,0.0862121507525444,0.002173556014895439,2.7788191800937057e-06,5.659882845066022e-06,0.0391651876270771,0.0034212302416563034,0.021299097687005997,0.014475105330348015,0.003513517789542675,0.35789766907691956,0.3618737459182739,0.009996450506150723,0.35837364196777344,0.3777136206626892,0.3116736114025116,0.051361508667469025,0.02111552655696869,0.07646218687295914,0.0029602793511003256,0.0233051385730505,0.09943685680627823,0.0002087637985823676,0.0003715304483193904,0.013505598530173302,0.003587297396734357,0.007916686125099659,0.009678429923951626,0.015362709760665894,0.004150530323386192,0.6437714695930481,0.7213943004608154,0.005492924712598324,0.006053509656339884,0.01956525817513466,2.7029962438973598e-05,0.0031688997987657785,0.007068110164254904,0.0023428278509527445,0.08001000434160233,0.5236728191375732,0.438490629196167,0.019684676080942154,0.020547516644001007,0.6878316402435303,0.5578492879867554,1.2072507161065005e-05,1.831822555686813e-05,1.0,1352.0
1.2258423112143646e-06,0.36019188165664673,0.3867014944553375,0.0010297405533492565,0.0039076549001038074,0.003059905022382736,0.0013628080487251282,5.932313342782436e-07,5.922630066379497e-07,0.2484840452671051,0.3045717477798462,0.08778791129589081,0.08768230676651001,0.011665413156151772,0.2548713982105255,0.25664693117141724,0.018701020628213882,0.12143068015575409,0.16605424880981445,0.6263124942779541,0.6166281700134277,0.0023307730443775654,0.001184358261525631,0.004899048246443272,0.027063865214586258,0.3247053921222687,0.0006458229036070406,0.0008884086855687201,0.02635836787521839,0.05563797429203987,0.001289679086767137,0.0010736406547948718,0.019442766904830933,0.0024336192291229963,0.788628876209259,0.8838326334953308,0.009315437637269497,0.015095489099621773,0.01374195795506239,2.614858931337949e-05,0.001530779991298914,0.0022183561231940985,0.0004307046183384955,0.013312865048646927,0.29988816380500793,0.3067314922809601,0.013596761040389538,0.010595469735562801,0.031482867896556854,0.04735461622476578,2.5550225473125465e-06,3.4500712899898645e-06,1.0,1353.0
1.8094301879045815e-07,0.01617145724594593,0.11549662798643112,0.06279981881380081,0.13365638256072998,0.0638425424695015,2.052303170785308e-05,6.760160431440454e-08,1.7780919847609766e-07,0.126481831073761,0.39744070172309875,0.049572065472602844,0.3441142141819,0.43507999181747437,0.0020637959241867065,0.013636359013617039,0.5958068370819092,0.23716284334659576,0.029906731098890305,0.5234798192977905,0.10112525522708893,0.01062033697962761,0.0005783193046227098,1.8595996152726002e-05,0.18500682711601257,0.013962497003376484,3.2626735446683597e-06,0.0014411405427381396,0.007238361053168774,0.009450339712202549,0.0001432426506653428,6.168541585793719e-05,0.002285369671881199,0.003078449983149767,0.0013696026289835572,0.0011306866072118282,0.01437900960445404,0.01797923818230629,0.6286975145339966,0.0008418424986302853,0.17855310440063477,0.07306042313575745,0.03619903326034546,0.006098374258726835,4.280710527382325e-06,1.212901793223864e-06,0.0016494797309860587,1.1845749213534873e-05,5.3999545343685895e-05,6.29915957688354e-05,8.830895694700303e-07,9.710874593338303e-08,2.0,1354.0
5.312559096637415e-06,0.05196952074766159,0.08044169098138809,0.00042470579501241446,0.1116485595703125,0.0537419468164444,0.0019147023558616638,1.2051880730723497e-05,3.1887536806607386e-06,0.09780235588550568,0.11683570593595505,0.05447845160961151,0.05697415769100189,0.04925445467233658,0.07431097328662872,0.07997056841850281,0.07376350462436676,0.25866320729255676,0.22454670071601868,0.46129196882247925,0.43659064173698425,0.014379266649484634,0.0064127505756914616,0.006290089804679155,0.0021430542692542076,0.07950027287006378,0.001614995300769806,0.0002862571272999048,0.0020471233874559402,0.00510962912812829,0.11201907694339752,0.09411162883043289,0.08591864258050919,9.705172124085948e-05,0.6455163359642029,0.7850767970085144,0.009446528740227222,0.014503265731036663,0.017547158524394035,0.0006588962278328836,0.001640155678614974,0.002014593221247196,0.003784082131460309,0.07748594880104065,0.8635627031326294,0.8983648419380188,0.3376469910144806,0.3946228325366974,0.80230712890625,0.8557535409927368,7.673611435166094e-06,2.0390469217090867e-05,1.0,1355.0
5.3369644774647895e-06,0.6983023881912231,0.7386882305145264,0.0001320431038038805,0.00080147385597229,0.0004418287135194987,2.506107557564974e-05,2.0498991659678722e-07,8.083030138550384e-07,0.14720192551612854,0.1294708102941513,0.00787634588778019,0.007590926717966795,0.015364887192845345,0.1548730731010437,0.18866436183452606,0.03405717387795448,0.5759940147399902,0.5703548192977905,0.5984530448913574,0.4253505766391754,0.00402440782636404,0.0028284278232604265,0.00015095382696017623,0.0021416619420051575,0.01987994834780693,8.24538292363286e-05,0.005158118437975645,0.020336061716079712,0.0009953798726201057,0.0005253346171230078,0.0019086047541350126,0.0019310466013848782,0.00422076927497983,0.0011152256047353148,0.002289009280502796,0.014255489222705364,0.011303016915917397,0.15886282920837402,0.00018279174400959164,0.049140844494104385,0.016708549112081528,0.011251955293118954,0.004044896923005581,6.0752707213396206e-05,5.612472159555182e-05,0.00011320198973407969,0.04020591080188751,2.4966278942883946e-05,1.95343054656405e-05,1.421345359631232e-06,1.0629389635141706e-06,1.0,1356.0
1.9897688616765663e-06,1.439271272829501e-05,0.0003835279494524002,0.6907045245170593,0.8804603815078735,0.37084075808525085,0.0006884718895889819,3.4488509754737606e-06,2.2394940515368944e-06,0.0113370381295681,0.003734556259587407,0.012039081193506718,0.009816707111895084,0.0697532370686531,0.053295694291591644,0.05090630054473877,0.07512588053941727,0.5139584541320801,0.5543274879455566,0.10010982304811478,0.03188224136829376,0.08582758903503418,0.09585781395435333,0.0014624171890318394,0.011214293539524078,0.4501243829727173,0.0006922819884493947,0.004847776610404253,0.012237130664288998,0.006700745318084955,0.022941170260310173,0.02892409823834896,0.02277379110455513,0.001283311634324491,0.13202686607837677,0.21412788331508636,0.01279764249920845,0.014731347560882568,0.017238840460777283,0.0001481826911913231,0.0026989781763404608,0.0010793461697176099,0.001250758534297347,0.041449252516031265,0.020712517201900482,0.03025437705218792,0.008640112355351448,0.044310275465250015,0.003838656470179558,0.0041775475256145,7.715539140917826e-06,4.213235115457792e-06,1.0,1357.0
2.1766805730294436e-05,0.19437578320503235,0.10213276743888855,0.005807252135127783,0.018074169754981995,0.0578080378472805,7.718268170719966e-05,1.154139340542315e-06,1.3269564078655094e-06,0.08108391612768173,0.02843465656042099,0.015675518661737442,0.020391397178173065,0.041252005845308304,0.03375465050339699,0.09009993076324463,0.11019453406333923,0.33219337463378906,0.2778284549713135,0.7167580127716064,0.17143017053604126,0.007771897595375776,0.006289717275649309,0.00016883730131667107,5.490067997016013e-05,0.0045891995541751385,0.0005062128184363246,0.0020053049083799124,0.3811400830745697,0.00309237209148705,6.507251964649186e-05,0.00024210817355196923,0.003572645364329219,0.0019584724213927984,0.00046372762881219387,0.0011591740185394883,0.09954312443733215,0.023124193772673607,0.034920964390039444,0.0012241179356351495,0.004673718940466642,0.0011274766875430942,0.015672091394662857,0.04987523332238197,0.09904482960700989,0.06280206143856049,0.00041162865818478167,0.048803139477968216,0.002504186239093542,0.0006492423708550632,4.429717137099942e-06,4.117327989661135e-06,1.0,1358.0
8.661576771373802e-07,0.07839997857809067,0.04367237910628319,0.003306494327262044,0.026734568178653717,0.029133668169379234,7.7479980973294e-06,1.448295279260492e-07,1.5361679572833964e-07,0.11589695513248444,0.06724674999713898,0.0806385800242424,0.08036673814058304,0.44794872403144836,0.005836958531290293,0.008048351854085922,0.3973359167575836,0.13273967802524567,0.11991866677999496,0.44275230169296265,0.2909867763519287,0.00871271826326847,0.004177200607955456,8.615881961304694e-05,0.004328204784542322,0.0007742727757431567,2.101117388519924e-06,9.164978837361559e-05,0.007409678306430578,0.0006672961171716452,0.012633503414690495,0.01936977542936802,0.0004015987506136298,0.00166558928322047,0.00021237197506707162,0.00031194923212751746,0.06778272241353989,0.03742609918117523,0.0030661080963909626,0.00010242108692182228,0.006506490986794233,0.0017747688107192516,0.049810051918029785,0.01806800626218319,0.0024724940303713083,0.0014520338736474514,0.005958041176199913,0.012509899213910103,0.0002030123141594231,0.000152547363541089,1.2670991509367013e-06,8.819365007184388e-07,2.0,1359.0
1.4451761671807617e-06,0.008070286363363266,0.0013564147520810366,0.1344534456729889,0.15077023208141327,0.27677810192108154,4.083476233063266e-05,1.3679052699444583e-06,4.1665629169074236e-07,0.08505325019359589,0.06937340646982193,0.03486999496817589,0.031364887952804565,0.020034262910485268,0.29436320066452026,0.29428210854530334,0.005902159959077835,0.23819762468338013,0.2432166486978531,0.3852720260620117,0.44199201464653015,0.00585905322805047,0.009221677668392658,0.00041058205533772707,0.00011450477177277207,0.0022447369992733,9.202162618748844e-05,0.00016351460362784564,0.007963467389345169,0.0035398497711867094,0.00679729925468564,0.00766206718981266,0.0016464992659166455,1.627817255211994e-05,0.003804086009040475,0.006029826123267412,0.06101912632584572,0.01123721618205309,0.007050780113786459,0.01872691698372364,0.0017719013849273324,0.0006001730216667056,0.0038703212048858404,0.028131721541285515,0.18465986847877502,0.1189509704709053,0.10691621154546738,0.10209628939628601,0.0102075869217515,0.012977510690689087,8.716435331734829e-06,1.3110193322063424e-06,1.0,1360.0
6.689633096357284e-07,0.0001599509851075709,7.431326230289415e-05,0.783703088760376,0.402680903673172,0.5113605260848999,2.426416176604107e-05,2.190447276007035e-06,1.3902484852224006e-06,0.10805656015872955,0.03649236634373665,0.39322367310523987,0.41384515166282654,0.08425519615411758,0.07849066704511642,0.05536891892552376,0.059509675949811935,0.013554884120821953,0.01948453299701214,0.09451331198215485,0.16261395812034607,0.005785313434898853,0.031597800552845,0.00045731442514806986,0.0001443560468032956,0.005380195565521717,0.0003000636934302747,0.00023411396250594407,0.003499041311442852,0.0007496293401345611,0.007810347713530064,0.010978355072438717,0.0042758602648973465,0.00012984238856006414,0.006974308285862207,0.015565303154289722,0.07785049825906754,0.011766010895371437,0.01318359561264515,0.00282130460254848,0.0026689667720347643,0.0015954578993842006,0.0029481216333806515,0.028759848326444626,0.007379588671028614,0.004796639550477266,0.018934398889541626,0.061040572822093964,0.010194744914770126,0.009847331792116165,9.756629879120737e-06,9.820863624554477e-07,2.0,1361.0
2.1793598534713965e-06,0.004086714703589678,0.0029124142602086067,0.40306076407432556,0.17484000325202942,0.27946850657463074,0.00021691538859158754,4.503260697674705e-06,2.8628069230762776e-06,0.05786207318305969,0.004791825544089079,0.24808314442634583,0.20680567622184753,0.00384849333204329,0.4130861163139343,0.4077160656452179,0.0063610076904296875,0.02898213267326355,0.048407185822725296,0.056134503334760666,0.08427422493696213,0.013227243907749653,0.15193915367126465,0.0008575479150749743,0.739649772644043,0.25645869970321655,4.081825409230078e-06,0.0004646614834200591,0.0017037432407960296,0.013340623117983341,0.5195878744125366,0.6223753690719604,0.004571075085550547,0.015871156007051468,0.3689546287059784,0.14375774562358856,0.0014831108273938298,0.036576684564352036,0.00907447375357151,4.873844773101155e-06,0.012068028561770916,0.011443833820521832,0.016632774844765663,0.1586395651102066,0.00030555075500160456,0.0006730997702106833,0.005628466606140137,0.05362551659345627,0.3169088363647461,0.37369319796562195,1.3322793165571056e-05,1.6840422176755965e-05,1.0,1362.0
8.10941344298044e-07,0.39080095291137695,0.48027050495147705,0.000347155291819945,0.005693039856851101,0.0029763909988105297,2.5934736186172813e-05,3.479206611700647e-07,6.270309427236498e-07,0.08272339403629303,0.03328718617558479,0.26243436336517334,0.23336419463157654,0.7522804737091064,0.0012122864136472344,0.0021714079193770885,0.7840560674667358,0.03826996684074402,0.03340618684887886,0.32569706439971924,0.11440729349851608,0.021235765889286995,0.01351469848304987,9.736623178469017e-05,0.2651921808719635,0.08404161036014557,3.8421800127252936e-05,0.000834653852507472,0.004205191507935524,7.527827983722091e-05,0.0025250823237001896,0.0034409670624881983,0.022893324494361877,0.05595136806368828,0.024035785347223282,0.026792222633957863,0.0015303516993299127,0.001318022608757019,0.8483058214187622,9.45901501836488e-06,0.11717666685581207,0.08748400211334229,0.022297369316220284,0.03296159952878952,2.976888424655044e-07,8.802327755574879e-08,0.00016159572987817228,0.00011241597530897707,0.00048244488425552845,0.0006147621897980571,1.5572030633848044e-06,1.1112829270132352e-06,1.0,1363.0
3.6775086300622206e-06,0.053980425000190735,0.06647887080907822,0.012697498314082623,0.14844615757465363,0.06982757151126862,7.706956239417195e-05,7.072018206599751e-07,1.0152959930564975e-06,0.02092880941927433,0.010954895056784153,0.003531963797286153,0.010163122788071632,0.050946202129125595,0.025446368381381035,0.09036721289157867,0.16692188382148743,0.6418654322624207,0.5824084877967834,0.394184410572052,0.03865888714790344,0.028210338205099106,0.027685103937983513,3.560857294360176e-05,0.43753477931022644,0.48076289892196655,7.95547657617135e-06,0.0333261601626873,0.013759942725300789,0.0027668732218444347,0.000497385102789849,0.00022611572057940066,0.05665891245007515,0.0011928736930713058,0.0011151304934173822,0.00329300737939775,0.011818449944257736,0.0016165805282071233,0.701073169708252,0.0023354024160653353,0.033420808613300323,0.0601845346391201,0.0489070788025856,0.03500373288989067,1.3004845641262364e-05,2.660978907442768e-06,0.0012961725005879998,3.633563028415665e-05,0.0027332911267876625,0.0017079615499824286,1.02089143183548e-06,9.59136855271936e-07,2.0,1364.0
3.353559122842853e-06,0.00326706375926733,0.03422791510820389,0.23889440298080444,0.45728692412376404,0.07659690082073212,1.9575407350203022e-05,2.0119107375649037e-06,2.493589590812917e-06,0.010319842025637627,0.025753142312169075,0.035983726382255554,0.041009847074747086,0.006140806712210178,0.23176325857639313,0.2540535032749176,0.022482091560959816,0.16442933678627014,0.16821613907814026,0.05218343064188957,0.05554971098899841,0.050518546253442764,0.03480273112654686,6.139416655059904e-05,0.0007368111982941628,0.012047591619193554,0.0015293762553483248,0.00016291419160552323,0.005942108575254679,0.00013408332597464323,0.024766063317656517,0.05612780898809433,0.009834897704422474,0.0008110377239063382,0.0053671435452997684,0.018514234572649002,0.004246526397764683,0.0005621946766041219,0.9235666394233704,0.0027520782314240932,0.13877761363983154,0.014916512183845043,0.09485673904418945,0.13296717405319214,3.6460411934058357e-07,1.300759322475642e-07,7.886660750955343e-05,0.002135562477633357,0.000494771171361208,0.0002393441100139171,4.113473914912902e-05,2.9529801395256072e-06,2.0,1365.0
4.695730240200646e-06,0.010479643009603024,0.007373370695859194,0.026918359100818634,0.2629900574684143,0.1087857112288475,0.0014065800933167338,3.96852237827261e-06,2.1026810372859472e-06,0.2179039716720581,0.17178544402122498,0.00933949463069439,0.021328918635845184,0.03828117996454239,0.030735014006495476,0.10574594140052795,0.15665479004383087,0.5198299884796143,0.4475701153278351,0.8225263357162476,0.5932583212852478,0.004090833477675915,0.0021121595054864883,0.008543575182557106,0.006715675350278616,0.06168621405959129,0.00024906243197619915,0.0004818919987883419,0.012699213810265064,0.018392005935311317,0.19438496232032776,0.20896776020526886,0.0009822690626606345,1.3811992175760679e-05,0.6667216420173645,0.8106354475021362,0.01892537996172905,0.017160993069410324,0.001356098335236311,0.0027517001144587994,0.014819676987826824,0.014207938686013222,0.0038397579919546843,0.01280665211379528,0.014526273123919964,0.017319820821285248,0.05848283693194389,0.5962511301040649,0.05031720548868179,0.09658557921648026,1.3171851605875418e-05,1.779739795892965e-05,1.0,1366.0
2.905979272327386e-06,0.1682819426059723,0.11319810897111893,0.0015934850089251995,0.03929789364337921,0.05349855124950409,9.757684892974794e-05,8.260135473392438e-07,1.5621159263901063e-06,0.02450605109333992,0.02666357532143593,0.03361934423446655,0.03512375056743622,0.01793096587061882,0.16186058521270752,0.15388581156730652,0.023842651396989822,0.19953761994838715,0.22297295928001404,0.22197115421295166,0.2776201069355011,0.019713204354047775,0.02817572094500065,0.00019238538516219705,0.0009029653738252819,0.32068488001823425,0.0050132498145103455,0.002635299926623702,0.004640358500182629,7.574908522656187e-05,0.12927038967609406,0.20182494819164276,0.0022769197821617126,0.0321352519094944,0.02294020727276802,0.05476928502321243,0.003413523081690073,0.0006930744857527316,0.02488802932202816,1.05135916328436e-06,0.023913314566016197,0.035358626395463943,0.0027110017836093903,0.011968866921961308,2.6126404918613844e-05,1.0098594430019148e-05,0.006765647325664759,0.014609113335609436,0.0025951408315449953,0.001283794641494751,3.000000788233592e-06,3.757139211302274e-06,1.0,1367.0
5.296528797771316e-06,0.002310134470462799,0.015102026052772999,0.24875430762767792,0.40757206082344055,0.07990656048059464,3.213126910850406e-05,5.274287104839459e-07,1.1174083738296758e-06,0.029246803373098373,0.015481196343898773,0.04374878108501434,0.05016830563545227,0.02066681906580925,0.024472534656524658,0.2309836894273758,0.22073855996131897,0.1377919763326645,0.1282893568277359,0.20157095789909363,0.13142740726470947,0.01936613954603672,0.02637101151049137,3.0201035770005547e-05,0.0022569771390408278,0.003993507474660873,4.719938715425087e-06,0.001848593121394515,0.023884395137429237,0.007911089807748795,0.0007749625365249813,0.0009219772182404995,0.00014101318083703518,0.006375551223754883,3.153692887281068e-05,3.0386387152248062e-05,0.29105377197265625,0.14373476803302765,0.0012524346821010113,0.00027308694552630186,0.03135906532406807,0.005543972365558147,0.19900469481945038,0.024425791576504707,0.2702294886112213,0.17771562933921814,0.01976633071899414,0.015868423506617546,0.0002909092581830919,0.00047891386202536523,6.026826326888113e-07,2.2719273147231434e-06,2.0,1368.0
7.359038818322006e-07,0.6410868167877197,0.6202970743179321,0.0005336625617928803,0.0005228391382843256,0.0005883908015675843,5.9436783885757904e-06,7.545561686583824e-08,1.9591955435771524e-07,0.4664222002029419,0.30421125888824463,0.5489549040794373,0.5574544668197632,0.046189069747924805,0.10782933980226517,0.09972740709781647,0.03576624393463135,0.008478722535073757,0.012160765938460827,0.5267621874809265,0.45653754472732544,0.0009482055902481079,0.0009544748463667929,4.013267971458845e-05,0.0016752801602706313,0.0024430241901427507,4.609107782016508e-05,0.00013942412624601275,0.014321769587695599,0.006819399073719978,0.00023770914413034916,0.0003855929826386273,0.00037720747059211135,0.0007701126160100102,0.00033592290128581226,0.0004636743979062885,0.05076083168387413,0.03965263068675995,0.014605456031858921,0.001954509411007166,0.02017204277217388,0.01283889077603817,0.051510535180568695,0.01804875209927559,0.0001919630158226937,0.00014232404646463692,0.00016656082880217582,0.001349897705949843,8.019989763852209e-05,9.193102596327662e-05,1.202308794745477e-06,3.586428363178129e-07,1.0,1369.0
3.4058336950693047e-06,0.09317882359027863,0.09355209022760391,0.0028761771973222494,0.0564117431640625,0.036915168166160583,1.4592535990232136e-05,4.09290066727408e-07,6.843617939011892e-07,0.13531339168548584,0.08151673525571823,0.25518274307250977,0.23840615153312683,0.00915676448494196,0.2604990303516388,0.2305568903684616,0.016016915440559387,0.02522076852619648,0.03025241754949093,0.24222736060619354,0.3731624186038971,0.004612298682332039,0.00636034831404686,1.7271682736463845e-05,0.0015104071935638785,0.009275652468204498,2.8326390747679397e-05,0.0005352090811356902,0.0020160942804068327,0.0007100043585523963,0.02817748673260212,0.046063605695962906,0.000181896350113675,0.00939854048192501,0.000272454199148342,0.00022711351630277932,0.021461280062794685,0.02748759277164936,0.004295154009014368,3.2286872738040984e-05,0.08563163131475449,0.00933433324098587,0.3173450231552124,0.14926613867282867,0.00019841808534692973,0.000145893165608868,0.0032232331577688456,0.01384006254374981,0.0015169885009527206,0.001894954009912908,9.287455782214238e-07,1.5473290204681689e-06,1.0,1370.0
7.66013272368582e-07,0.004755556117743254,0.005062020383775234,0.5156577825546265,0.1627889722585678,0.07034119963645935,1.2017095286864787e-05,4.0745962337496167e-07,2.0795264390471857e-06,0.002691997215151787,0.001970117213204503,0.043541308492422104,0.04363709315657616,0.488628625869751,0.10527485609054565,0.002441815799102187,0.06876932829618454,0.20562510192394257,0.18324734270572662,0.03390197455883026,0.01653137058019638,0.19756963849067688,0.3638405501842499,6.496327114291489e-05,0.005507680121809244,0.03383747860789299,0.0006540222093462944,0.0010063363006338477,0.0028759846463799477,0.0007832398405298591,5.8407895267009735e-05,6.651387957390398e-05,0.03810511529445648,0.0006733217742294073,0.006289433687925339,0.014703398570418358,0.0021289607975631952,0.0009253826574422419,0.9754794836044312,0.024965357035398483,0.07850398868322372,0.1774781495332718,0.004714385140687227,0.009988294914364815,1.7204529001446645e-07,6.709753108680161e-08,1.946182419487741e-05,4.619444007403217e-05,2.183678952860646e-05,2.196790046582464e-05,7.71669510868378e-06,2.4507377816007647e-07,1.0,1371.0
3.879483756463742e-06,0.03352174907922745,0.06851224601268768,0.0062237451784312725,0.049141667783260345,0.11024468392133713,2.180667706852546e-06,1.7310247812929447e-06,2.2281394649326103e-06,0.5238666534423828,0.04392813518643379,0.3353066146373749,0.23687636852264404,0.10144978761672974,0.39333605766296387,0.30192211270332336,0.0505460724234581,0.02033909596502781,0.04939339682459831,0.407637357711792,0.7147966623306274,0.0021302688401192427,0.02471999265253544,9.324956772616133e-05,9.279060577682685e-06,8.91025920282118e-05,0.010034354403614998,1.2896000498585636e-06,0.03357993811368942,0.016101406887173653,0.0006922684260644019,0.002098444616422057,0.0886508971452713,0.003723116358742118,0.0004516080080065876,0.0006577663007192314,0.09141530096530914,0.12685829401016235,0.2805542051792145,0.0010035951854661107,0.012713612988591194,0.007195293437689543,0.10642658919095993,0.027357736602425575,0.0018475790275260806,0.003594647627323866,0.0002553059021010995,0.05226839706301689,0.0004513700259849429,0.0010461164638400078,1.806654290703591e-05,8.287491937153391e-07,2.0,1372.0
2.8226165795786073e-06,0.26016560196876526,0.22777776420116425,0.0002280878834426403,0.016417771577835083,0.015931488946080208,3.342849595355801e-05,5.309963739819068e-07,6.758708650522749e-07,0.12720081210136414,0.05569665506482124,0.05167698860168457,0.04448982700705528,0.07195470482110977,0.03367633745074272,0.058775894343853,0.10099508613348007,0.17930923402309418,0.1780392974615097,0.5288795232772827,0.4046335220336914,0.004644536413252354,0.006481845397502184,0.00022923642245586962,0.0006492340471595526,0.004985244944691658,8.474919741274789e-05,0.00046876579290255904,0.012180865742266178,0.00046178718912415206,0.006329365540295839,0.013921734876930714,0.0014362460933625698,0.00016271175991278142,0.0019406084902584553,0.005525993183255196,0.07590527832508087,0.011152420192956924,0.011758667416870594,0.0013649857137352228,0.010281195864081383,0.0026341998018324375,0.00774499773979187,0.019117558375000954,0.0021080290898680687,0.0010030335979536176,0.0027720541693270206,0.021512094885110855,0.00027180270990356803,0.0001578671217430383,2.584385811132961e-06,2.4006246803764952e-06,1.0,1373.0
3.0109302429082163e-07,0.0011482215486466885,0.5634293556213379,0.0012658307095989585,0.781015157699585,0.001649675308726728,5.596017217612825e-05,2.2224129736514442e-07,1.64498686672232e-07,0.10867748409509659,0.5413839221000671,0.003845806699246168,0.20535697042942047,0.21931348741054535,0.004833600949496031,0.040989067405462265,0.4738006293773651,0.740078330039978,0.14448702335357666,0.6743834614753723,0.26878559589385986,0.016098521649837494,0.00024735761689953506,0.00035343473427928984,0.002772812033072114,0.01223639864474535,7.881510828156024e-05,0.0023580032866448164,0.00014279194874688983,0.007865490391850471,0.13119062781333923,0.10337632149457932,0.0027627949602901936,1.2572108971653506e-06,0.004520444665104151,0.0031783292070031166,0.005345884710550308,0.060045838356018066,0.022348858416080475,0.15327654778957367,0.006436116527765989,0.0070770513266325,0.0029924847185611725,0.0030008458998054266,0.0007544326945208013,0.002333984011784196,0.030408885329961777,0.1343623250722885,2.708639658521861e-05,9.064400364877656e-05,3.6775018088519573e-06,1.1703183417921537e-06,1.0,1374.0
3.565345352285476e-08,0.004312305711209774,0.04371130093932152,0.011769355274736881,0.704248309135437,0.10810509324073792,4.2908959585474804e-05,1.0983607268144624e-07,5.606165700555721e-07,0.012883560732007027,0.02087264694273472,0.002663601888343692,0.4467277526855469,0.7223678231239319,7.477546023437753e-05,0.0091669587418437,0.974886953830719,0.6923996210098267,0.030348747968673706,0.4794015884399414,0.007731052581220865,0.0724562555551529,0.02936064638197422,0.00047729164361953735,0.005118020344525576,0.0005438118823803961,1.225318465003511e-05,1.0144068255613092e-05,0.003627578727900982,0.0011118539841845632,0.024628575891256332,0.01990005187690258,0.0007396709988825023,0.0005999834393151104,0.017390355467796326,0.029363755136728287,0.022686725482344627,0.017049822956323624,0.010056478902697563,0.0002510625054128468,0.005990304984152317,0.002917580772191286,0.0028357463888823986,0.0047852396965026855,0.000660921330563724,0.0003608438710216433,0.011799969710409641,0.0053883944638073444,0.00018961109162773937,0.00013737544941250235,1.0438958270242438e-05,1.7113637795773684e-06,1.0,1375.0
5.828607299918076e-06,0.07845798134803772,0.3031686246395111,0.040048204362392426,0.009150221012532711,0.0010195221984758973,4.983638064004481e-05,2.3385641725326423e-06,4.546238301372796e-07,0.4581933617591858,0.2811660170555115,0.21515817940235138,0.14786487817764282,0.00997802522033453,0.4670705497264862,0.46492820978164673,0.0034525322262197733,0.06133968383073807,0.0947650894522667,0.20078815519809723,0.5365060567855835,0.0009596481686457992,0.0014305791119113564,0.0003240711521357298,0.00014378715422935784,0.0034054722636938095,0.00013328241766430438,0.0008345735259354115,0.00382057623937726,0.044160593301057816,0.02468005381524563,0.027447042986750603,0.0009680879884399474,2.7658621547743678e-05,0.0030910728964954615,0.0016453012358397245,0.006464358884841204,0.04291035979986191,0.0042240554466843605,0.04297509416937828,0.012125464156270027,0.001246781088411808,0.07408537715673447,0.36827147006988525,0.08576062321662903,0.2812363803386688,0.009116655215620995,0.09790629893541336,0.1304398477077484,0.29969629645347595,3.057653202631627e-06,1.896231651699054e-06,2.0,1376.0
2.94236269837711e-06,0.23104028403759003,0.21073515713214874,9.214710735250264e-05,0.02238360047340393,0.03229236602783203,0.0008235613931901753,1.0824728633451741e-06,4.01274547812136e-07,0.3991925120353699,0.41580983996391296,0.05952068045735359,0.07878541201353073,0.039833955466747284,0.06364127993583679,0.11291929334402084,0.08356140553951263,0.20593760907649994,0.183868408203125,0.7367624640464783,0.584170937538147,0.0021203511860221624,0.00048467604210600257,0.0016597495414316654,0.006806983146816492,0.3618307113647461,0.0019372525857761502,0.005071681458503008,0.0021649058908224106,0.02990119159221649,0.19996601343154907,0.23996737599372864,0.0031952261924743652,1.751688432705123e-05,0.4159512221813202,0.4096304178237915,0.0034301464911550283,0.01619032770395279,0.006728680804371834,0.0022632386535406113,0.0077221691608428955,0.0053902859799563885,0.0014160615392029285,0.006042797584086657,0.0019154933979734778,0.003972033970057964,0.00617010286077857,0.08459459990262985,0.0009730819729156792,0.0015747284051030874,3.0522778615704738e-06,7.156224910431774e-06,1.0,1377.0
1.2436274801075342e-06,0.0003238361096009612,0.001944159041158855,0.3396916091442108,0.6920069456100464,0.44424474239349365,1.2680281542998273e-05,2.422995066808653e-06,1.125950007008214e-06,0.15739969909191132,0.29104846715927124,0.32968851923942566,0.3304288685321808,0.1035841777920723,0.06793162971735,0.04273867607116699,0.06066008284687996,0.032601673156023026,0.027828969061374664,0.34940314292907715,0.45112019777297974,0.0038341826293617487,0.0030129479710012674,6.56082556815818e-05,0.00068436044966802,0.010053726844489574,0.0012123112101107836,0.0017762790666893125,0.00397514458745718,0.000598468235693872,0.0019735395908355713,0.002410723129287362,0.012959901243448257,0.010041897185146809,0.0009458375861868262,0.00468030059710145,0.004869930911809206,0.0019966852851212025,0.9566857218742371,0.0003268300206400454,0.15395373106002808,0.009249292314052582,0.04355030134320259,0.017853938043117523,2.5435983843635768e-06,9.36470030410419e-07,0.0001315744302701205,0.0011231438256800175,2.1829211618751287e-05,9.717212378745899e-06,6.285890322033083e-06,6.408448030015279e-07,2.0,1378.0
9.860917771220556e-07,0.008457526564598083,0.009202859364449978,0.034805018454790115,0.2224276065826416,0.2905905246734619,0.0010568377329036593,6.1066307353030425e-06,1.3683371662409627e-06,0.34516748785972595,0.23858435451984406,0.2404673993587494,0.18777871131896973,0.05127638950943947,0.2324720174074173,0.15651150047779083,0.016116062179207802,0.05542793497443199,0.08088642358779907,0.42131307721138,0.5567553043365479,0.0020054534543305635,0.004386324435472488,0.0012317278888076544,0.018016649410128593,0.389932245016098,0.0009199883206747472,0.0003449342038948089,0.01467601303011179,0.019600918516516685,0.009131074883043766,0.008110522292554379,0.1408487856388092,0.0013695582747459412,0.5929465293884277,0.628472089767456,0.004454391077160835,0.007017073221504688,0.06174198538064957,0.0001019876726786606,0.0002907041343860328,0.0004002036002930254,0.001281467848457396,0.06579554826021194,0.8890140652656555,0.8758617043495178,0.11274919658899307,0.023990163579583168,0.3888498842716217,0.4864673912525177,9.292840331909247e-06,6.229614427866181e-06,1.0,1379.0
4.6308321088872617e-07,0.0016120761865749955,0.0013010225957259536,0.2387637495994568,0.42085719108581543,0.46752938628196716,0.000681710138451308,1.9219589830754558e-06,1.0893887747442932e-06,0.10947810113430023,0.051496464759111404,0.09743066877126694,0.11279960721731186,0.056573111563920975,0.1327507048845291,0.11131048202514648,0.03693031147122383,0.11659310758113861,0.11076989024877548,0.5529776215553284,0.21065878868103027,0.008979554288089275,0.021085305139422417,0.002564200898632407,0.0014848456485196948,0.1289473921060562,0.0012311144964769483,0.0009280770318582654,0.0024882524739950895,0.003003844525665045,6.923298496985808e-05,4.765896301250905e-05,0.02421560324728489,0.024115948006510735,0.5487277507781982,0.5669465661048889,0.013181273825466633,0.03366262838244438,0.006692707538604736,1.3545234651246574e-05,0.0009694670443423092,0.009950196370482445,0.0001718193816486746,0.005943334195762873,0.82639080286026,0.8114029765129089,0.03169681131839752,0.012818503193557262,0.05576660484075546,0.04221965745091438,3.909403858415317e-06,2.898666707551456e-06,1.0,1380.0
1.075154727914196e-06,0.3544147312641144,0.3092658519744873,0.006726371124386787,0.0026459305081516504,0.002395541872829199,2.9478333090082742e-05,6.311567091188408e-08,2.236705824998353e-07,0.43125200271606445,0.38222071528434753,0.225553497672081,0.24796773493289948,0.024951348081231117,0.18910391628742218,0.20177938044071198,0.01604236662387848,0.04640200361609459,0.05667846277356148,0.5075300931930542,0.5263426899909973,0.001801203703507781,0.0005202444735914469,5.55944352527149e-05,0.004527378361672163,0.12873363494873047,0.00026442535454407334,0.015338930301368237,0.006421944592148066,0.0008146149339154363,0.0002429728046990931,0.0004459070914890617,0.0009485711343586445,0.005401636008173227,0.0021494992543011904,0.003396269865334034,0.016373660415410995,0.008313901722431183,0.04030251130461693,6.428820779547095e-05,0.10657466948032379,0.2035762369632721,0.004098083823919296,0.0011159732239320874,1.2036685802740976e-05,5.819620128022507e-06,0.0001350188977085054,0.00060094433138147,3.529611785779707e-05,2.1354540876927786e-05,3.665331007596251e-07,3.584421222058154e-07,1.0,1381.0
3.6385245039127767e-07,0.07086750864982605,0.07699462026357651,0.04256407544016838,0.02047082968056202,0.02748260833323002,8.669808448757976e-05,2.8406125807123317e-07,2.864593113827141e-07,0.1048770397901535,0.08580181747674942,0.10275796055793762,0.11262109875679016,0.16886486113071442,0.05924082547426224,0.026217058300971985,0.09437981247901917,0.09720173478126526,0.10098681598901749,0.5450764298439026,0.5070674419403076,0.006268523633480072,0.006644365377724171,0.00020220555597916245,0.016268108040094376,0.8558452725410461,0.0023756700102239847,0.00451843673363328,0.03501145541667938,0.7732853889465332,2.1234147880022647e-06,1.9937122033297783e-06,0.0388205349445343,0.00023392807634081692,0.036081187427043915,0.022374728694558144,0.0024060900323092937,0.03924793750047684,0.1641821414232254,0.01996791549026966,0.0013010617112740874,0.007557219825685024,0.0005199417937546968,0.003661432536318898,0.00024829473113641143,0.0011402723612263799,2.2359230570145883e-05,0.0002336254110559821,0.0001551478198962286,0.0005836398922838271,1.2783311831299216e-06,7.019654049145174e-07,1.0,1382.0
5.381272103477386e-07,0.015638913959264755,0.020216384902596474,0.011049184948205948,0.27163320779800415,0.1706269234418869,2.9539171009673737e-05,2.1089536517138185e-07,8.792357562015241e-07,0.015898527577519417,0.011508975178003311,0.0363888256251812,0.025056054815649986,0.0702412873506546,0.10769806802272797,0.06924879550933838,0.03732362389564514,0.32369840145111084,0.32827773690223694,0.08700008690357208,0.1025519073009491,0.03919398412108421,0.11922537535429001,0.000174794316990301,0.1530768871307373,0.10406654328107834,0.00014505325816571712,0.004276926629245281,0.004907484631985426,0.005338904447853565,4.112516762688756e-05,3.470921001280658e-05,0.05232325196266174,0.3504587709903717,0.026177596300840378,0.0190941970795393,0.002346724271774292,0.002418534830212593,0.8277491927146912,5.484387202159269e-06,0.041495613753795624,0.047449324280023575,0.001282155397348106,0.003963800612837076,2.7472046895127278e-06,1.071496399163152e-06,6.130681867944077e-05,4.9254438636126e-05,2.2304773665382527e-05,8.234101187554188e-06,1.6492607528562075e-06,2.7380684741729056e-07,1.0,1383.0
4.1264888750447426e-07,0.06700752675533295,0.3834637999534607,0.0037321867421269417,0.07939568907022476,0.01735113374888897,2.3588674594066106e-05,1.033857230936519e-07,7.821996916845819e-08,0.43587425351142883,0.6293920278549194,0.4102402329444885,0.4366859197616577,0.058534663170576096,0.05279654636979103,0.0986088439822197,0.11793743818998337,0.03884318470954895,0.011014936491847038,0.6386634707450867,0.3992423117160797,0.002913231262937188,0.00016285222955048084,2.576668339315802e-05,0.03898143395781517,0.06590805947780609,7.473396544810385e-05,0.025233549997210503,0.0010196008952334523,0.01011004950851202,2.867206603696104e-05,1.9929193513235077e-05,0.0069840350188314915,0.0008395122713409364,0.0025104377418756485,0.0017663167091086507,0.001707003335468471,0.014316169545054436,0.9616350531578064,0.010244342498481274,0.36649537086486816,0.15745006501674652,0.023735063150525093,0.001750623225234449,1.840595871271944e-07,1.8121535561022029e-07,2.4594510250608437e-05,1.9012197299161926e-05,2.541018602641998e-06,4.025001089758007e-06,2.7832481919176644e-07,7.160937798289524e-08,2.0,1384.0
3.122713678749278e-07,0.007952953688800335,0.0037952957209199667,0.1915326714515686,0.29240530729293823,0.3607175946235657,3.114210267085582e-05,8.08796528417588e-07,3.552849250354484e-07,0.6075833439826965,0.49203744530677795,0.5072453022003174,0.5463874340057373,0.016728544607758522,0.12380698323249817,0.1688271462917328,0.03987079858779907,0.00987753365188837,0.020144186913967133,0.32985514402389526,0.5000312328338623,0.0006677436758764088,0.001293040462769568,0.00010995967022608966,0.18134479224681854,0.02492319419980049,1.0613846825435758e-05,0.0004855046281591058,0.0010739827994257212,0.006345340516418219,0.0011225615162402391,0.0005143735324963927,0.004263709299266338,0.017415788024663925,0.009449414908885956,0.015077938325703144,0.0031944408547133207,0.003388179000467062,0.5079036951065063,0.00012509619409684092,0.023367900401353836,0.006569661200046539,0.007679536938667297,0.04140152037143707,2.136189505108632e-05,5.618189334199997e-06,0.0012238112976774573,0.00011951410124311224,0.0001791880204109475,0.00013746798504143953,5.692562353942776e-06,9.47862247357989e-07,1.0,1385.0
9.748984666657634e-06,0.7537500858306885,0.8316599726676941,6.191371539898682e-06,0.00234097964130342,0.001002031727693975,0.0008839613292366266,1.6944820799835725e-06,9.827356279856758e-07,0.2681269347667694,0.46427977085113525,0.2574107050895691,0.3200269341468811,0.023497063666582108,0.2183801382780075,0.19806306064128876,0.027374112978577614,0.09511521458625793,0.04933955892920494,0.7300992012023926,0.4808904230594635,0.005077892914414406,0.0012267413549125195,0.0015972673427313566,0.0010441625490784645,0.15220148861408234,0.0009412254439666867,0.010127902962267399,0.002963431878015399,0.0024515476543456316,0.0013070923741906881,0.001157531514763832,0.03611905872821808,0.0016154581680893898,0.03552135452628136,0.06671815365552902,0.03198299929499626,0.03156575560569763,0.008181530050933361,0.000278723135124892,0.0016198462108150125,0.012283256277441978,0.002710253931581974,0.024337852373719215,0.905433177947998,0.9093258380889893,0.08716153353452682,0.14123813807964325,0.2101016789674759,0.28669846057891846,9.624244512451696e-07,4.7603430175513495e-06,1.0,1386.0
1.4591217905035592e-06,0.009171999990940094,0.001942858682014048,0.0035170656628906727,0.4970458149909973,0.5002895593643188,5.4284378165903036e-06,1.4202001352714433e-07,7.110552360245492e-07,0.03614703193306923,0.002180651528760791,0.06737551093101501,0.0501423142850399,0.011741247959434986,0.5864837169647217,0.5108096599578857,0.0007807847578078508,0.09529867768287659,0.13474638760089874,0.07510032504796982,0.009136966429650784,0.02302561327815056,0.11649782955646515,7.602879577461863e-06,0.0018877641996368766,0.0024126432836055756,2.9115049983374774e-05,0.0002443120174575597,0.003268817439675331,0.0009579001925885677,0.006837671156972647,0.013268953189253807,0.00021290397853590548,0.013233620673418045,0.0001384313654853031,8.789028652245179e-05,0.017667220905423164,0.029235677793622017,0.02638840861618519,0.00010057061444967985,0.02503390796482563,0.00631032045930624,0.6057857275009155,0.11439298838376999,6.751764885848388e-05,4.5566423068521544e-05,0.0008661571191623807,0.004566592629998922,0.0006941721658222377,0.0005379481590352952,5.761653483205009e-06,2.8210641289661e-07,1.0,1387.0
2.1448643110488774e-06,0.4946047067642212,0.03544650226831436,8.519476978108287e-05,0.0007578268414363265,0.08816568553447723,0.0010788918007165194,2.9438192541419994e-06,3.435627832004684e-06,0.42264750599861145,0.2845117747783661,0.15629197657108307,0.1372321993112564,0.04264634847640991,0.25877922773361206,0.20193859934806824,0.011229858733713627,0.1322907954454422,0.15215295553207397,0.8807708621025085,0.5587441921234131,0.0019236068474128842,0.0036295766476541758,0.012612544000148773,0.03218613192439079,0.030485564842820168,7.286073378054425e-05,0.00027986359782516956,0.02796017751097679,0.0008918321109376848,0.01899022050201893,0.03376295417547226,0.015754269436001778,0.22926115989685059,0.5596804618835449,0.7614781260490417,0.010619213804602623,0.007357936818152666,0.005828262306749821,5.368852384890488e-08,0.002420654986053705,0.010679017752408981,0.0007010899134911597,0.007223542779684067,0.7336730360984802,0.38904422521591187,0.11937621980905533,0.5084784030914307,0.297605037689209,0.05984508618712425,5.0071707846655045e-06,9.82780875347089e-06,1.0,1388.0
3.504184462599369e-07,0.012178892269730568,0.00337232556194067,0.04103191941976547,0.4561449885368347,0.1440962255001068,2.0191662770230323e-05,6.573652200358993e-08,1.3529678710710868e-07,0.1253039687871933,0.19093440473079681,0.10202940553426743,0.2170986831188202,0.1757267266511917,0.2477714568376541,0.15860286355018616,0.09252242743968964,0.1247931718826294,0.050893381237983704,0.5853464603424072,0.154510036110878,0.03047565370798111,0.0025855777785182,0.00010816151188919321,0.03250156715512276,0.0007924002129584551,4.212893691146746e-05,2.0371830032672733e-05,0.006143889389932156,0.0030227440875023603,0.028083601966500282,0.009417245164513588,0.008370175957679749,0.2531835436820984,0.00274088722653687,0.0011578253470361233,0.04584408178925514,0.021678509190678596,0.28184235095977783,4.148160769545939e-06,0.030531395226716995,0.02462632581591606,0.20416973531246185,0.017220189794898033,1.8384169379714876e-05,3.7365789467003196e-06,0.0286919716745615,4.5862248953199014e-05,5.9623922425089404e-05,0.00010689377086237073,8.372658157895785e-06,7.529603607281388e-08,2.0,1389.0
1.982143658096902e-06,0.03151027858257294,0.03124411031603813,0.0007775734411552548,0.15106438100337982,0.11133642494678497,0.00039568773354403675,3.2309571906807832e-06,1.7636215261518373e-06,0.026836924254894257,0.08724343776702881,0.01028694212436676,0.013830295763909817,0.041482556611299515,0.10363468527793884,0.08736652135848999,0.04371858760714531,0.5960993766784668,0.5614906549453735,0.5455918908119202,0.33050575852394104,0.035178281366825104,0.011112787760794163,0.003531669732183218,0.0023906503338366747,0.006326085422188044,6.446852057706565e-05,0.0001098027205443941,0.0003489817027002573,0.0026368885301053524,0.02399890311062336,0.013938253745436668,0.015828542411327362,0.000257163803325966,0.23479819297790527,0.28762298822402954,0.010708240792155266,0.02539300173521042,0.00940563902258873,0.00045307903201319277,0.001298935734666884,0.005199819337576628,0.0034300924744457006,0.0421651229262352,0.6659506559371948,0.7047061920166016,0.28739506006240845,0.248125359416008,0.098259337246418,0.15390487015247345,7.972519597387873e-06,5.283563041302841e-06,1.0,1390.0
1.7135718053395976e-06,0.0008256223518401384,0.006224772427231073,0.3661452531814575,0.3757203221321106,0.07689417153596878,0.0018954778788611293,3.958864454034483e-06,1.0535763976804446e-06,0.38593971729278564,0.38560372591018677,0.3705216348171234,0.3485358953475952,0.047771938145160675,0.14449453353881836,0.12176670879125595,0.03427494317293167,0.03505205363035202,0.02933243289589882,0.26318442821502686,0.22970394790172577,0.002937629586085677,0.0017657569842413068,0.0024669759441167116,0.010524041019380093,0.2804454565048218,0.002019602805376053,0.001195042277686298,0.007837058044970036,0.015090498141944408,0.00268986145965755,0.002524714916944504,0.04424259439110756,0.00043201574590057135,0.5360513925552368,0.6148653030395508,0.0056516327895224094,0.015267041511833668,0.02422800287604332,0.00043664645636454225,0.003267486346885562,0.006412051618099213,0.0021931910887360573,0.06645157188177109,0.6142094731330872,0.7528079748153687,0.004776226356625557,0.014688346534967422,0.18793804943561554,0.28756284713745117,7.6554033512366e-06,8.429646186414175e-06,1.0,1391.0
4.858502506976947e-07,0.032155632972717285,0.46996167302131653,0.004818422254174948,0.03253987804055214,0.0014396571787074208,1.6791045709396712e-05,1.1355069062801704e-07,3.9635569493157163e-08,0.3001282513141632,0.6519291400909424,0.29551541805267334,0.35102394223213196,0.2493039071559906,0.01636219397187233,0.022114207968115807,0.27469152212142944,0.07033766806125641,0.022585945203900337,0.5831260681152344,0.4978686273097992,0.005685104057192802,0.00013224360009189695,0.00016978658095467836,0.012818087823688984,0.003294874681159854,7.07140998201794e-06,0.0003813142830040306,9.435530955670401e-05,0.003572890069335699,0.35869571566581726,0.3283851146697998,0.000877550570294261,0.0005018358351662755,0.006789136677980423,0.0031540992204099894,0.0033307892736047506,0.06532929092645645,0.08579020202159882,0.00022244648425839841,0.029507089406251907,0.007094667758792639,0.02149249240756035,0.0038392215501517057,1.1908078704436775e-05,2.258263157273177e-05,0.0026887182611972094,0.016313089057803154,1.2148153473390266e-05,5.6405555369565263e-05,1.8165879964726628e-06,6.173109454721271e-07,1.0,1392.0
3.1815233114684816e-07,0.003373433370143175,0.002786383731290698,0.05177590250968933,0.5145836472511292,0.20258814096450806,4.87741272081621e-05,2.6236094186060654e-07,6.520008355437312e-08,0.011503377929329872,0.0038864717353135347,0.07341364026069641,0.04882532358169556,0.3069124221801758,0.0084758922457695,0.014528566040098667,0.31991612911224365,0.13207325339317322,0.17130468785762787,0.12489452213048935,0.06994210183620453,0.08788372576236725,0.06909149140119553,0.0010266457684338093,0.013757845386862755,0.00038430382846854627,1.653449771765736e-06,1.1572659786907025e-05,0.0003667933924589306,0.04596558213233948,0.03310062363743782,0.021569741889834404,0.00673121539875865,0.0029952600598335266,0.1826232373714447,0.047313690185546875,0.005454546306282282,0.30955061316490173,0.014766463078558445,3.162888242513873e-05,0.0008374492754228413,0.0002797443885356188,0.035895299166440964,0.17502959072589874,0.006339882500469685,0.02767973393201828,0.008271468803286552,0.015334170311689377,0.06982447952032089,0.3334029018878937,4.225939392199507e-06,1.0370423524364014e-06,1.0,1393.0
1.4707536593050463e-06,0.008542903698980808,0.012514300644397736,0.11664067953824997,0.20724588632583618,0.11391177028417587,5.425205017672852e-05,1.364873725151483e-07,3.179582108714385e-07,0.1933150440454483,0.3625141978263855,0.24342714250087738,0.26997342705726624,0.022425668314099312,0.1077163815498352,0.15874917805194855,0.057356253266334534,0.04052618518471718,0.03367675468325615,0.40917330980300903,0.3660801649093628,0.003585610305890441,0.0009062483441084623,4.4055559555999935e-05,0.0011944057187065482,0.011760701425373554,2.81166303466307e-05,0.0005765804089605808,0.010966097004711628,0.02699626423418522,0.0036414428614079952,0.0034434290137141943,1.2288291145523544e-05,0.0032782116904854774,0.0013890570262447,0.001134997932240367,0.19876958429813385,0.3220488429069519,0.00017289600509684533,8.704003994353116e-05,0.36440691351890564,0.12781155109405518,0.10395637899637222,0.0036040993873029947,0.0011687229853123426,0.0010352672543376684,0.0020429205615073442,0.004302268847823143,3.712392208399251e-05,7.82888091634959e-05,4.681492953295674e-07,8.993765163722856e-07,1.0,1394.0
2.1885482226480235e-07,0.06609857082366943,0.06557711958885193,0.012159603647887707,0.04918747395277023,0.021129636093974113,1.0292881597706582e-05,7.846337979344753e-08,5.0852023036895844e-08,0.0909903347492218,0.18398472666740417,0.03637891262769699,0.17577333748340607,0.13079874217510223,0.007806849200278521,0.06000922620296478,0.3721753656864166,0.2516043782234192,0.0664747804403305,0.5621779561042786,0.30864933133125305,0.013396762311458588,0.0018979280721396208,4.630598414223641e-05,0.0021902574226260185,0.0016890509286895394,1.4950040167605039e-05,0.00011632450332399458,0.0008168485364876688,0.022141581401228905,0.0014670465607196093,0.0010063669178634882,0.0004398053861223161,7.054898742353544e-05,0.001517806900665164,0.0005787248373962939,0.01379606407135725,0.14088483154773712,0.0054489001631736755,0.010628055781126022,0.00810660608112812,0.005049703177064657,0.04860914498567581,0.008145993575453758,0.00019277042883913964,0.0002974918170366436,0.0014100968837738037,0.0006220556679181755,0.00013447833771351725,0.0008059050305746496,9.46330374063109e-07,3.7040550182609877e-07,1.0,1395.0
1.1254691116846516e-06,0.022836802527308464,0.04414891079068184,0.2768903076648712,0.06843368709087372,0.03199249505996704,0.0001110495431930758,3.0409669307118747e-06,9.964498985937098e-07,0.003815561532974243,0.0009737701038829982,0.3757498860359192,0.34239304065704346,0.034504082053899765,0.09486021101474762,0.09154117107391357,0.046590615063905716,0.018282964825630188,0.018902169540524483,0.015574884600937366,0.007635653018951416,0.16430848836898804,0.26354169845581055,0.00046048275544308126,0.00032079123775474727,0.14471940696239471,0.0023698199074715376,0.0008571252110414207,0.0001661187707213685,0.003142737317830324,0.18189887702465057,0.16991102695465088,0.009501793421804905,4.146521314396523e-05,0.14277753233909607,0.08946575224399567,0.0017097617965191603,0.012890287674963474,0.01708141900599003,0.004921006504446268,0.007194234058260918,0.003381426213309169,0.002749132690951228,0.08461572229862213,0.00046712454059161246,0.0014446127461269498,0.016423270106315613,0.03538617864251137,0.061634454876184464,0.17280106246471405,4.804744094144553e-06,3.900815954693826e-06,1.0,1396.0
9.144487762569042e-07,0.0007720881258137524,0.000805626274086535,0.411568284034729,0.6114344596862793,0.4633854627609253,4.5087064791005105e-05,3.531189918248856e-07,7.781867452649749e-07,0.02612273395061493,0.007391005288809538,0.09461932629346848,0.10509252548217773,0.02799287438392639,0.14040477573871613,0.1347751021385193,0.02215520478785038,0.07342945039272308,0.07694344967603683,0.12218626588582993,0.04281661659479141,0.023312529549002647,0.05414168909192085,5.299298936733976e-05,0.014248856343328953,0.5426422357559204,0.0007016536546871066,0.010035481303930283,0.04840048775076866,0.000897126505151391,0.00025572002050466835,0.0005325243109837174,0.012874824926257133,0.02441640943288803,0.0019482827046886086,0.006610280368477106,0.00467207795009017,0.0008698342717252672,0.34033092856407166,4.606691072694957e-05,0.007191084325313568,0.005728041287511587,0.011788065545260906,0.014596639201045036,3.826150350505486e-05,1.4347680917126127e-05,0.00010697494872147217,0.0006639435305260122,0.0010764310136437416,0.00029878626810386777,2.653017190823448e-06,5.314284976520867e-07,1.0,1397.0
6.221144985829596e-07,0.8365468978881836,0.7657417058944702,3.13616001221817e-05,0.00030121623422019184,0.0009122495539486408,6.121966180216987e-06,3.967240402857897e-08,4.894693361734426e-08,0.2755568027496338,0.17820928990840912,0.4290855824947357,0.4163811206817627,0.019440049305558205,0.13410750031471252,0.16906164586544037,0.044797737151384354,0.017484046518802643,0.01618102379143238,0.47135481238365173,0.324695348739624,0.002736632013693452,0.0023781880736351013,2.9758806704194285e-05,0.00034336201497353613,0.00025080583873204887,3.7884878111071885e-05,1.718999737931881e-05,0.02523256465792656,0.03196077421307564,7.202546112239361e-05,8.229453669628128e-05,0.000764566648285836,0.004240147303789854,0.00011934863869100809,9.824657172430307e-05,0.014052133075892925,0.015092611312866211,0.044090718030929565,0.0008561979630030692,0.0012362737907096744,0.0006537663866765797,0.35864725708961487,0.20806831121444702,0.001572896377183497,0.001065547694452107,0.0002772889274638146,0.00021625250519718975,0.023333681747317314,0.02400873601436615,1.1345287020958494e-06,1.3335603910036298e-07,1.0,1398.0
2.924227374023758e-06,0.36017870903015137,0.451861709356308,0.0006968652596697211,0.007344912737607956,0.0030322803650051355,1.4847936654405203e-05,5.446314617074677e-07,6.73772944992379e-07,0.1297321617603302,0.26439642906188965,0.04835536703467369,0.05765677988529205,0.0794006735086441,0.044482968747615814,0.04471779987215996,0.08559805154800415,0.24018509685993195,0.2057773470878601,0.535991907119751,0.39750224351882935,0.005572764668613672,0.0021516471169888973,3.224567262805067e-05,0.009463592432439327,0.02203548699617386,6.147570820758119e-05,0.0037094110157340765,0.00413871556520462,0.0006143381469883025,0.001614278880879283,0.0027302969247102737,0.006711090449243784,0.008024023845791817,0.0013853986747562885,0.002076616045087576,0.0023106730077415705,0.0025713536888360977,0.9606709480285645,0.00027750260778702796,0.41958633065223694,0.05165361240506172,0.09289578348398209,0.02587065100669861,5.531142619474849e-07,2.922499504620646e-07,4.7524896217510104e-05,0.0005941290291957557,1.4194666619005147e-05,9.638485607865732e-06,1.308063247051905e-06,4.838319682676229e-07,2.0,1399.0
1.1162346709170379e-06,0.018850933760404587,0.0457143597304821,0.023396268486976624,0.3336437940597534,0.13363194465637207,9.921328455675393e-06,1.4489694422081811e-07,2.115646793754422e-06,0.002925839042291045,0.001085908617824316,0.15678857266902924,0.14299094676971436,0.21215270459651947,0.017160680145025253,0.013924523256719112,0.21748872101306915,0.05722339451313019,0.0588877834379673,0.014636727049946785,0.007393976207822561,0.24538327753543854,0.31159308552742004,5.040737960371189e-06,0.022294219583272934,0.019113488495349884,9.968372614821419e-05,0.0002963719016406685,0.03569020703434944,0.0027736215852200985,6.972334085730836e-05,0.0001494894822826609,0.0004779153678100556,0.01389339379966259,0.0006256412016227841,0.0006396009703166783,0.006258248817175627,0.007452954072505236,0.8130022883415222,0.0009747034637257457,0.6736947298049927,0.42215830087661743,0.3291502892971039,0.02675575390458107,1.3365065854031855e-07,4.7205325870436354e-08,5.997875177854439e-06,5.383942698244937e-05,1.6167292415047996e-05,1.2514780792116653e-05,3.091961389145581e-06,3.3871074833768944e-07,1.0,1400.0
2.0331879113655305e-06,0.5036658644676208,0.4330369532108307,0.00026532894116826355,0.0047216713428497314,0.006014780607074499,0.0021750880405306816,1.1528875347721623e-06,5.773559905719594e-07,0.15522071719169617,0.12966381013393402,0.036384835839271545,0.04270017519593239,0.04368041828274727,0.03631256893277168,0.10591006278991699,0.14463648200035095,0.2565580904483795,0.25910621881484985,0.6504031419754028,0.5376313924789429,0.005268579348921776,0.003914001863449812,0.001988637261092663,0.022808993235230446,0.6849517822265625,0.002567852381616831,0.0015937656862661242,0.023614848032593727,0.03428112715482712,0.003994764760136604,0.003737937193363905,0.028176233172416687,0.0013596720527857542,0.6319756507873535,0.6520727276802063,0.0039039873518049717,0.007835477590560913,0.025318697094917297,5.2059684094274417e-05,0.0008487573359161615,0.0028135906904935837,0.0005327106337063015,0.013777748681604862,0.5263866186141968,0.6244231462478638,0.005663237534463406,0.010562647134065628,0.01286078616976738,0.021990753710269928,1.9422438981564483e-06,1.1331761015753727e-05,1.0,1401.0
1.4192513617672375e-06,0.02513415366411209,0.007521607913076878,0.08253657072782516,0.1040249764919281,0.12217997759580612,2.4833705538185313e-05,3.2731253440942965e-07,4.6743505777158134e-07,0.024138500913977623,0.019512340426445007,0.20111596584320068,0.21931210160255432,0.007251773960888386,0.16770489513874054,0.27675625681877136,0.03657960519194603,0.03905658796429634,0.03666532039642334,0.04368041828274727,0.07093502581119537,0.03053286299109459,0.029596490785479546,0.0003157735918648541,0.0001822894555516541,0.0006611150456592441,6.017593841534108e-05,5.8779187384061515e-05,0.051976919174194336,0.024714721366763115,0.0001296696427743882,0.00028020216268487275,0.0028642185498028994,0.0004763004253618419,0.0023687267675995827,0.002545219147577882,0.05073275789618492,0.06040140986442566,0.01389562152326107,0.0059736245311796665,0.001634718501009047,0.0003166617825627327,0.015214775688946247,0.13184432685375214,0.014995916746556759,0.023904040455818176,0.0003344819706398994,0.008069667965173721,0.011297780089080334,0.012431545183062553,9.232579031959176e-06,1.450461695640115e-06,1.0,1402.0
2.576505721663125e-06,0.16460753977298737,0.05009248107671738,0.1121150404214859,0.0034815820399671793,0.02165396325290203,4.9863767344504595e-05,2.8256576456442417e-07,1.2532636617379467e-07,0.45043304562568665,0.24708007276058197,0.3520500659942627,0.2344750165939331,0.027242500334978104,0.1292804628610611,0.16502070426940918,0.04127455875277519,0.028948476538062096,0.06844314932823181,0.21569591760635376,0.5007210969924927,0.0017712992848828435,0.0019084503874182701,9.546460933052003e-05,0.0396181084215641,0.017988843843340874,2.014277924899943e-06,0.0021781257819384336,0.005334130488336086,0.1866295486688614,0.0007251636125147343,0.0006179025513119996,0.0009145644726231694,0.00023227078781928867,0.0017136704409494996,0.0005066407611593604,0.11026537418365479,0.6031720638275146,0.00023119653633330017,0.0027453796938061714,0.029519135132431984,0.07604119181632996,0.01630416139960289,0.019258897751569748,0.027289845049381256,0.05534693971276283,0.004320593550801277,0.0011526319431141019,0.0020115189254283905,0.010455836541950703,2.78470594139435e-07,1.2858237141699647e-06,2.0,1403.0
2.9179128091527673e-07,0.09764585644006729,0.2250782996416092,0.0010845838114619255,0.014674199745059013,0.07345497608184814,0.0007482978980988264,1.4890783859300427e-06,4.194310179173044e-07,0.3181505501270294,0.6175837516784668,0.2444625198841095,0.7961935997009277,0.008910221047699451,0.1574801355600357,0.38800281286239624,0.07468801736831665,0.10014834254980087,0.002712235553190112,0.947095513343811,0.1538071483373642,0.0020857430063188076,0.0008536236709915102,0.0005100363632664084,0.0027023600414395332,0.5693358182907104,0.03239685297012329,0.0031232372857630253,0.006411009468138218,0.0312002245336771,0.0006359066464938223,0.00034759091795422137,0.01306504663079977,3.9607457438251004e-05,0.04901536554098129,0.03600730374455452,0.014443384483456612,0.003323265817016363,0.032362811267375946,0.010389717295765877,0.0016632233746349812,0.0004972859751433134,0.00034461720497347414,0.010269736871123314,0.318611204624176,0.16405364871025085,0.05924385040998459,0.0021394852083176374,0.00016458815662190318,7.423251372529194e-05,2.9224318041087827e-06,2.584319190646056e-06,1.0,1404.0
2.119557507285208e-07,0.0008456823998130858,0.0011425859993323684,0.3475034534931183,0.49096593260765076,0.4199713170528412,5.929083272349089e-06,4.6513648044310685e-07,1.439029517769086e-07,0.23675374686717987,0.2060953676700592,0.45676878094673157,0.439903199672699,0.023036131635308266,0.13946036994457245,0.1498718112707138,0.03785828500986099,0.018179383128881454,0.014827796258032322,0.2587203085422516,0.2675636410713196,0.004182011354714632,0.004620101302862167,2.778968155325856e-05,0.0009672416490502656,0.004610670264810324,0.0007291238871403039,0.00013272161595523357,0.0009761983528733253,0.0022903394419699907,9.944427438313141e-05,7.059233030304313e-05,0.01197835523635149,0.0010943186935037374,0.0015364798018708825,0.0023272717371582985,0.0015853324439376593,0.0019518428016453981,0.9421689510345459,0.0110717061907053,0.018710648640990257,0.010372679680585861,0.03346998244524002,0.03736719489097595,7.322698252210103e-07,5.083185783405497e-07,5.980568676022813e-05,4.780097515322268e-05,0.00028788531199097633,0.0005335382302291691,8.535829692846164e-06,1.5646581630335277e-07,2.0,1405.0
2.6207536052424985e-07,0.09730692952871323,0.17731192708015442,0.025728775188326836,0.0625973790884018,0.03241448476910591,0.0005027757724747062,1.8719110528309102e-07,4.341341082181316e-07,0.02416558563709259,0.0032087350264191628,0.035864826291799545,0.035034533590078354,0.05828532576560974,0.02555593103170395,0.0805533304810524,0.1567118912935257,0.21826189756393433,0.2191760241985321,0.09020017087459564,0.010230529122054577,0.07024966180324554,0.08941121399402618,0.0014592210063710809,0.6389265060424805,0.31253087520599365,2.46328636421822e-05,0.00013756172847934067,0.0056864977814257145,0.01570909656584263,0.011846422217786312,0.019316282123327255,0.007189508061856031,0.003721971996128559,0.9253396391868591,0.8895539045333862,0.0006749112508259714,0.006599066779017448,0.045399658381938934,9.637070434109773e-06,0.00376280490309,0.0033819309901446104,0.0032372663263231516,0.03395717218518257,0.0001873917644843459,0.0003719623200595379,0.0002987982297781855,0.006608667783439159,0.029563214629888535,0.0347214974462986,9.34033960220404e-06,6.340050731523661e-06,1.0,1406.0
3.357029925155075e-07,9.87817402346991e-05,0.008668717928230762,0.2857210636138916,0.747875988483429,0.11341986060142517,8.150922803906724e-05,4.494275742672471e-07,2.5794781777221942e-06,0.0018633131403476,0.002574549987912178,0.21037118136882782,0.2519577145576477,0.036363620311021805,0.16253790259361267,0.11849233508110046,0.01394907757639885,0.04720655456185341,0.02246824838221073,0.04090481996536255,0.003115129889920354,0.3981100618839264,0.12710541486740112,0.0002194207045249641,0.0021038874983787537,0.16426625847816467,0.01334954984486103,0.00030311240698210895,0.0048363772220909595,0.0011849552392959595,0.00011477227235445753,0.00018067391647491604,0.022457949817180634,0.0006846138858236372,0.217556431889534,0.34863385558128357,0.0028967398684471846,0.001739714527502656,0.43088677525520325,0.004623862914741039,0.04067934677004814,0.056802898645401,0.003547108266502619,0.06542285531759262,3.109754970864742e-06,1.8998681525772554e-06,2.72274646704318e-05,0.0003223394160158932,0.003074830397963524,0.0023156614042818546,2.4873497750377283e-05,9.297265819441236e-07,1.0,1407.0
3.1084368856681976e-07,0.00090824905782938,0.004795365035533905,0.029330408200621605,0.7328324317932129,0.06310223042964935,5.956360837444663e-06,1.241427582954202e-07,3.928791159069078e-08,0.16311390697956085,0.3321015536785126,0.07557076960802078,0.17142397165298462,0.1070757657289505,0.1589086502790451,0.08880474418401718,0.03531721606850624,0.1679464876651764,0.059629376977682114,0.20396611094474792,0.21054653823375702,0.011924603022634983,0.0006265629199333489,5.1092793000862e-05,0.02425430901348591,0.00045750231947749853,3.3307728699583095e-06,2.5479885152890347e-05,0.0009651593863964081,0.002156065311282873,0.042575232684612274,0.04051523655653,0.0011720608454197645,0.05460573732852936,0.0009143357165157795,0.00033017416717484593,0.0019671707414090633,0.03910387307405472,0.15662896633148193,5.933852207817836e-06,0.007497742772102356,0.000166222860570997,0.5660898685455322,0.42943504452705383,0.00015684291429352015,0.00022135116159915924,0.0013247166061773896,0.0027779326774179935,0.004431709181517363,0.00737784244120121,7.789042683725711e-06,1.4778579782159795e-07,2.0,1408.0
4.0425779843644705e-06,0.8341943025588989,0.835263729095459,6.282516551436856e-06,0.0005410110461525619,0.0007972235325723886,3.685238698380999e-05,1.2683790373557713e-07,2.6929924956675677e-07,0.3997475504875183,0.5420060157775879,0.6497430205345154,0.6244906187057495,0.029968056827783585,0.14685095846652985,0.1470491737127304,0.020273281261324883,0.010214737616479397,0.0056250328198075294,0.7431706190109253,0.6651879549026489,0.0014317941386252642,0.00020573964866343886,6.225765537237749e-05,0.009738766588270664,0.03547832742333412,2.3858667191234417e-05,0.027346841990947723,0.04461047425866127,0.002754781860858202,0.0006665594410151243,0.0008506876183673739,0.0006617280887439847,0.024807818233966827,0.0003045650664716959,0.0004702312871813774,0.11300711333751678,0.03634887561202049,0.01935938000679016,3.347551682963967e-05,0.109215646982193,0.022428635507822037,0.08831963688135147,0.01080944575369358,0.0013950851280242205,0.0005313528818078339,0.0017495895735919476,0.000953083042986691,6.581385241588578e-05,3.9340451621683314e-05,1.5548036458312708e-07,3.5055916214332683e-07,1.0,1409.0
6.970594768063165e-07,0.0007402417832054198,0.0008648879593238235,0.21265988051891327,0.7332370281219482,0.5781453847885132,0.001005683559924364,6.152752575872e-06,2.359629434067756e-06,0.025415534153580666,0.017322011291980743,0.15527845919132233,0.15268807113170624,0.03215980529785156,0.3196564316749573,0.26252293586730957,0.007881160825490952,0.0755234807729721,0.08403801172971725,0.1686171144247055,0.12841178476810455,0.04947078973054886,0.06793241202831268,0.002696254523470998,0.003705809125676751,0.3420428931713104,0.0025291210040450096,0.00038904231041669846,0.0016786738997325301,0.009954444132745266,0.06573383510112762,0.04841962829232216,0.14339575171470642,0.0014283704804256558,0.6627686023712158,0.7050284147262573,0.0015146408695727587,0.005498394835740328,0.0782918632030487,5.6444670917699113e-05,0.0005535288364626467,0.0009352614870294929,0.0006009578355588019,0.022819433361291885,0.7153335213661194,0.8497553467750549,0.25177252292633057,0.23542997241020203,0.12207091599702835,0.30059319734573364,8.154338502208702e-06,4.523909410636406e-06,1.0,1410.0
1.0647529506968567e-06,0.09502038359642029,0.1018398106098175,0.09720096737146378,0.024467075243592262,0.013120381161570549,7.885908416938037e-06,3.2730159205129894e-07,8.709902203918318e-07,0.007715726736932993,0.0035797087475657463,0.10586231201887131,0.10320326685905457,0.007454628590494394,0.4772440791130066,0.4690677523612976,0.0013631461188197136,0.07059135288000107,0.0848301574587822,0.017859583720564842,0.007846394553780556,0.11132461577653885,0.09991772472858429,6.736637442372739e-05,0.0033736980985850096,0.0028675582725554705,2.427881190669723e-05,5.620462980004959e-05,0.0008837297209538519,0.0004036259779240936,0.07400722801685333,0.10893525928258896,0.001712250872515142,0.000809263379778713,0.004670761059969664,0.005894169211387634,0.007046121172606945,0.007921537384390831,0.13660737872123718,0.0010354073019698262,0.016701750457286835,0.004454810172319412,0.0608285516500473,0.11794716119766235,1.4933340025891084e-05,1.0301464499207214e-05,0.001123828231357038,0.004697758704423904,0.002512181643396616,0.0024091501254588366,2.4077224225038663e-05,9.624289987186785e-07,2.0,1411.0
5.359572696761461e-07,1.367832828691462e-05,1.1231542885070667e-05,0.9417085647583008,0.9614561796188354,0.9129809737205505,4.786843783222139e-05,4.5470933400793e-06,8.046266657402157e-07,0.028524721041321754,0.014519748277962208,0.1936597377061844,0.19383493065834045,0.05362243950366974,0.14115574955940247,0.0953117311000824,0.028610961511731148,0.05122855678200722,0.052013102918863297,0.08783261477947235,0.05671996995806694,0.042157284915447235,0.08603683114051819,8.945566514739767e-05,0.012782351113855839,0.6509271860122681,0.007308691740036011,0.0017051119357347488,0.0005205865018069744,0.0038228651974350214,0.03882480412721634,0.04635467752814293,0.014427844434976578,0.0005847502034157515,0.032747525721788406,0.019748572260141373,0.0003540524048730731,0.0030540802981704473,0.4105733036994934,0.0012961922911927104,0.015801778063178062,0.01666518859565258,0.011578253470361233,0.020260697230696678,2.4324410787812667e-06,2.430971107969526e-06,0.0002820173976942897,0.0014059199020266533,0.0003472630342002958,0.00045003386912867427,1.496042386861518e-05,1.8143199440601165e-06,1.0,1412.0
2.426808578093187e-06,0.5478444695472717,0.6223570108413696,2.3753078494337387e-05,0.0022547640837728977,0.0009021423174999654,1.1337274372635875e-05,3.0124897421046626e-07,1.299847838254209e-07,0.10981899499893188,0.12644019722938538,0.07216697931289673,0.06798262149095535,0.00531203905120492,0.42859405279159546,0.40746983885765076,0.0077829184010624886,0.15650589764118195,0.16164056956768036,0.5018702745437622,0.5990180969238281,0.007444391027092934,0.0027318736538290977,7.654916407773271e-05,0.002658738289028406,0.004417637828737497,1.6481601051054895e-05,0.001118535059504211,0.0002348009147681296,0.0010185547871515155,0.09972789883613586,0.12106367200613022,0.0009582448401488364,0.0009422419825568795,0.0004065680259373039,0.00026638718554750085,0.004269604105502367,0.02006763033568859,0.06652369350194931,0.00034124444937333465,0.014659087173640728,0.00331437517888844,0.07898002862930298,0.02738296240568161,5.9859667089767754e-05,6.363987631630152e-05,0.004534048959612846,0.018628332763910294,0.00013787859643343836,0.00033529801294207573,1.0921130524366163e-06,7.546021265625313e-07,2.0,1413.0
1.7457082321925554e-06,0.0002690881083253771,0.0001983034744625911,0.5537245869636536,0.5924467444419861,0.5770336389541626,0.00030860421247780323,5.917666840105085e-06,2.8723566174448933e-06,0.10565266758203506,0.03555116057395935,0.5973161458969116,0.6214700937271118,0.013629896566271782,0.2795349955558777,0.28600019216537476,0.01225435920059681,0.00837684702128172,0.007426604628562927,0.11421971023082733,0.06332489103078842,0.01577449031174183,0.031870584934949875,0.0010685860179364681,0.018732670694589615,0.2997056245803833,0.00030990270897746086,0.001469853101298213,0.01281890831887722,0.004017924424260855,0.1493745595216751,0.2609162926673889,0.007517088204622269,0.008881086483597755,0.15134890377521515,0.149091899394989,0.010989491827785969,0.02055477350950241,0.0037998072803020477,9.886777661449742e-06,0.03238782659173012,0.0034496246371418238,0.006654432043433189,0.11259631812572479,0.005756727885454893,0.005925704725086689,0.006215428002178669,0.046742815524339676,0.032182127237319946,0.032253313809633255,6.867245701869251e-06,1.2971031537745148e-05,1.0,1414.0
1.9498551750984916e-07,3.46211418218445e-05,3.623251905082725e-05,0.9132928848266602,0.8293868899345398,0.5766607522964478,3.202496372978203e-05,1.3538355005948688e-06,1.5950220131344395e-06,0.005646316334605217,0.005147893447428942,0.6392840147018433,0.5726380348205566,0.01638747565448284,0.5970492362976074,0.38370171189308167,0.0013648589374497533,0.005845054984092712,0.006748801097273827,0.00409645726904273,0.018658427521586418,0.16632774472236633,0.19601736962795258,0.0002531228237785399,0.013006463646888733,0.39302539825439453,0.0071772560477256775,0.000507218181155622,0.006041709333658218,0.05150895193219185,1.0179751370742451e-05,8.710037036507856e-06,0.3279113173484802,0.002201762516051531,0.18490464985370636,0.13404060900211334,0.0020003560930490494,0.006875583436340094,0.6478539705276489,0.006701281294226646,0.012388607487082481,0.07690417021512985,0.002128253923729062,0.05385700613260269,2.5776686015888117e-05,2.4652086722198874e-05,4.6829907660139725e-05,5.0511156587162986e-05,0.011051060631871223,0.01713578961789608,9.198847692459822e-06,2.5107723899964185e-07,1.0,1415.0
8.1571778309808e-07,0.005156173836439848,0.0011258443119004369,0.11161532253026962,0.5643460750579834,0.5553361773490906,2.591204429336358e-05,1.5525720300502144e-06,1.8114413933290052e-06,0.041782196611166,0.015046670101583004,0.030909860506653786,0.02163872867822647,0.12702058255672455,0.03450173884630203,0.03450304642319679,0.15171533823013306,0.2634502649307251,0.30236488580703735,0.16821694374084473,0.10263901948928833,0.011246983893215656,0.05120755359530449,0.0005019466043449938,2.8342145014903508e-05,0.000679644348565489,0.00036300462670624256,3.49718211509753e-05,0.0038637621328234673,0.0008528449106961489,0.007719023153185844,0.008564615622162819,0.0037867454811930656,0.0017164102755486965,0.0026801356580108404,0.004643198102712631,0.03132404759526253,0.016345225274562836,0.02913684770464897,0.0001289752690354362,0.0024490824434906244,0.0006651230505667627,0.0024168784730136395,0.012618115171790123,0.2941872477531433,0.19685621559619904,0.38971325755119324,0.36500272154808044,0.0004403765487950295,0.0004876144521404058,7.98800010670675e-06,1.0135024695046013e-06,1.0,1416.0
2.6326451916247606e-06,0.1909167468547821,0.15896300971508026,0.010577424429357052,0.009553315117955208,0.028576815500855446,5.97363168708398e-06,2.8438323624868644e-06,9.97280835690617e-07,0.3723723292350769,0.1315581500530243,0.23567144572734833,0.10647765547037125,0.12520557641983032,0.04923735186457634,0.06467961519956589,0.166129469871521,0.054775405675172806,0.12454956024885178,0.40262550115585327,0.44627997279167175,0.001401053974404931,0.007786417379975319,4.608294693753123e-05,3.40202750521712e-05,0.002293278928846121,0.012595992535352707,0.0001372580009046942,0.0026088631711900234,0.0008638127474114299,0.006541928742080927,0.014116042293608189,0.002362723695114255,1.0034736078523565e-05,0.00076432985952124,0.0020963833667337894,0.04526912793517113,0.004354954697191715,0.5226658582687378,0.10806077718734741,0.07593488693237305,0.00861676037311554,0.08686619997024536,0.02321081981062889,1.2454180250642821e-05,5.861545560037484e-06,0.0002385126135777682,0.007047712802886963,2.251817932119593e-05,1.1248285773035605e-05,9.418578883924056e-06,1.8648172499524662e-06,1.0,1417.0
1.50583377944713e-06,7.366386853391305e-05,3.521831604302861e-05,0.7742403149604797,0.907166600227356,0.8406734466552734,8.807703852653503e-05,2.961596237582853e-06,3.2532220757275354e-06,0.004444107413291931,0.0015400677220895886,0.08683743327856064,0.10271650552749634,0.03370048478245735,0.1752617508172989,0.1505070924758911,0.014739308506250381,0.12396445870399475,0.09878420829772949,0.05849660933017731,0.012331169098615646,0.14849436283111572,0.3163822591304779,0.00018767855362966657,0.012574098072946072,0.597002387046814,0.003805162850767374,0.001987884985283017,0.06345497071743011,0.008086590096354485,0.001212142058648169,0.0035371463745832443,0.16428959369659424,0.010094955563545227,0.03534293547272682,0.062062785029411316,0.0007722231675870717,0.0023779619950801134,0.5977354049682617,0.00010096217738464475,0.010151553899049759,0.005623872857540846,0.008916615508496761,0.08716629445552826,3.663485767901875e-05,4.396142321638763e-05,3.386635580682196e-05,0.006958323065191507,0.0034072494599968195,0.0020286794751882553,1.0134302101505455e-05,2.502234565326944e-06,1.0,1418.0
9.103547995437111e-07,0.015970943495631218,0.018721533939242363,0.10132529586553574,0.20440946519374847,0.11212015151977539,6.787473466829397e-06,1.26012048440316e-06,2.1398311389475566e-07,0.20960023999214172,0.11341612786054611,0.23839668929576874,0.21775798499584198,0.017762692645192146,0.17053622007369995,0.15719465911388397,0.016162583604454994,0.0320928618311882,0.03894570842385292,0.4002667963504791,0.3804354965686798,0.0023070932365953922,0.0050727855414152145,2.7742094971472397e-05,0.003003534860908985,0.010879900306463242,6.797782407375053e-05,0.0019116675248369575,9.217101614922285e-05,0.001160916406661272,0.009151119738817215,0.005765629466623068,0.004405825398862362,0.0026230562943965197,0.001048329402692616,0.00046004840987734497,0.002900154562667012,0.014417635276913643,0.5844621658325195,0.0006714644259773195,0.03986151143908501,0.002807468641549349,0.05989615246653557,0.04595229774713516,8.38730647956254e-06,7.326732884394005e-06,0.002178722759708762,0.0008140605641528964,3.1230760214384645e-05,6.0955644585192204e-05,2.0167749426036607e-06,6.319144176814007e-07,1.0,1419.0
1.1598800142564869e-07,1.6735380995669402e-05,2.177450733142905e-05,0.9257525205612183,0.9729364514350891,0.7646784782409668,6.0579212004086e-05,9.795068223183989e-08,2.9582946581285796e-07,0.008515661582350731,0.0040818252600729465,0.03323257341980934,0.10956436395645142,0.07466874271631241,0.4242013096809387,0.10863305628299713,0.006070225033909082,0.2725355923175812,0.06277035176753998,0.22144709527492523,0.005030315835028887,0.14151053130626678,0.08415964245796204,0.0002096176758641377,0.13308162987232208,0.4010607898235321,0.0007217918755486608,0.003709724871441722,0.0012076112907379866,0.000839406275190413,0.024470042437314987,0.02027326077222824,0.0039216591976583,0.34492596983909607,0.04452325776219368,0.04697813093662262,0.0005490980111062527,0.008281366899609566,0.09693402051925659,3.0322280508698896e-07,0.024640019983053207,0.009543705731630325,0.008830352686345577,0.003132482059299946,3.683282557176426e-06,4.346367859398015e-06,0.0003826082102023065,0.0008052529883570969,6.26832916168496e-05,7.884789374656975e-05,2.4201060568884714e-06,1.3962937828182476e-07,1.0,1420.0
1.601718395249918e-06,0.11868415027856827,0.32948917150497437,0.00030406957375817,0.03660751134157181,0.00637253699824214,0.0002970425703097135,1.2180670410089078e-06,1.1383751825633226e-06,0.06240769848227501,0.03892640769481659,0.12892957031726837,0.1181073859333992,0.0387243926525116,0.11280456185340881,0.09712991863489151,0.042800650000572205,0.07963285595178604,0.09197007119655609,0.18908610939979553,0.24429360032081604,0.012880044989287853,0.013907675631344318,0.0034546658862382174,0.0056742168962955475,0.014789896085858345,1.4008625839778688e-05,0.00030773223261348903,0.002528310287743807,0.0023428057320415974,0.015531372278928757,0.021331166848540306,0.043859247118234634,0.0006970784743316472,0.1786777526140213,0.20230430364608765,0.004101703409105539,0.005122759845107794,0.0625331699848175,0.00012861897994298488,0.0014657019637525082,0.0008666194044053555,0.0016283184522762895,0.0570417158305645,0.07498092949390411,0.0605282224714756,0.06650491803884506,0.11259078234434128,0.7228367328643799,0.7751834392547607,4.920059382129693e-06,2.7182738904230064e-06,1.0,1421.0
6.7903743001807015e-06,0.0056544337421655655,0.025619208812713623,0.09152157604694366,0.40052330493927,0.06729982793331146,0.00037636893102899194,1.5265831052602152e-06,9.483302164881025e-06,0.0008978850091807544,0.0011531786294654012,0.04332146421074867,0.07343900948762894,0.16042190790176392,0.11067395657300949,0.022287849336862564,0.03238925710320473,0.17224793136119843,0.12276220321655273,0.03614744916558266,0.007513918913900852,0.4115329682826996,0.1658889502286911,0.0006103496998548508,0.07601021230220795,0.5446324348449707,0.0003016700502485037,0.002832199679687619,0.009379727765917778,0.03061511181294918,0.05509144440293312,0.08307631313800812,0.006127594038844109,5.217428770265542e-05,0.1529083549976349,0.2025536149740219,0.00966480653733015,0.028414342552423477,0.00572882080450654,0.005833453498780727,0.009077467955648899,0.005868206266313791,0.006721202749758959,0.07474430650472641,0.003310439409688115,0.00844426080584526,0.002057724166661501,0.09060433506965637,0.008812827989459038,0.012164478190243244,1.813400194805581e-05,1.616166628082283e-05,1.0,1422.0
9.99240182864014e-06,0.3947311043739319,0.2725805938243866,0.005711556412279606,0.005199628882110119,0.013203907757997513,0.0005324672674760222,4.5485335249395575e-06,3.584489832064719e-06,0.012565704993903637,0.008147272281348705,0.006244391668587923,0.006923061329871416,0.9340441226959229,0.0001579413510626182,0.00044153796625323594,0.9231870770454407,0.5723027586936951,0.5620760917663574,0.2529101073741913,0.06337953358888626,0.03813228756189346,0.05531921982765198,0.0007777279824949801,0.02826087176799774,0.4725746214389801,0.00033949300996027887,0.018216492608189583,0.019237179309129715,0.008188211359083652,0.031723253428936005,0.02689359523355961,0.007985878735780716,0.0022613860201090574,0.03439326584339142,0.06718085706233978,0.03717336803674698,0.03265288099646568,0.004343740176409483,5.604824036709033e-05,0.008556234650313854,0.002900953171774745,0.003659862093627453,0.020895378664135933,0.04640670865774155,0.04104241728782654,0.024920929223299026,0.012852447107434273,0.0015158767346292734,0.0013265213929116726,9.64361220212595e-07,1.2342562513367739e-05,1.0,1423.0
7.15432349807088e-07,0.0001558775402372703,0.00010053427831735462,0.7719904780387878,0.7610234618186951,0.6747570037841797,5.236790093476884e-05,2.1514897525776178e-06,2.4633916382299503e-06,0.005821641068905592,0.003155396319925785,0.2780497670173645,0.29305920004844666,0.03496500477194786,0.2752382755279541,0.1845661699771881,0.006618567742407322,0.02401678077876568,0.021588638424873352,0.025194989517331123,0.02278212457895279,0.11758358031511307,0.1950335055589676,0.00014334305888041854,0.001348678837530315,0.5078469514846802,0.035635337233543396,0.0017117364332079887,0.010173586197197437,0.0011902584228664637,0.0059645818546414375,0.012069773860275745,0.009793166071176529,0.0012289386941120028,0.04967169836163521,0.11190442740917206,0.003327700775116682,0.0015796752413734794,0.24698837101459503,0.0004992489702999592,0.029349783435463905,0.015322893857955933,0.010092497803270817,0.021900195628404617,7.05771299180924e-06,4.085505679540802e-06,0.00017258504522033036,0.0020922687835991383,0.0009673085296526551,0.00051549804629758,1.1585248103074264e-05,1.3263680784803e-06,1.0,1424.0
8.354698479706713e-07,9.44777493714355e-05,0.00020702974870800972,0.8334663510322571,0.8384873867034912,0.7689813375473022,0.0021817150991410017,1.2304849406064022e-05,1.0818353075592313e-05,0.03614777326583862,0.025629663839936256,0.14486101269721985,0.1431579440832138,0.0030260076746344566,0.4815520644187927,0.5374329090118408,0.010490587912499905,0.12272380292415619,0.11563138663768768,0.1444547474384308,0.07677345722913742,0.05638176202774048,0.07547204196453094,0.009056131355464458,0.0011225438211113214,0.2639228403568268,0.020727017894387245,0.00014763855142518878,0.009935598820447922,0.003935472574084997,0.16582399606704712,0.17421449720859528,0.06163642928004265,0.0006485943449661136,0.8859642744064331,0.918306827545166,0.005453742109239101,0.006432126276195049,0.02563292533159256,6.320013926597312e-05,0.001383951399475336,0.002520153531804681,0.0008289131219498813,0.01713261753320694,0.44418901205062866,0.47621506452560425,0.3515385091304779,0.5157020688056946,0.3545589745044708,0.4408312737941742,2.24301347770961e-05,1.2778587006323505e-05,1.0,1425.0
1.294016556130373e-06,0.020301777869462967,0.014233394525945187,0.05910034477710724,0.14237037301063538,0.0961206778883934,7.4028039307449944e-06,1.817191304098742e-07,6.978130500101543e-07,0.035790398716926575,0.006349044851958752,0.2569098174571991,0.20468904078006744,0.012369159609079361,0.4354466199874878,0.4167179465293884,0.002128732856363058,0.028961211442947388,0.04344872012734413,0.07818513363599777,0.05924846976995468,0.029919806867837906,0.1493532657623291,1.1644829100987408e-05,0.0002817878557834774,0.00027224907535128295,4.265792449587025e-05,4.8571446313872e-06,0.13601911067962646,0.1249469444155693,0.0013352636015042663,0.001122659887187183,1.7689559172140434e-05,0.0005955792730674148,0.00010247030877508223,8.16423271317035e-05,0.3306163549423218,0.11431915313005447,0.0004552208702079952,0.0045213415287435055,0.015908533707261086,0.00444921525195241,0.8603713512420654,0.3580867052078247,0.013068878091871738,0.005918734706938267,0.0060458118095994,0.001050720107741654,0.008510425686836243,0.009249409660696983,5.222376785241067e-06,4.370361352812324e-07,1.0,1426.0
8.154090096468281e-07,0.0005131967482157052,0.0003116620937362313,0.7075903415679932,0.3423016369342804,0.5928895473480225,2.926389242929872e-05,1.6740093542466639e-06,2.1781713712698547e-06,0.14417429268360138,0.07146546244621277,0.1405683308839798,0.09944210946559906,0.0006455573602579534,0.8924183249473572,0.9069501161575317,0.002118604490533471,0.07145725935697556,0.0967279002070427,0.20948193967342377,0.4820801913738251,0.004448848310858011,0.015748487785458565,0.0008819110225886106,2.9225015168776736e-05,0.001458493061363697,0.0023515229113399982,4.5356158807408065e-05,0.01439425814896822,0.0008565247408114374,0.017504677176475525,0.020847734063863754,0.0011126836761832237,0.019205700606107712,0.0032655426766723394,0.011942089535295963,0.14373357594013214,0.011937836185097694,0.006588831543922424,1.3992097592563368e-05,0.0075267888605594635,0.0033365865238010883,0.001965723931789398,0.006385618355125189,0.005978924222290516,0.0011890839086845517,0.04759128391742706,0.05144345760345459,0.0001532208698336035,6.530028622364625e-05,1.3283884072734509e-05,1.069404675035912e-06,2.0,1427.0
3.4611407500051428e-06,0.07767742872238159,0.03587180748581886,0.20177169144153595,0.057211536914110184,0.06223563849925995,1.0185859537159558e-05,6.509577588076354e-07,9.270545433537336e-07,0.011670911684632301,0.001758812926709652,0.013014503754675388,0.007557137403637171,0.003229790600016713,0.5057083368301392,0.5082724094390869,0.0016640144167467952,0.4147067964076996,0.44662249088287354,0.09466907382011414,0.03854541480541229,0.03974778950214386,0.11210208386182785,2.8389240469550714e-05,0.010434338822960854,0.036087941378355026,3.372220089659095e-05,0.011381395161151886,0.000521213049069047,0.0011620461009442806,0.01024540700018406,0.009822799824178219,0.0019885990768671036,0.04854564368724823,0.0007197195664048195,0.0007310686050914228,0.005357634741812944,0.01558973453938961,0.5330312848091125,3.7988891563145444e-05,0.2166866660118103,0.03924831375479698,0.055652521550655365,0.010159214958548546,3.34591140926932e-06,2.224385752924718e-06,0.0006266823038458824,0.0007998422952368855,6.66232108414988e-06,7.100087714206893e-06,8.976207936939318e-07,5.169841870156233e-07,1.0,1428.0
2.1936164102953626e-06,0.015210847370326519,0.023039668798446655,0.016906747594475746,0.23837530612945557,0.07927196472883224,0.0004569183220155537,1.169274014500843e-06,5.713223799830303e-06,0.006605168338865042,0.003715896513313055,0.1330723613500595,0.15091806650161743,0.0006014700629748404,0.8079347014427185,0.7999308705329895,0.0007944782264530659,0.07340054214000702,0.06074055656790733,0.038542021065950394,0.009651795029640198,0.1915379762649536,0.10817281156778336,0.004212741740047932,0.0007675992092117667,0.015895511955022812,0.0007612195913679898,7.129570440156385e-05,0.013741758652031422,0.00137002719566226,0.03134938329458237,0.0563211515545845,0.022134196013212204,0.0014197492273524404,0.5269570350646973,0.6886793375015259,0.014634478837251663,0.010711884126067162,0.014330616220831871,0.00011518331302795559,0.003908551298081875,0.005043449811637402,0.0025496315211057663,0.2218199372291565,0.011511947959661484,0.011107605881989002,0.008705316111445427,0.06885908544063568,0.5716303586959839,0.43207594752311707,4.645547960535623e-05,1.074254214472603e-05,1.0,1429.0
5.51744506083196e-07,6.800660776207224e-05,3.4549339034128934e-05,0.8089775443077087,0.7635806202888489,0.9036132097244263,0.0002548875636421144,5.671694452757947e-06,8.16768533695722e-06,0.05425048619508743,0.02098883129656315,0.15019218623638153,0.0713202953338623,0.0008432651520706713,0.8604913949966431,0.8871318101882935,0.0028128884732723236,0.09640635550022125,0.18463309109210968,0.11981398612260818,0.1717248558998108,0.011064472608268261,0.07809586822986603,0.0054928939789533615,0.0006304369308054447,0.03187998756766319,0.002876961138099432,0.0005899022216908634,0.022438878193497658,0.0009196978062391281,0.0006931540556252003,0.000917285040486604,0.02115579880774021,0.0461665503680706,0.17659319937229156,0.2850671410560608,0.03007369488477707,0.005753301549702883,0.01156909391283989,3.2784305403765757e-06,0.002201922470703721,0.004758554045110941,0.00017919194942805916,0.007578098680824041,0.4877331554889679,0.0958239734172821,0.23679380118846893,0.11998289823532104,0.014222733676433563,0.0036947305779904127,1.149069703387795e-05,2.3008619791653473e-06,1.0,1430.0
9.166831773654849e-07,0.06880984455347061,0.04564804956316948,0.016723182052373886,0.0602804459631443,0.0387636236846447,1.684353810560424e-05,3.0149212193464336e-07,1.762425085871655e-07,0.42376241087913513,0.4553247094154358,0.3420899212360382,0.3282945156097412,0.3030336797237396,0.009901827201247215,0.016590943560004234,0.2546132206916809,0.026356855407357216,0.02152537740767002,0.15411034226417542,0.11128399521112442,0.001092488644644618,0.0006807402241975069,1.9162313037668355e-05,0.004324827343225479,0.030892228707671165,0.00018506863852962852,0.00362651189789176,0.00038521637907251716,0.015200751833617687,0.0005168882780708373,0.0003263545804657042,0.0009144489886239171,0.0003849306085612625,0.0014228068757802248,0.0009177286992780864,0.013415025547146797,0.048235561698675156,0.10645724833011627,0.009544403292238712,0.24511860311031342,0.12054554373025894,0.09324802458286285,0.02686917968094349,6.26243490842171e-06,7.588139396830229e-06,0.00018292722234036773,0.00015002039435785264,2.9587043172796257e-05,7.866576197557151e-05,9.94413653643278e-07,3.436371116549708e-07,2.0,1431.0
1.2038175327688805e-06,0.0024796335492283106,0.009708352386951447,0.07556472718715668,0.5967601537704468,0.22391335666179657,2.1031399228377268e-05,1.8444790157445823e-06,7.626711067132419e-07,0.0005828402936458588,0.0015184488147497177,0.35814547538757324,0.3529421091079712,0.013478245586156845,0.321440190076828,0.3057969808578491,0.0054075769148766994,0.021105417981743813,0.01528896577656269,0.005460921674966812,0.007274675648659468,0.44562748074531555,0.21680495142936707,3.6579836887540296e-05,0.0012448705965653062,0.004517808090895414,0.00014380060019902885,0.00022435176651924849,2.061679697362706e-05,0.010458432137966156,0.3755432665348053,0.181676983833313,0.002686836523935199,2.4522561943740584e-05,0.003498402889817953,0.0005621478194370866,0.0010101214284077287,0.015411745756864548,0.12106877565383911,0.1176024079322815,0.012664043344557285,0.0016828502994030714,0.16174902021884918,0.5673055648803711,8.154367242241278e-05,0.00022360283765010536,0.04244342818856239,0.003582642413675785,0.02353554219007492,0.12651798129081726,1.53459968714742e-05,1.1261842018939205e-06,1.0,1432.0
4.812122256225848e-07,0.0011337551986798644,0.0028652986511588097,0.37959951162338257,0.4263034164905548,0.25988003611564636,4.821093534701504e-05,5.552960260502005e-07,8.73655665145634e-07,0.04548967629671097,0.0017125101294368505,0.09870748966932297,0.07100454717874527,0.013053257949650288,0.23391355574131012,0.20554053783416748,0.014675172045826912,0.0676756426692009,0.10760513693094254,0.08323018252849579,0.05009826272726059,0.009561213664710522,0.18011243641376495,0.0001703697635093704,0.007407342549413443,0.13896270096302032,0.00015240823267959058,0.004309904761612415,0.0016849072417244315,0.004840190522372723,0.00011882490798598155,0.00012036638509016484,0.009720210917294025,0.008395476266741753,0.03101680614054203,0.026730559766292572,0.01407231017947197,0.030219778418540955,0.04180001839995384,0.00014340145571622998,0.020193178206682205,0.011452564038336277,0.0017332794377580285,0.012157284654676914,0.0001265278842765838,0.00011834974429802969,0.0004831565893255174,0.0006545133073814213,0.0006152261048555374,0.0008594711543992162,1.249286924576154e-06,5.59476802663994e-07,1.0,1433.0
2.6977911602443783e-06,0.006012266501784325,0.0002866375434678048,0.40746405720710754,0.18618768453598022,0.3429771661758423,4.335313133196905e-05,7.643604362783663e-07,1.4118562603471219e-06,0.1402910053730011,0.041686348617076874,0.30272459983825684,0.29790735244750977,0.5575491189956665,0.0059740892611444,0.002531912177801132,0.5630577206611633,0.018011316657066345,0.02428538352251053,0.24964797496795654,0.06816557794809341,0.004629030358046293,0.015631964430212975,0.00014661347086075693,0.0016509228153154254,0.00302156712859869,3.1270516046788543e-05,0.0001733838435029611,0.0768236294388771,0.0002144824102288112,0.011365475133061409,0.01381270308047533,0.0005266985972411931,0.00926702655851841,0.0006801108829677105,0.0038610666524618864,0.2464417666196823,0.003995569422841072,0.008031371049582958,5.870340464753099e-05,0.021391110494732857,0.003968524746596813,0.09124927222728729,0.08364883065223694,0.0021547258365899324,0.0002539335691835731,0.011595029383897781,0.001799398916773498,0.014727395959198475,0.003989412449300289,8.097789759631269e-06,1.7473838624937343e-06,1.0,1434.0
5.772255349256739e-07,0.0008170739165507257,0.0005970943020656705,0.5295157432556152,0.2468302845954895,0.6305041313171387,1.3246147318568546e-05,3.077895598835312e-06,2.6440704914421076e-07,0.34583932161331177,0.1884610950946808,0.3821142911911011,0.380827933549881,0.04785589128732681,0.24335451424121857,0.27741414308547974,0.06221473962068558,0.021692540496587753,0.030064811930060387,0.3401879668235779,0.38033947348594666,0.0014214349212124944,0.006183154881000519,0.0002969635825138539,2.2481929136120016e-06,9.939516166923568e-05,0.015869172289967537,2.92789127342985e-06,0.002669568406417966,0.0018700554501265287,0.1024346873164177,0.1047436073422432,0.0017091970657929778,1.2509256521298084e-05,0.0010048627154901624,0.003456399543210864,0.10253416001796722,0.010724544525146484,0.049221429973840714,0.013784198090434074,0.001664804294705391,0.00024284170649480075,0.023970380425453186,0.0475241057574749,0.010853386484086514,0.005036408081650734,0.02381819859147072,0.06297969818115234,0.00047710721264593303,0.0003445780894253403,6.083532207412645e-05,1.1511274351505563e-06,1.0,1435.0
5.655669156112708e-06,0.26537710428237915,0.2846701741218567,0.0010763431200757623,0.021193405613303185,0.006278050597757101,0.0003139126056339592,4.730307239242393e-07,8.127956903081213e-07,0.6817952394485474,0.7417944669723511,0.6344722509384155,0.8176994323730469,0.29121294617652893,0.1357058584690094,0.012906651012599468,0.043062474578619,0.014899238012731075,0.0023288654629141092,0.6659677624702454,0.5621747970581055,0.0016394202830269933,0.0001597246591700241,0.0014479755191132426,0.0010858610039576888,0.0012394789373502135,2.2211399482330307e-05,7.920192001620308e-05,0.020650234073400497,0.057163532823324203,0.003862457349896431,0.0031876263674348593,0.0012210133718326688,0.0022856262512505054,0.011056664399802685,0.015649089589715004,0.1756775677204132,0.3722441494464874,0.0006530876271426678,0.0001659156841924414,0.007314682472497225,0.013474497944116592,0.03643706068396568,0.03233462572097778,0.9112617373466492,0.927169680595398,0.0528295524418354,0.10961701720952988,0.2109891176223755,0.31780096888542175,3.6895439734507818e-06,4.269160854164511e-06,1.0,1436.0
2.9234324756544083e-06,0.42569831013679504,0.38993915915489197,0.005191225092858076,0.0029010027647018433,0.002045238157734275,3.426006151130423e-05,9.700116834210348e-07,2.784867945138103e-07,0.2883966863155365,0.1819339543581009,0.02748832106590271,0.02509734407067299,0.07098454236984253,0.04475812613964081,0.060174982994794846,0.08230017870664597,0.3365973234176636,0.3473587930202484,0.6995636224746704,0.3800455331802368,0.002145020291209221,0.001994800753891468,0.0004224252770654857,0.00019849436648655683,0.003473173128440976,8.331224671564996e-05,0.0008707563974894583,0.006878221407532692,0.0005667449440807104,0.03853252902626991,0.058876339346170425,0.003301709657534957,5.278207390801981e-05,0.0013240838889032602,0.002393437083810568,0.03225276246666908,0.005001134239137173,0.04266434535384178,0.005562542472034693,0.0037367423065006733,0.0007013808935880661,0.0029603438451886177,0.013464612886309624,0.01753140799701214,0.011219630017876625,0.02058640494942665,0.09058551490306854,5.9388199588283896e-05,2.9738101147813722e-05,2.72888701147167e-06,2.241667289126781e-06,1.0,1437.0
1.7940753878065152e-06,0.061950650066137314,0.029138581827282906,0.02316177822649479,0.09708219021558762,0.14161257445812225,1.6933632650761865e-05,4.941172733197163e-07,2.694122827051615e-07,0.09101015329360962,0.053327400237321854,0.02408570423722267,0.019929174333810806,0.005663309711962938,0.08418410271406174,0.33440908789634705,0.07273214310407639,0.24966590106487274,0.23067660629749298,0.3236890733242035,0.2041340321302414,0.005612074863165617,0.0061294701881706715,5.122500442666933e-05,0.0010955953039228916,0.0026269573718309402,1.6571862943237647e-05,0.0004942313535138965,0.002063593827188015,0.0018179804319515824,0.004913612734526396,0.004444337449967861,0.0004737581475637853,0.0035736304707825184,0.0003034452092833817,0.00025864949566312134,0.028269752860069275,0.03039570152759552,0.024417083710432053,0.00027522924938239157,0.01816340908408165,0.001439791638404131,0.07476203143596649,0.06025473773479462,0.0006251870072446764,0.0005072930944152176,0.003229247173294425,0.0018371816258877516,0.0001617674861336127,0.00019876004080288112,1.4329441455629421e-06,1.2052591955580283e-06,1.0,1438.0
2.8134202239016304e-06,0.3079797923564911,0.26215407252311707,0.001009973231703043,0.008196165785193443,0.0097458241507411,1.2611201782419812e-05,2.4817197186166595e-07,6.293109890975757e-07,0.0996146872639656,0.08192221075296402,0.10705101490020752,0.10166077315807343,0.31044700741767883,0.011667673476040363,0.010999680496752262,0.29340171813964844,0.08961021155118942,0.10706357657909393,0.3990994691848755,0.4510738253593445,0.005725980270653963,0.005741063971072435,2.2543363229488023e-05,0.002048950642347336,0.017156580463051796,5.789659917354584e-05,0.0021126652136445045,0.00938552524894476,0.0017674898263067007,0.004080280661582947,0.009490112774074078,0.00011033116606995463,0.001675211708061397,0.0005204259650781751,0.0004996881471015513,0.0448550321161747,0.05619261786341667,0.010449755005538464,0.00013330313959158957,0.36457371711730957,0.06429045647382736,0.15831562876701355,0.0036642185878008604,3.086571450694464e-05,2.4859791665221564e-05,0.0002541604917496443,0.008817444555461407,6.426099844247801e-06,5.990946192468982e-06,2.738162265814026e-07,8.3825921137759e-07,2.0,1439.0
1.5783228946020245e-06,0.032666269689798355,0.06450185179710388,0.0035317286383360624,0.13777591288089752,0.03709213063120842,2.8236632715561427e-05,7.495907539123436e-07,4.78622212085611e-07,0.04206254333257675,0.05907115340232849,0.021100569516420364,0.019738098606467247,0.007121786009520292,0.327210932970047,0.31870511174201965,0.0071489159017801285,0.3567781448364258,0.3203411400318146,0.43995487689971924,0.21026024222373962,0.016596095636487007,0.0065909759141504765,0.00027936004335060716,7.84948279033415e-05,0.0012572670821100473,6.571282574441284e-05,0.0002364846004638821,0.0010252079227939248,0.0060281711630523205,0.008620407432317734,0.007069150917232037,0.0026307422667741776,0.00030673397122882307,0.0008594838436692953,0.000781188893597573,0.011680365540087223,0.023326406255364418,0.03535538911819458,0.0015092289540916681,0.0031998627819120884,0.00038381246849894524,0.008083270862698555,0.029629947617650032,0.19769130647182465,0.2581847906112671,0.26119014620780945,0.19266709685325623,0.0005251126713119447,0.0013419791357591748,3.37692949869961e-06,6.810224704167922e-07,2.0,1440.0
1.2647763014683733e-06,0.13792452216148376,0.00026289522065781057,0.3404110074043274,0.009946510195732117,0.3495335876941681,4.83727126265876e-05,6.261769414095397e-08,5.7123457963825786e-08,0.07786835730075836,0.20195801556110382,0.06689756363630295,0.09397512674331665,0.2883906364440918,0.019965270534157753,0.04859855771064758,0.29727908968925476,0.13903185725212097,0.16592726111412048,0.3668406903743744,0.14778351783752441,0.009131782688200474,0.013403147459030151,0.000261743989540264,0.11782549321651459,0.0027787224389612675,4.524508199210686e-07,0.0001618305832380429,0.016969844698905945,0.012361741624772549,0.002967445645481348,0.003910112660378218,0.005841135513037443,0.6355066299438477,0.005836485419422388,0.008576649241149426,0.2088572382926941,0.1595684289932251,0.0020490442402660847,6.753922576763216e-08,0.0068611809983849525,0.009978138841688633,0.00503955315798521,0.003714232239872217,0.025323394685983658,0.00997554324567318,0.0033801940735429525,0.005678256507962942,0.002757457084953785,0.0013391306856647134,1.3033090908720624e-06,6.434345891648263e-07,1.0,1441.0
3.869459987981827e-07,0.01476226095110178,0.015576392412185669,0.399031400680542,0.04788161441683769,0.025114957243204117,1.645119846216403e-05,9.87521389106405e-07,2.0087340999452863e-06,0.01251683384180069,0.00283050793223083,0.2741231620311737,0.2412712424993515,0.06699991971254349,0.22319580614566803,0.06630925089120865,0.014080654829740524,0.02859628014266491,0.0336180254817009,0.061337169259786606,0.019612155854701996,0.076955646276474,0.29469698667526245,0.00011639108561212197,0.002774643013253808,0.13193073868751526,0.005184396170079708,0.0003500129096210003,0.001850796863436699,0.00033887248719111085,8.804268873063847e-05,0.00011673130939016119,0.08580140769481659,0.00018654459563549608,0.05410219728946686,0.11866297572851181,0.0010564407566562295,0.0002493254723958671,0.9165611863136292,0.05294368416070938,0.024418674409389496,0.19652524590492249,0.0014874784974381328,0.03130738437175751,2.3538032678516174e-07,9.032594761038126e-08,4.1477276681689546e-05,9.119393507717177e-05,0.0010918974876403809,0.0008137701079249382,1.62721498782048e-05,6.816163136136311e-07,1.0,1442.0
3.210799945918552e-07,0.0017961568664759398,0.0029554555658251047,0.2743968963623047,0.4513885974884033,0.30455970764160156,9.931372005667072e-06,3.9737190604682837e-07,2.2936248456062458e-07,0.6521520614624023,0.5335690975189209,0.7148544788360596,0.7149208784103394,0.107452891767025,0.05427117273211479,0.04098062589764595,0.10269368439912796,0.005128609947860241,0.005507774651050568,0.31102144718170166,0.3801364600658417,0.0005516948294825852,0.0006526499055325985,0.00012775124923791736,0.00045607693027704954,0.00052236596820876,1.5230889403028414e-05,0.00012108252849429846,0.000320284569170326,0.0007198832463473082,0.029732830822467804,0.02390066161751747,0.0013860096223652363,0.004353965166956186,0.00034437989233992994,0.000319762242725119,0.0050481753423810005,0.009461072273552418,0.05718235298991203,0.0001231044006999582,0.0009444864117540419,0.00021975357958581299,0.007764863315969706,0.03074703738093376,0.004917008336633444,0.005140591878443956,0.12367138266563416,0.08695860207080841,0.001319367904216051,0.002710517030209303,7.351999556703959e-06,5.780386231890589e-07,1.0,1443.0
2.4426556137768785e-06,0.01341844629496336,0.0066734240390360355,0.0928824245929718,0.1453465223312378,0.20016548037528992,7.825574721209705e-05,7.918982873889036e-07,5.43803139407828e-07,0.0074201007373631,0.0031624396797269583,0.03753270208835602,0.03756112605333328,0.40220221877098083,0.009982114657759666,0.0018643263028934598,0.4563395380973816,0.16891026496887207,0.16544708609580994,0.10399647057056427,0.059223901480436325,0.036930546164512634,0.10024324059486389,0.00024753951583988965,0.0002464285062160343,0.00948932021856308,0.0001784298219718039,0.0005344862001948059,0.008464126847684383,0.02380945347249508,0.000701019715052098,0.0005730739794671535,0.002343688625842333,0.00019699070253409445,0.01019294559955597,0.011154713109135628,0.05478281527757645,0.07852181792259216,0.005599515046924353,0.005282694939523935,0.01207709964364767,0.0026886388659477234,0.016477931290864944,0.05643433332443237,0.004715188406407833,0.00558035122230649,0.0016491413116455078,0.0013770235236734152,0.014702044427394867,0.018112752586603165,1.6510090290466906e-06,1.2455681144274422e-06,1.0,1444.0
1.1288088899163995e-06,0.0023133247159421444,0.00105857546441257,0.2884877622127533,0.32770511507987976,0.2874825596809387,0.00018851774802897125,2.7037383460992714e-06,6.134838486104854e-07,0.595170259475708,0.3898901641368866,0.7361369132995605,0.7639778852462769,0.03175719082355499,0.16165415942668915,0.17375941574573517,0.021626576781272888,0.004683062434196472,0.0048966920003294945,0.3431449830532074,0.3456715941429138,0.0013179422821849585,0.00149116525426507,0.0004445267259143293,0.01735551655292511,0.27288082242012024,0.0008344342932105064,0.001185604021884501,0.009279140271246433,0.015548880212008953,0.00794460903853178,0.010525044053792953,0.008799375966191292,0.00026255729608237743,0.1690366566181183,0.26278144121170044,0.011280759237706661,0.0408099889755249,0.0035665736068040133,0.0005383290117606521,0.031206630170345306,0.005594427697360516,0.012942906469106674,0.15551351010799408,0.003175431629642844,0.005163362715393305,0.0007035171147435904,0.003999372012913227,0.03778071328997612,0.07195603847503662,3.4616921311680926e-06,5.0855705922003835e-06,1.0,1445.0
1.8850311107598827e-06,0.0027923020534217358,0.0070077357813715935,0.4119780957698822,0.3945121467113495,0.2659934163093567,0.00020277436124160886,1.3659276874022908e-06,2.4424482489848742e-06,0.006880674511194229,0.002165782731026411,0.08320587128400803,0.09350042045116425,0.006401839666068554,0.24208904802799225,0.2544197738170624,0.021004749462008476,0.12139246612787247,0.11515896767377853,0.05464399233460426,0.014027341268956661,0.11977257579565048,0.1873331218957901,0.0002599164145067334,0.010073222219944,0.48498690128326416,0.011851250194013119,0.002982768230140209,0.0049735382199287415,0.007472170516848564,0.010280352085828781,0.025123119354248047,0.005933957174420357,0.002491055289283395,0.23585106432437897,0.20225505530834198,0.0013171028112992644,0.009769763797521591,0.16946469247341156,0.0001295413530897349,0.039756890386343,0.022368937730789185,0.014380112290382385,0.015280560590326786,7.708868906775024e-06,9.716757631395012e-06,5.299718395690434e-05,0.004772202577441931,0.00023441370285581797,0.00016868124657776207,9.58642613113625e-06,5.93415188632207e-06,1.0,1446.0
1.5285118024621624e-06,0.4390476942062378,0.15506567060947418,0.0005347573314793408,0.001580194104462862,0.03168945014476776,0.0004606249858625233,7.502336529796594e-07,9.371347005071584e-07,0.38129258155822754,0.2077084630727768,0.2925301790237427,0.24650289118289948,0.15929043292999268,0.05473308265209198,0.031366851180791855,0.15812093019485474,0.034048281610012054,0.05295885354280472,0.6028313040733337,0.5527589321136475,0.0006810796330682933,0.003470522118732333,0.0003916816785931587,0.11342711746692657,0.6411875486373901,0.0006469560321420431,0.008802014403045177,0.053865984082221985,0.006034552119672298,0.0007479349733330309,0.0009061132441274822,0.005038030445575714,0.23390929400920868,0.030088717117905617,0.02534041367471218,0.02076571434736252,0.011504863388836384,0.003915061708539724,2.554831723955431e-07,0.002762605668976903,0.003922301810234785,0.0008067217422649264,0.0018204698571935296,0.8306825757026672,0.39382970333099365,0.03818786144256592,0.0034700308460742235,0.0008271874976344407,0.0001419636537320912,6.139414949757338e-07,1.8738325024969527e-06,1.0,1447.0
4.297902705729939e-06,0.00011359169002389535,5.53021309315227e-05,0.7732783555984497,0.8051333427429199,0.6937568187713623,6.012139419908635e-05,4.042153705086093e-06,1.4044875342733576e-06,0.01951546221971512,0.005018549505621195,0.021723264828324318,0.017029056325554848,0.014088786207139492,0.15699687600135803,0.1673526018857956,0.027127262204885483,0.3508090674877167,0.35931190848350525,0.1707392781972885,0.07323924452066422,0.028217900544404984,0.0830351710319519,6.529381062136963e-05,0.005782118998467922,0.36283358931541443,0.002080862643197179,0.01330217719078064,0.006296181585639715,0.001724471221677959,0.014754085801541805,0.03488944098353386,0.008234028704464436,0.00031800506985746324,0.010589951649308205,0.016764843836426735,0.0022916472516953945,0.004037993494421244,0.4306224584579468,0.0016152742318809032,0.17144033312797546,0.036657560616731644,0.08078279346227646,0.03203662484884262,1.7228874185093446e-06,1.7571462649357272e-06,3.9214108255691826e-05,0.0025917720049619675,0.000227207739953883,0.000159116301801987,2.4644280074426206e-06,2.025220510404324e-06,1.0,1448.0
1.3765068160864757e-06,0.10590362548828125,0.18187063932418823,0.010471280664205551,0.04150950536131859,0.02817687764763832,0.0017462613759562373,1.962920805453905e-06,2.9162714554331615e-07,0.62579345703125,0.6149535775184631,0.5192306041717529,0.5172988772392273,0.06400976330041885,0.04669247567653656,0.07989035546779633,0.11428286880254745,0.017875606194138527,0.01604590378701687,0.520585298538208,0.5214710235595703,0.0011829800205305219,0.00031718265381641686,0.0020696367137134075,0.002538493601605296,0.17070172727108002,0.0044605545699596405,0.0003704385308083147,0.00578395277261734,0.022997591644525528,0.001964691560715437,0.0015296872006729245,0.05909072607755661,0.00022824037296231836,0.7155801057815552,0.7497512102127075,0.0038216724060475826,0.009647137485444546,0.048876307904720306,0.0006502254400402308,0.001455202349461615,0.001661857240833342,0.0013091507134959102,0.0668264776468277,0.5713329315185547,0.6952269077301025,0.005120113492012024,0.006432632450014353,0.258255273103714,0.3829944133758545,4.481086307350779e-06,8.087594324024394e-06,1.0,1449.0
7.976800588949118e-07,0.0339772067964077,0.07110761106014252,0.06140897423028946,0.11684751510620117,0.03446846082806587,5.423269158200128e-06,3.7676201714020863e-07,7.139764193198062e-07,0.01933855377137661,0.009537450969219208,0.4710732102394104,0.4415120482444763,0.008352222852408886,0.2955175042152405,0.31098321080207825,0.013569965027272701,0.012681516818702221,0.012391478754580021,0.024793054908514023,0.024808377027511597,0.05406161770224571,0.10051701217889786,3.279808515799232e-05,0.000525963434483856,0.017969118431210518,0.006582436617463827,0.00039341035881079733,0.014333728700876236,0.021619407460093498,7.588867561025836e-07,1.5441537470906042e-06,0.2403586506843567,0.0008228578371927142,0.003616188419982791,0.0039770896546542645,0.0005779878702014685,0.0016564643010497093,0.9838865995407104,0.1082986369729042,0.04556412994861603,0.06685104221105576,0.019514426589012146,0.10067544132471085,5.806198259961093e-07,1.083897359421826e-06,2.996947330302646e-07,4.240236376062967e-05,0.0030513752717524767,0.003102055285125971,4.98640793011873e-06,3.10654911572783e-07,1.0,1450.0
1.0826813650055556e-06,0.18627750873565674,0.134779155254364,0.0031829087529331446,0.02512718364596367,0.02979159727692604,1.3764984032604843e-05,5.952443302703614e-07,4.200963701350702e-07,0.03332578018307686,0.012570942752063274,0.16972525417804718,0.15092776715755463,0.22397607564926147,0.013795246370136738,0.014194801449775696,0.24810393154621124,0.04329129680991173,0.0497693307697773,0.18539413809776306,0.08586490899324417,0.019284551963210106,0.03395035117864609,2.124673846992664e-05,0.06295787543058395,0.20175570249557495,0.00011941340198973194,0.014630964957177639,0.00041022623190656304,0.0009961113100871444,0.0008703292696736753,0.000814514874946326,0.012069420889019966,0.0008393802563659847,0.001382618211209774,0.0011492379708215594,0.0006865265895612538,0.001332499086856842,0.8960027694702148,0.00287974183447659,0.2250501662492752,0.1489495486021042,0.04186612367630005,0.010504266247153282,1.3263006337638217e-07,6.470910562939025e-08,0.00011059819371439517,4.285199975129217e-05,3.6204779462423176e-05,6.128489621914923e-05,5.083903715785709e-07,4.49886840669933e-07,1.0,1451.0
1.5839744946788414e-06,0.006077634170651436,0.19553326070308685,0.07714000344276428,0.18762142956256866,0.022832360118627548,1.3288432455738075e-05,1.5713364120983897e-07,5.010777385905385e-06,0.22688104212284088,0.5062451362609863,0.07445546239614487,0.5754991173744202,0.036270372569561005,0.08369237184524536,0.2555170953273773,0.21250784397125244,0.17887631058692932,0.01201518252491951,0.7072982788085938,0.14764872193336487,0.00445152260363102,0.0008603196474723518,8.853926556184888e-05,9.450568904867396e-05,0.00042887902236543596,0.0013108798302710056,6.0720603869413026e-06,0.274907648563385,0.022524122148752213,3.278548683738336e-05,0.0001307892525801435,0.005657989997416735,0.37264731526374817,0.00048050397890619934,0.0011157547123730183,0.048161789774894714,0.07850441336631775,0.15120981633663177,1.4476698197540827e-05,0.01806146837770939,0.005750446114689112,0.08625971525907516,0.05226755887269974,0.004025312606245279,0.00763523718342185,5.2620802307501435e-05,0.1724974811077118,0.0029967629816383123,0.0014044524868950248,1.8961440218845382e-05,7.093281624293013e-07,1.0,1452.0
2.817342874550377e-06,0.3492826223373413,0.10928986966609955,0.08300749212503433,0.0008761323406361043,0.006180564872920513,0.0005165341426618397,1.1451238606241532e-06,1.1705359383995528e-06,0.1589798480272293,0.017165184020996094,0.079935222864151,0.08814753592014313,0.2704802453517914,0.01244495902210474,0.02643129788339138,0.26945382356643677,0.09530933946371078,0.101319320499897,0.46292543411254883,0.08758579194545746,0.005833229050040245,0.012681899592280388,0.0038958548102527857,0.12019465863704681,0.12499620765447617,2.1259225832181983e-05,0.0012235414469614625,0.011195427738130093,0.0023835385218262672,0.003245692001655698,0.005645992234349251,0.0100295040756464,0.0011208228534087539,0.2803458273410797,0.40763258934020996,0.010279381647706032,0.013983119279146194,0.0023750667460262775,2.7026662792195566e-05,0.005814725533127785,0.006792678032070398,0.0010079540079459548,0.019849499687552452,0.09703894704580307,0.11920418590307236,0.012190055102109909,0.39196330308914185,0.07118869572877884,0.06073442101478577,1.661004375819175e-06,7.789592018525582e-06,1.0,1453.0
2.70087775788852e-06,0.02207980304956436,0.006318039260804653,0.38376981019973755,0.052400194108486176,0.10831420868635178,0.00011763528891606256,1.0699330914576421e-06,1.4501021041724016e-06,0.04354315623641014,0.015569645911455154,0.1707533448934555,0.19690828025341034,0.010290175676345825,0.16937586665153503,0.17839844524860382,0.03227229416370392,0.039284829050302505,0.037307530641555786,0.2819680869579315,0.055193815380334854,0.017039213329553604,0.025495929643511772,0.00024445203598588705,0.0037548355758190155,0.14178594946861267,0.00015992658154573292,0.001784099149517715,0.0014655819395557046,0.0024274983443319798,0.018912730738520622,0.02783786691725254,0.0012816657545045018,0.00741574028506875,0.05309172719717026,0.05118097737431526,0.012040908448398113,0.05494968220591545,0.0036380982492119074,1.9708797481143847e-05,0.11033038049936295,0.035204529762268066,0.0122680040076375,0.027534887194633484,7.717614062130451e-05,0.00010601155372569337,0.0008827602141536772,0.016130750998854637,0.00220842519775033,0.003584438469260931,1.8420882952341344e-06,5.42086445420864e-06,1.0,1454.0
2.1318780909496127e-06,0.0388103686273098,0.23456497490406036,0.002817118540406227,0.1046842634677887,0.0021690328139811754,0.0010130733717232943,2.666198952283594e-06,6.156670906420914e-07,0.3203308582305908,0.38766196370124817,0.5299547910690308,0.5031859874725342,0.03985403850674629,0.0782078355550766,0.1268613189458847,0.08377839624881744,0.021085768938064575,0.014271136373281479,0.3140045404434204,0.45674511790275574,0.005882744677364826,0.0007668206235393882,0.0063830590806901455,0.00013514010061044246,0.042607489973306656,0.01767054758965969,0.00016682720161043108,0.0053925844840705395,0.0035859851632267237,0.005554532166570425,0.00713241146877408,0.004206040408462286,8.0207857536152e-05,0.5619070529937744,0.7533707618713379,0.03681628406047821,0.044788505882024765,0.0011821080697700381,0.000895099132321775,0.026232082396745682,0.0130948880687356,0.001699931570328772,0.0333087220788002,0.37208446860313416,0.4132499396800995,0.034758638590574265,0.3444804847240448,0.04872272163629532,0.08403495699167252,5.263104867481161e-06,6.787124220863916e-06,1.0,1455.0
1.1286398148513399e-05,0.163833886384964,0.08541040122509003,0.006324574816972017,0.05389217287302017,0.07152892649173737,4.151107350480743e-05,3.219386144337477e-06,3.846043000521604e-06,0.06438828259706497,0.03274906799197197,0.01129736565053463,0.007843129336833954,0.00023313830024562776,0.7334855198860168,0.8561816215515137,0.004748279228806496,0.4868006408214569,0.4933801591396332,0.2825668752193451,0.31359001994132996,0.007809464354068041,0.017933284863829613,0.00012116084690205753,0.0002757674374151975,0.03558913245797157,0.005635981447994709,0.014645346440374851,0.03126504644751549,0.00045603630132973194,0.0006785137229599059,0.0009932875400409102,0.008435869589447975,0.002197056310251355,0.00038245992618612945,0.0026223352178931236,0.0671994760632515,0.002124312100932002,0.7880434989929199,0.0018634542357176542,0.20818598568439484,0.014009683392941952,0.04046206921339035,0.016570907086133957,3.7806923501193523e-05,5.4931238082644995e-06,0.0004993479233235121,0.000624456035438925,1.1523880857566837e-05,3.817659944616025e-06,2.2629187697020825e-06,1.4360563227455714e-06,1.0,1456.0
1.446546349370692e-07,9.633629815652966e-05,0.0001792031980585307,0.47220882773399353,0.9231794476509094,0.7350916266441345,2.0186713300063275e-05,5.211109623814991e-07,4.379999722914363e-07,0.006573023274540901,0.0029937196522951126,0.3825833797454834,0.36380523443222046,0.14373284578323364,0.03800218179821968,0.028676168993115425,0.1504049450159073,0.021177221089601517,0.02136571705341339,0.019271492958068848,0.014603560790419579,0.11952203512191772,0.24731037020683289,6.53504321235232e-05,0.017397455871105194,0.10251709818840027,0.0004787739599123597,0.004164835903793573,0.00016882670752238482,0.0020260184537619352,0.000560571497771889,0.0003914762055501342,0.012353599071502686,0.003662462579086423,0.007753504440188408,0.004591829143464565,0.00035026358091272414,0.0021890616044402122,0.893250048160553,0.0010870522819459438,0.06481509655714035,0.0776623785495758,0.005944050382822752,0.004985065199434757,1.960494557806669e-07,1.3117241337567975e-07,0.0001020224008243531,6.236455374164507e-05,3.1582374504068866e-05,4.1056788177229464e-05,2.3020756998448633e-06,2.348513845618072e-07,1.0,1457.0
1.391865566802153e-06,0.018592454493045807,0.026783905923366547,0.01871519908308983,0.48297643661499023,0.1946297585964203,0.0001513058814452961,7.823404075679719e-07,2.149319925592863e-06,0.4514436721801758,0.7185350656509399,0.08838514238595963,0.33748018741607666,0.0014564687153324485,0.3484289348125458,0.6739914417266846,0.02769959159195423,0.12722516059875488,0.027695586904883385,0.6206644177436829,0.17488694190979004,0.0013694989029318094,0.0003188961127307266,0.0015590110560879111,2.935952352345339e-06,0.0002512988867238164,0.014137610793113708,2.785749757094891e-06,0.00895359180867672,0.0007611786131747067,0.011891047470271587,0.014293626882135868,0.005304619204252958,0.005262003745883703,0.0646607056260109,0.05485260486602783,0.04132081940770149,0.030893979594111443,0.01092760730534792,2.4383039999520406e-05,0.004548456985503435,0.0022712540812790394,0.006132675334811211,0.031859543174505234,0.7203286290168762,0.6904417276382446,0.04409131780266762,0.2205936461687088,0.020855925977230072,0.013987833634018898,3.079101225011982e-05,3.6555986753228353e-06,1.0,1458.0
6.657264179921185e-07,0.002023214241489768,0.0015974818961694837,0.20089222490787506,0.47092583775520325,0.16891762614250183,0.0012043605092912912,3.5770419799519004e-06,1.44092643949989e-06,0.04545598104596138,0.02842162549495697,0.32615911960601807,0.2344028204679489,0.4894932508468628,0.025741560384631157,0.002913770033046603,0.324567049741745,0.03286094218492508,0.047705888748168945,0.1728963553905487,0.16084346175193787,0.028560345992445946,0.03139404207468033,0.008575470186769962,0.006998613942414522,0.2829577326774597,0.0006725508719682693,0.00027423520805314183,0.0047863139770925045,0.14738398790359497,0.052861712872982025,0.0489288866519928,0.005085443612188101,3.466360112724942e-06,0.8857083916664124,0.8935123085975647,0.0021960269659757614,0.018484316766262054,0.007626242935657501,0.020507585257291794,0.003032949287444353,0.0027603430207818747,0.0009489566436968744,0.014732892625033855,0.032613202929496765,0.10029624402523041,0.05117963254451752,0.42586538195610046,0.1141640767455101,0.4231525957584381,1.5791776604601182e-05,6.180923264764715e-06,1.0,1459.0
1.1734016425180016e-06,1.6472597053507343e-05,2.0393637896631844e-05,0.8516790270805359,0.9833534955978394,0.9524281024932861,6.298587777564535e-06,6.403786869668693e-07,4.344312401372008e-06,0.0016832099063321948,0.0009518367005512118,0.127106711268425,0.09998548775911331,0.02008545957505703,0.35793450474739075,0.3026103675365448,0.00434783985838294,0.08101193606853485,0.0847477838397026,0.00458341371268034,0.0040314034558832645,0.29456716775894165,0.40461423993110657,2.014799974858761e-05,0.0003364926378708333,0.00866957288235426,0.0014922035625204444,0.0012307956349104643,0.022252952679991722,0.004621974192559719,4.087707930011675e-05,0.00013392309483606368,0.0066331797279417515,0.000760001945309341,0.00034708346356637776,0.0006319445092231035,0.0048744832165539265,0.005826499313116074,0.8533081412315369,0.04041334614157677,0.1328970044851303,0.025950374081730843,0.11580230295658112,0.049243371933698654,2.748520046225167e-06,3.0545113531843526e-06,4.907107268081745e-06,0.0017898380756378174,0.0001347728248219937,0.00010300197754986584,9.622082870919257e-06,1.8530515433212713e-07,1.0,1460.0
5.518539296645031e-07,0.07936675101518631,0.1786162257194519,0.12390639632940292,0.035238951444625854,0.0016617384972050786,0.00105417356826365,2.8199153803143417e-06,1.8205268759174942e-07,0.21495896577835083,0.22531218826770782,0.11466651409864426,0.10010603815317154,0.7448992729187012,0.004858858417719603,0.005343945696949959,0.7385558485984802,0.08857212215662003,0.1262856423854828,0.4523313343524933,0.41174715757369995,0.008101899176836014,0.002793178427964449,0.0065504941157996655,0.026243677362799644,0.47771814465522766,0.006088335998356342,0.00012808290193788707,0.005611571948975325,0.14077018201351166,0.016525927931070328,0.010437446646392345,0.03966033086180687,9.810276969801635e-05,0.8426886796951294,0.7337504625320435,0.0016551266890019178,0.01596963033080101,0.0024210840929299593,0.0004153713525738567,0.0006120247417129576,0.0016694788355380297,0.00034433871041983366,0.034783050417900085,0.07982110977172852,0.27932265400886536,0.061673570424318314,0.09595455974340439,0.03483842685818672,0.19317595660686493,7.81354810897028e-06,5.868928838026477e-06,1.0,1461.0
6.258587745833211e-07,0.017837129533290863,0.013240041211247444,0.016757825389504433,0.20034515857696533,0.1174142137169838,5.132955720910104e-06,1.8831700288046704e-07,1.2514900049609423e-07,0.03191954270005226,0.024785902351140976,0.26877716183662415,0.26470091938972473,0.6665710210800171,0.0016007438534870744,0.00213996903039515,0.6529399156570435,0.030113885179162025,0.02146998420357704,0.18430516123771667,0.04032071679830551,0.029354387894272804,0.01116523239761591,2.3135551600717008e-05,0.0016594106564298272,0.0015512501122429967,1.7830421711551026e-05,0.00031308381585404277,0.0006957259029150009,0.0007382815820164979,0.0090784328058362,0.008659477345645428,0.0007691393839195371,0.0011054596398025751,0.00010140001541003585,9.91134875221178e-05,0.013799270614981651,0.026334479451179504,0.05140688270330429,0.0005232496769167483,0.009868461638689041,0.0018930474761873484,0.09181185066699982,0.03426232933998108,0.00012193158181617036,0.00010925876267720014,0.0036435488145798445,0.0024119203444570303,0.00015847475151531398,0.00018671453290153295,1.486399696659646e-06,4.3125299953317153e-07,1.0,1462.0
3.359795073265559e-06,0.004701550118625164,0.002222753129899502,0.2589559853076935,0.39690133929252625,0.4539031386375427,3.532679329509847e-05,9.90011699286697e-07,1.7258425941690803e-06,0.009942496195435524,0.009028948843479156,0.0217154361307621,0.027842944487929344,0.020160602405667305,0.1442534178495407,0.15383271872997284,0.03549623861908913,0.3412843644618988,0.27862349152565,0.07187246531248093,0.031072447076439857,0.07412538677453995,0.06878997385501862,5.341904397937469e-05,0.012288429774343967,0.43349936604499817,0.0030312095768749714,0.013175761327147484,0.04076483100652695,0.0049623772501945496,0.00013691512867808342,0.00033674552105367184,0.09296823292970657,0.007375067099928856,0.002651223447173834,0.008493278175592422,0.0007789299124851823,0.0009238903294317424,0.9653087854385376,0.00069044268457219,0.10070779174566269,0.059946347028017044,0.03148851916193962,0.020238488912582397,4.1923706817215134e-07,3.2388479098699463e-07,2.8415822725946782e-06,0.00030800519743934274,9.632518049329519e-05,5.473554483614862e-05,3.4226056868646992e-06,8.158422701853851e-07,1.0,1463.0
1.010035816761956e-06,0.9083883166313171,0.9042242169380188,7.804843335179612e-06,0.00039163086330518126,0.00040421512676402926,1.0480253877176438e-05,2.8067847779311705e-07,9.545526324927778e-08,0.532744824886322,0.3747841715812683,0.33311375975608826,0.31763535737991333,0.014616687782108784,0.046966101974248886,0.2254701554775238,0.11682788282632828,0.022152839228510857,0.030899332836270332,0.6524251699447632,0.6146799325942993,0.0011150641366839409,0.0006731998873874545,4.2109171772608534e-05,0.02993558533489704,0.006194146350026131,1.1249090675846674e-05,0.00036232214188203216,0.00036491453647613525,0.0049985479563474655,0.0037953336723148823,0.0028652267064899206,0.0028922520577907562,0.034013472497463226,0.0014607086777687073,0.000679167453199625,0.0011022906983271241,0.01513692643493414,0.7176718711853027,6.69914879836142e-05,0.07150525599718094,0.011802544817328453,0.1393284797668457,0.08050670474767685,3.1559832223138073e-06,2.4233763724623714e-06,0.0002894336066674441,0.00020110730838496238,0.00012217738549225032,0.0003610988496802747,7.927922069939086e-07,5.060616672381002e-07,1.0,1464.0
5.258875262370566e-06,0.09253640472888947,0.04731782153248787,0.006354109849780798,0.08200781792402267,0.09019111096858978,4.921734580420889e-05,4.6193684966056026e-07,9.114780823438196e-07,0.02931872196495533,0.03154207020998001,0.003150251228362322,0.0038516258355230093,0.00048058692482300103,0.8104778528213501,0.8088945150375366,0.0008800819632597268,0.6802304983139038,0.6974124908447266,0.46819955110549927,0.25134381651878357,0.02388104237616062,0.01170858833938837,0.00013229755859356374,0.012288516387343407,0.06840935349464417,0.00010504131205379963,0.014651305973529816,0.011111252009868622,0.0035237984266132116,9.359691466670483e-05,0.0001182106789201498,0.016412589699029922,0.017308387905359268,0.004215143155306578,0.00543236592784524,0.008904942311346531,0.013920373283326626,0.5929981470108032,0.00016774711548350751,0.06620482355356216,0.041335102170705795,0.01068637054413557,0.01074258890002966,2.0371073333080858e-05,1.225066080223769e-05,5.763351509813219e-05,0.00030850715120323,3.159659536322579e-05,2.8178961656522006e-05,1.5738017964395112e-06,7.039853358037362e-07,1.0,1465.0
1.0842850315384567e-06,0.005455379839986563,0.001872807857580483,0.08990313857793808,0.4445492923259735,0.2059558629989624,0.0002382375969318673,2.4497426238667686e-06,1.552600394916226e-07,0.0604497492313385,0.010101348161697388,0.3621881306171417,0.36832395195961,0.895663321018219,0.0006256739725358784,0.0015714698238298297,0.8918826580047607,0.014877011999487877,0.016221746802330017,0.08802999556064606,0.03823176771402359,0.02339770644903183,0.04029563441872597,0.0005284277140162885,0.048174209892749786,0.465391606092453,0.002313167555257678,0.003510258626192808,0.0050537060014903545,0.032283950597047806,0.0015914258547127247,0.0012874723179265857,0.015136022120714188,0.007898539304733276,0.018020644783973694,0.011598248034715652,0.004954180214554071,0.09922108054161072,0.006472271401435137,2.157353810616769e-05,0.003726949216797948,0.001209795824252069,0.004819272551685572,0.12222360819578171,0.15819907188415527,0.5240408778190613,0.0025461488403379917,0.012534593231976032,0.0009534513228572905,0.003929755184799433,5.03807086715824e-07,3.621178393586888e-06,1.0,1466.0
1.2688452670772676e-06,0.0005445473943836987,0.001582629862241447,0.13607677817344666,0.6716082096099854,0.4819180369377136,0.0007614361820742488,3.7133536352484953e-06,5.1426868594717234e-06,0.03277892246842384,0.026824623346328735,0.6662060022354126,0.6811237335205078,0.042694613337516785,0.10979525744915009,0.11616923660039902,0.052449118345975876,0.012378922663629055,0.008077075704932213,0.08900578320026398,0.05491362512111664,0.06939027458429337,0.0696168765425682,0.003137572668492794,0.3138221204280853,0.41565078496932983,0.00010760987788671628,0.0006786190788261592,0.005198728758841753,0.0027878948021680117,0.7122820615768433,0.7706841826438904,0.005231915973126888,0.011498266831040382,0.3297082483768463,0.3027527630329132,0.0069097052328288555,0.010516388341784477,0.0018409237964078784,2.2051715404813876e-06,0.007069231942296028,0.012958511710166931,0.001919943606480956,0.030699612572789192,0.004999762400984764,0.0036386616993695498,0.06151118502020836,0.20257797837257385,0.024312395602464676,0.026044590398669243,1.6235895600402728e-05,3.5439628845779225e-05,1.0,1467.0
5.366113100535586e-07,0.09336800128221512,0.12028858065605164,0.007721861824393272,0.04026095196604729,0.025117982178926468,6.00308248976944e-06,1.9688323504851724e-07,3.086745152813819e-07,0.06326751410961151,0.06949806213378906,0.1428007185459137,0.14225280284881592,0.011952345259487629,0.217759370803833,0.227420374751091,0.014832618646323681,0.07001238316297531,0.06285964697599411,0.18637916445732117,0.1595839112997055,0.017013132572174072,0.01098075695335865,5.372654050006531e-05,0.0009918799623847008,0.01035356242209673,0.000769147474784404,0.0003822642320301384,0.006114902440458536,0.004147302825003862,5.673939540429274e-06,8.55686539580347e-06,0.08213060349225998,0.002356761833652854,0.002577039413154125,0.003198403399437666,0.0007814780692569911,0.0008769478881731629,0.9731085300445557,0.006039052736014128,0.011696966364979744,0.01841624267399311,0.005461136344820261,0.03292940557003021,1.6203098311962094e-06,1.1486906714708311e-06,7.2254520091519225e-06,8.681936742505059e-05,0.00020659160509239882,0.000246104464167729,4.380105565360282e-06,2.457255448007345e-07,1.0,1468.0
7.089832365636539e-07,0.002988202730193734,0.013651954010128975,0.016626544296741486,0.390519380569458,0.11023610830307007,0.0004120976373087615,3.4665617931750603e-06,1.4411353959076223e-06,0.08498992770910263,0.054934803396463394,0.3774890899658203,0.36855825781822205,0.01580069586634636,0.195241317152977,0.1991131454706192,0.02736314758658409,0.028783148154616356,0.030113156884908676,0.15268750488758087,0.09331590682268143,0.02054642327129841,0.02667800709605217,0.004095622804015875,0.005343971308320761,0.03919023275375366,0.0002242486661998555,7.681094575673342e-05,0.004510894883424044,0.0014983195578679442,0.37477919459342957,0.49095451831817627,0.07202727347612381,0.0009242926607839763,0.528497040271759,0.5650516748428345,0.001802834216505289,0.0020526661537587643,0.11485407501459122,6.230985309230164e-05,0.0021485104225575924,0.0009180409833788872,0.0019712357316166162,0.12715531885623932,0.0030881105922162533,0.0029210338834673166,0.02626882679760456,0.04951707646250725,0.5690265893936157,0.49500080943107605,3.6251251003704965e-05,1.2226220860611647e-05,1.0,1469.0
1.5326207858379348e-06,0.02604800835251808,0.0027207755483686924,0.060142066329717636,0.16077694296836853,0.3885898292064667,0.001607935642823577,1.3462674814945785e-06,7.941619060147787e-07,0.4776005744934082,0.5416998863220215,0.21087248623371124,0.22933508455753326,0.05907232686877251,0.10412143915891647,0.09010493755340576,0.04560178145766258,0.07661107927560806,0.08712396770715714,0.6792765259742737,0.5096194744110107,0.002101734047755599,0.0006946264766156673,0.002429255051538348,0.05381639301776886,0.6438566446304321,0.000985394581221044,0.0003576183516997844,0.031237777322530746,0.07018030434846878,0.19185693562030792,0.304202139377594,0.006130199413746595,0.0048952423967421055,0.8062462210655212,0.795566976070404,0.0033584849443286657,0.029553791508078575,0.0037325022276490927,3.5427121929387795e-06,0.004257394000887871,0.005936796311289072,0.0013402457116171718,0.015263357199728489,0.013865511864423752,0.02855358086526394,0.008990422822535038,0.19717548787593842,0.011417197994887829,0.01895267516374588,1.4123103028396145e-05,1.3774804756394587e-05,1.0,1470.0
1.2562941265059635e-06,2.7075755497207865e-05,1.2730309208563995e-05,0.9090664982795715,0.9255971312522888,0.8967257142066956,0.0006092599360272288,2.5235895009245723e-06,1.1884480954904575e-05,0.0027160081081092358,0.002948676934465766,0.13789449632167816,0.10532045364379883,0.08454244583845139,0.3754410147666931,0.0905483290553093,0.004866708070039749,0.08047884702682495,0.09731892496347427,0.01686200313270092,0.008106004446744919,0.32356610894203186,0.1689075529575348,0.0033943820744752884,0.004597929771989584,0.426613450050354,0.004770995583385229,0.0018720539519563317,0.012746981345117092,0.01581522822380066,0.02381795458495617,0.037485603243112564,0.02469278685748577,0.0030140094459056854,0.4776529371738434,0.6296483278274536,0.0060604712925851345,0.022062718868255615,0.032554078847169876,4.688639455707744e-05,0.005081098061054945,0.0026000328361988068,0.000637765449937433,0.01256969477981329,0.01980414427816868,0.04047567397356033,0.0192547794431448,0.404906690120697,0.004411377944052219,0.008329236879944801,2.1868321709916927e-05,2.3499480903410586e-06,1.0,1471.0
1.3196192867326317e-06,0.003023614641278982,0.0028503434732556343,0.3155062794685364,0.4869898557662964,0.3781389594078064,0.0001605913130333647,1.13542932922428e-06,2.673962626431603e-06,0.007395827677100897,0.0023628619965165854,0.009288144297897816,0.00736442394554615,0.016608450561761856,0.25365889072418213,0.25318318605422974,0.007137464825063944,0.5786013603210449,0.5578018426895142,0.07405859231948853,0.02474723383784294,0.09896332770586014,0.18201179802417755,0.00019654250354506075,0.004340374376624823,0.8362984657287598,0.03291395679116249,0.0034495345316827297,0.10054527968168259,0.011548859998583794,0.0007730599609203637,0.0011207668576389551,0.04574553295969963,0.0202118381857872,0.06193704158067703,0.16447709500789642,0.0016177246579900384,0.0009236562182195485,0.8145854473114014,9.372123167850077e-05,0.009395545348525047,0.021445799618959427,0.0025198000948876143,0.009042542427778244,7.129678579076426e-06,2.9346731480472954e-06,7.739679131191224e-05,0.000345941458363086,0.00030184982460923493,8.95637203939259e-05,1.663813236518763e-05,1.2741588761855382e-06,1.0,1472.0
7.735954454801686e-07,0.5378340482711792,0.506983757019043,3.924437623936683e-05,0.001320642651990056,0.0006081623141653836,9.857178156380542e-06,7.259402678982951e-08,8.022639974569756e-08,0.21198388934135437,0.1984279602766037,0.1320788860321045,0.14555712044239044,0.09489453583955765,0.05984481796622276,0.0783814862370491,0.10715439915657043,0.10639303177595139,0.09050804376602173,0.5388908982276917,0.5174508094787598,0.004188911989331245,0.0014682254986837506,3.0911254725651816e-05,0.0010744249448180199,0.01088705100119114,0.00020972563652321696,0.00179015239700675,0.0022037941962480545,0.00838601402938366,0.0003973632410634309,0.00035508538712747395,0.0008668320951983333,5.368802885641344e-05,0.0002826644922606647,0.00024386680161114782,0.009255918674170971,0.016912883147597313,0.027700183913111687,0.042405180633068085,0.026500072330236435,0.10544662177562714,0.028806664049625397,0.007642289623618126,4.3847623601322994e-05,4.334019104135223e-05,0.0006245736149139702,0.00041573919588699937,3.599969204515219e-05,0.00015860068378970027,2.8711792765534483e-07,1.4582241192329093e-07,1.0,1473.0
1.5858350934649934e-06,0.14041204750537872,0.22151222825050354,0.02275337278842926,0.027216248214244843,0.01027332991361618,2.320772000530269e-05,6.892519195389468e-07,4.2009034473267093e-07,0.04750543460249901,0.0754418671131134,0.014390855096280575,0.0240689218044281,0.0021594883874058723,0.31349366903305054,0.45345792174339294,0.01870143599808216,0.4211985766887665,0.3335130512714386,0.45061948895454407,0.2113523632287979,0.013182527385652065,0.007919813506305218,6.300643144641072e-05,0.0020542137790471315,0.03497619554400444,0.0005547475884668529,0.010914396494626999,0.0017348856199532747,0.002271258505061269,0.00033688568510115147,0.00024265424872282892,0.01000172272324562,0.002001777058467269,0.0011304545914754272,0.0016208753222599626,0.0038529911544173956,0.0024941074661910534,0.9464709758758545,0.0022037019953131676,0.19101758301258087,0.02622588537633419,0.020482053980231285,0.005487178917974234,3.0704607070219936e-06,1.0876395890591084e-06,0.0001417538442183286,7.28528102627024e-05,2.3763361696182983e-06,1.3173296338209184e-06,8.867919518706913e-07,4.232301478168665e-07,1.0,1474.0
5.220366574576474e-07,0.00010028944961959496,1.4181082406139467e-05,0.8855233192443848,0.798409640789032,0.8572586178779602,6.822076829848811e-05,1.3070107343082782e-06,1.6016664403650793e-06,0.04469500482082367,0.036801084876060486,0.27859780192375183,0.34216758608818054,0.07348412275314331,0.25393328070640564,0.09611856937408447,0.013738364912569523,0.04446292668581009,0.01867377758026123,0.28171244263648987,0.10019351541996002,0.02882535010576248,0.041514888405799866,0.00012070476077497005,0.07680705934762955,0.8295384645462036,0.0012817468959838152,0.004953120369464159,0.030457377433776855,0.012956706807017326,0.0005949164042249322,0.0013785790652036667,0.039831966161727905,0.013650008477270603,0.013067043386399746,0.024156849831342697,0.0009370261686854064,0.003003882011398673,0.7798644304275513,0.00018436730897519737,0.029402710497379303,0.03151877224445343,0.007158453110605478,0.0068924278020858765,2.663558234416996e-06,2.25290386879351e-06,1.831556983233895e-05,0.0009223243105225265,5.358654379961081e-05,2.9365455702645704e-05,6.773325367248617e-06,9.586503892933251e-07,1.0,1475.0
9.931058002621285e-07,0.2338443100452423,0.16903550922870636,0.00014689740783069283,0.009535023011267185,0.011093487963080406,6.896651029819623e-05,2.6171096578764264e-07,2.0917914866913634e-07,0.1709982305765152,0.10003993660211563,0.06636369973421097,0.06975315511226654,0.060464683920145035,0.06912975013256073,0.07118542492389679,0.05864245072007179,0.1470731645822525,0.14386239647865295,0.4458216726779938,0.31138303875923157,0.0037193684838712215,0.002542101312428713,0.00020380146452225745,0.06835358589887619,0.10050475597381592,9.58165583142545e-06,0.00824054703116417,0.0003918374131899327,0.0034485608339309692,0.022406648844480515,0.01605028659105301,0.0009261695668101311,0.00015046594489831477,0.011475026607513428,0.008293965831398964,0.011714674532413483,0.04378986358642578,0.0027384599670767784,0.0005821285303682089,0.04766765981912613,0.05339835211634636,0.005348182749003172,0.005672642961144447,0.00015699285722803324,0.00013311210204847157,0.007429937832057476,0.0027979800943285227,0.00015685339167248458,0.00025713976356200874,4.0939195855571597e-07,1.0519879651837982e-06,1.0,1476.0
6.635276577071636e-07,0.15165521204471588,0.13139010965824127,0.0009688691352494061,0.014233828522264957,0.010554502718150616,0.0003225788823328912,4.864622269451502e-07,1.8100461147696478e-06,0.028493870049715042,0.011845868080854416,0.23225459456443787,0.2357262372970581,0.5567637085914612,0.006252735387533903,0.001879518385976553,0.5539857745170593,0.042567819356918335,0.04008515179157257,0.2211643010377884,0.04182150959968567,0.03619939088821411,0.05516114830970764,0.005713111255317926,0.0018701170338317752,0.0054404824040830135,5.763005538028665e-05,7.291556539712474e-05,0.00331520545296371,0.003152841469272971,0.0006217571790330112,0.0005551961367018521,0.015164176002144814,0.0008937278180383146,0.41698887944221497,0.4943154752254486,0.01990206353366375,0.036772437393665314,0.01030790712684393,0.000213836960028857,0.001271300483494997,0.004947504960000515,0.0007833607960492373,0.03446109592914581,0.28027352690696716,0.30736175179481506,0.03949454799294472,0.07667334377765656,0.33956825733184814,0.44167813658714294,5.032989975006785e-06,3.1610311452823225e-06,1.0,1477.0
1.033236799230508e-06,0.0005973769584670663,0.000482543051475659,0.1129569336771965,0.7926364541053772,0.598656177520752,0.002083665458485484,8.86769157659728e-06,4.7915200411807746e-06,0.023386700078845024,0.011910835281014442,0.4856882691383362,0.47309762239456177,0.02257271111011505,0.23838600516319275,0.23939408361911774,0.020900201052427292,0.029352771118283272,0.023424413055181503,0.09113422781229019,0.019772924482822418,0.07691308110952377,0.10945873707532883,0.011087092570960522,0.06618279963731766,0.14018264412879944,0.00013695195957552642,0.00013168776058591902,0.01009906455874443,0.01415084209293127,0.4467332661151886,0.5114438533782959,0.12459749728441238,0.0011046595172956586,0.7676581144332886,0.7717458605766296,0.0025209542363882065,0.006496841087937355,0.11249841004610062,5.153687743586488e-05,0.0012349167373031378,0.0007405409123748541,0.0032359615433961153,0.12284629046916962,0.10163842886686325,0.1360553354024887,0.11007165163755417,0.43626049160957336,0.7520225048065186,0.6772888898849487,5.338196569937281e-05,2.3706528736511245e-05,1.0,1478.0
6.936244858479768e-07,0.00010201724217040464,0.00013163943367544562,0.7399035692214966,0.8642246127128601,0.8786169290542603,0.0014595268294215202,7.034811460471246e-06,8.766261089476757e-06,0.027640450745821,0.015476169064640999,0.3543722927570343,0.3539709150791168,0.009894050657749176,0.30789828300476074,0.32239264249801636,0.014719510450959206,0.031754184514284134,0.02667132019996643,0.10720526427030563,0.059814486652612686,0.06807871162891388,0.09267580509185791,0.007425894495099783,0.00402221642434597,0.20519377291202545,0.0019419073360040784,0.00014808945707045496,0.015566167421638966,0.005451497621834278,0.10778716206550598,0.1251116394996643,0.07468192279338837,0.002084864769130945,0.7825905680656433,0.8395074009895325,0.0055059147998690605,0.00499966973438859,0.03864046186208725,2.2920754418009892e-05,0.0019482410280033946,0.001400482258759439,0.0007777927676215768,0.03853224217891693,0.15747779607772827,0.13244320452213287,0.33257874846458435,0.33651116490364075,0.46384182572364807,0.47468504309654236,2.0433626559679396e-05,8.975164746516384e-06,1.0,1479.0
2.3695108666288434e-06,0.0011809245916083455,0.0004994617193005979,0.5769640207290649,0.5220264196395874,0.6781661510467529,0.0002576312981545925,7.45539864510647e-07,1.3129098306308151e-06,0.06627751141786575,0.018961085006594658,0.008304940536618233,0.009259763173758984,0.005443571601063013,0.4388311803340912,0.44700902700424194,0.004148127976804972,0.5274959802627563,0.5046604871749878,0.4603281617164612,0.09075397253036499,0.011881678365170956,0.02401837334036827,0.00020691567624453455,0.04301771521568298,0.5871661305427551,0.001474231481552124,0.023564878851175308,0.011863178573548794,0.004143171012401581,0.0219679307192564,0.026768231764435768,0.0029206727631390095,0.03327278047800064,0.040708027780056,0.06983219087123871,0.0038287988863885403,0.003538215532898903,0.2543620765209198,6.195801688591018e-06,0.051001422107219696,0.047952182590961456,0.007213758770376444,0.001117601408623159,7.583024398627458e-06,2.927137529695756e-06,0.000448700156994164,0.0011504254071041942,3.866659972118214e-05,6.652670435869368e-06,5.186754151509376e-06,1.285606685996754e-06,1.0,1480.0
1.7315334162049112e-06,0.010914566926658154,0.16294467449188232,0.026855086907744408,0.0827377438545227,0.006971221882849932,0.0008420884259976447,2.0129145923419856e-06,8.661618267069571e-07,0.2782236933708191,0.2531362473964691,0.22112227976322174,0.2173188030719757,0.004214839078485966,0.3722316324710846,0.3394291400909424,0.015231948345899582,0.05505165830254555,0.05732938274741173,0.3614962697029114,0.4897957146167755,0.0025953541044145823,0.002556237392127514,0.0043706633150577545,0.0008419203804805875,0.020575879141688347,0.0004207401943858713,0.0002540817658882588,0.008804123848676682,0.01673843152821064,0.02352072484791279,0.024864723905920982,0.0027135100681334734,0.00024064150056801736,0.5175272226333618,0.6444939374923706,0.032226867973804474,0.07063642889261246,0.0017332604620605707,0.00025385586195625365,0.014138828031718731,0.0026887080166488886,0.008246293291449547,0.09914077818393707,0.11427053809165955,0.1383713036775589,0.0212703850120306,0.04688716307282448,0.3485701084136963,0.4876973628997803,4.626409918273566e-06,7.401751645375043e-06,1.0,1481.0
1.8076844980896567e-06,0.08363984525203705,0.06656988710165024,0.008876184932887554,0.10474411398172379,0.06291370838880539,0.0018478877609595656,2.1719549749832368e-06,3.948875928472262e-06,0.052386946976184845,0.04262101277709007,0.07660935074090958,0.06718077510595322,0.05225503072142601,0.1434672623872757,0.0895669087767601,0.01940843276679516,0.13827726244926453,0.16291628777980804,0.44463086128234863,0.13013695180416107,0.027092568576335907,0.013043679296970367,0.0038762784097343683,0.07717078179121017,0.21311034262180328,9.684960969025269e-05,0.0001525795232737437,0.029300985857844353,0.15558457374572754,0.003344904165714979,0.003350689075887203,0.05065419152379036,5.527882603928447e-05,0.8329074382781982,0.90354323387146,0.0063158306293189526,0.00962267629802227,0.01909920945763588,0.002211041981354356,0.0006196871399879456,0.001685613882727921,0.0012935887789353728,0.052123334258794785,0.7887095808982849,0.8512405753135681,0.02927723526954651,0.02710622176527977,0.7662205100059509,0.88144850730896,2.2707907191943377e-05,1.5981153410393745e-05,1.0,1482.0
2.822963779181009e-06,0.014485414139926434,0.014945191331207752,0.000533280661329627,0.45619621872901917,0.30125659704208374,1.8941127564175986e-05,6.738750926160719e-07,4.953793677486829e-07,0.010881694965064526,0.007946940138936043,0.02674616500735283,0.02221948280930519,0.088304802775383,0.03570922464132309,0.027343906462192535,0.10300217568874359,0.31244394183158875,0.3311789929866791,0.2177528291940689,0.1013055145740509,0.0606783851981163,0.03638928756117821,5.077561945654452e-05,0.0008348941337317228,0.0034608091227710247,4.585971328197047e-05,0.0006732008187100291,0.0005133718950673938,0.0008991066715680063,0.1113365963101387,0.10054599493741989,0.0016740866703912616,0.001982578309252858,0.0006129584508016706,0.000563396024517715,0.01040992233902216,0.019323017448186874,0.1058376133441925,0.0002542630536481738,0.026708010584115982,0.002970481989905238,0.06949574500322342,0.05857272073626518,0.00011387997074052691,9.929645602824166e-05,0.007263534236699343,0.004169260151684284,0.00012866768520325422,0.00016017563757486641,2.6360091851529432e-06,1.1161835118400631e-06,1.0,1483.0
9.883758593787206e-07,2.4963374016806483e-05,4.645951048587449e-05,0.9083114266395569,0.9480966925621033,0.8116565346717834,3.093180566793308e-05,1.8141382724934374e-06,1.6507823374922737e-06,0.0021891260985285044,0.0011851777089759707,0.1484101265668869,0.1629248857498169,0.03736551105976105,0.19950714707374573,0.14038975536823273,0.012203648686408997,0.0694272369146347,0.049411457031965256,0.017853660508990288,0.005935343913733959,0.2701064348220825,0.2637970447540283,5.520954800886102e-05,0.00957295298576355,0.4871344566345215,0.002394367242231965,0.007053608540445566,0.0011407644487917423,0.0014393527526408434,0.015403869561851025,0.02366299368441105,0.016668258234858513,0.0007883672369644046,0.007180987391620874,0.009727897122502327,0.001163357519544661,0.002242659917101264,0.5728137493133545,0.0010945022804662585,0.026251398026943207,0.00958416610956192,0.03599783033132553,0.025232434272766113,4.094469204574125e-06,3.2766899948910577e-06,0.00013885732914786786,0.0019214281346648932,0.0005400339723564684,0.0004580803506541997,6.5171439018740784e-06,9.285994337915326e-07,1.0,1484.0
4.251945028954651e-06,0.00044936343329027295,0.00027540247538127005,0.885901689529419,0.5241319537162781,0.5655834674835205,0.0001548175496282056,3.021399606950581e-06,1.866318939391931e-06,0.004427826963365078,0.007604098413139582,0.014645786955952644,0.02719949558377266,0.011069842614233494,0.23082087934017181,0.22561481595039368,0.01874486729502678,0.35775086283683777,0.2869269847869873,0.10251861065626144,0.012666982598602772,0.16517747938632965,0.07089078426361084,0.00010471707355463877,0.006668816786259413,0.6477580070495605,0.015712600201368332,0.0027042764704674482,0.0023507478181272745,0.0016264012083411217,0.1357039213180542,0.2151244580745697,0.011239287443459034,0.002201984403654933,0.0370095930993557,0.030953194946050644,0.0020798754412680864,0.003095173742622137,0.25673428177833557,0.00021689552522730082,0.023160720244050026,0.01786036044359207,0.017224039882421494,0.011449412442743778,5.3724916142527945e-06,3.010134378200746e-06,0.0003372291976120323,0.0022294162772595882,0.00023100814723875374,0.00012025131582049653,3.143073263345286e-05,4.163133326073876e-06,1.0,1485.0
9.477582807448925e-07,0.00013965762627776712,0.00035894467146135867,0.5822014212608337,0.7116615176200867,0.5032925009727478,9.447150659980252e-06,6.615834422518674e-07,1.298297206631105e-06,0.01542733982205391,0.06601859629154205,0.26788586378097534,0.332103431224823,0.02801220491528511,0.30029746890068054,0.24774940311908722,0.006172544322907925,0.046049654483795166,0.014389272779226303,0.069255530834198,0.09014104306697845,0.0446011982858181,0.012110422365367413,2.4938770366134122e-05,0.0019173312466591597,0.025771066546440125,0.000519659195560962,0.005946410819888115,0.0016990593867376447,0.002143514109775424,0.00022515472664963454,0.00036662607453763485,0.004938746802508831,0.006821224000304937,0.00039852657937444746,0.0007297203410416842,0.003811995964497328,0.004163803067058325,0.7831387519836426,0.001515254727564752,0.3205013871192932,0.041161660104990005,0.07280722260475159,0.018911754712462425,1.6119714700835175e-06,1.3741301927439054e-06,2.5005665520438924e-05,0.0008437992655672133,2.0914436390739866e-05,2.0121020497754216e-05,2.6870791316468967e-06,2.0223281183007202e-07,1.0,1486.0
7.210841204141616e-07,0.0233589019626379,0.01676921360194683,0.0843236893415451,0.1360398381948471,0.11011365056037903,9.801816304388922e-06,2.2488288209387974e-07,1.0012710163209704e-06,0.022521181032061577,0.008749878965318203,0.4937101900577545,0.49254316091537476,0.19495759904384613,0.01999705098569393,0.01389259658753872,0.20632141828536987,0.010252062231302261,0.009590388275682926,0.06304728984832764,0.014829454012215137,0.049865350127220154,0.05838065594434738,1.701345172477886e-05,0.011706700548529625,0.020713966339826584,9.570523980073631e-05,0.00035524487611837685,0.006393886171281338,0.00040933952550403774,0.0005402789684012532,0.0013496946776285768,0.0016022779745981097,0.02696394920349121,0.0015655154129490256,0.001681431313045323,0.003516134573146701,0.004080400802195072,0.47273579239845276,7.846407970646396e-05,0.3002665042877197,0.09754139184951782,0.09532245248556137,0.036831267178058624,3.3805790167207306e-07,1.5313585777221306e-07,1.848731881182175e-05,0.00025522703072056174,0.00017291167750954628,8.309991972055286e-05,3.4237580166518455e-06,6.623365607083542e-07,1.0,1487.0
1.1062454632337904e-06,0.14590074121952057,0.6092345714569092,0.0002099885605275631,0.018677307292819023,0.0011747779790312052,6.263337127165869e-06,1.5005139175627846e-07,1.5579443868318776e-07,0.19141627848148346,0.15743334591388702,0.08661865442991257,0.07584785670042038,0.018230052664875984,0.14545175433158875,0.14849776029586792,0.028684644028544426,0.12208375334739685,0.14492662250995636,0.37975409626960754,0.5385793447494507,0.003261937526986003,0.0023912384640425444,1.2531118954939302e-05,0.003064814954996109,0.017899012193083763,0.00010105502587975934,0.0038003327790647745,0.0014057423686608672,0.008948198519647121,8.466729195788503e-05,9.829285409068689e-05,0.0017679594457149506,0.004645742475986481,0.00044650130439549685,0.000222947564907372,0.005015833303332329,0.0331844799220562,0.6250054836273193,0.0012202123180031776,0.26602989435195923,0.08430760353803635,0.1335110068321228,0.019480757415294647,2.004334646699135e-06,2.331418500034488e-06,2.743331242527347e-05,0.0001094810213544406,5.405072897701757e-06,1.4989884220995009e-05,3.173774416609376e-07,1.347469407164681e-07,1.0,1488.0
4.614181818851648e-07,0.03979198634624481,0.25479239225387573,9.647355182096362e-05,0.1583849936723709,0.016649872064590454,2.236534965049941e-05,1.7527251827686996e-07,1.0056081123366312e-07,0.01695973053574562,0.16203716397285461,0.010150768794119358,0.023819811642169952,0.3872600495815277,0.0025810750667005777,0.01323874481022358,0.4738502502441406,0.555069625377655,0.43261680006980896,0.3489724397659302,0.46358832716941833,0.042905498296022415,0.0031967666000127792,7.937847112771124e-05,0.016473913565278053,0.010982150211930275,2.143650272046216e-05,0.0008824831456877291,0.0006282988470047712,0.008451494388282299,0.0006884742178954184,0.00043229153379797935,0.013208506628870964,0.00035944857518188655,0.007913237437605858,0.005407036282122135,0.0029176154639571905,0.030274977907538414,0.3360323905944824,0.003414884442463517,0.01728357933461666,0.015029430389404297,0.018548516556620598,0.02325945347547531,1.68832757481141e-05,2.413644688203931e-05,0.0001428613904863596,0.00027672163560055196,8.095660450635478e-05,0.00029677822021767497,5.380841230362421e-07,4.483073041683383e-07,1.0,1489.0
5.570634016294207e-07,0.013167091645300388,0.011373793706297874,0.1341550201177597,0.16384495794773102,0.0609983466565609,9.306504944106564e-05,3.2301059604833426e-07,1.306441959059157e-07,0.5467244386672974,0.7277250289916992,0.8340386152267456,0.7956718802452087,0.10940388590097427,0.04932953789830208,0.05572735145688057,0.09704111516475677,0.0036305682733654976,0.0014344664523378015,0.427151620388031,0.18323545157909393,0.0013491992140188813,0.00013000440958421677,0.0006294265622273088,0.0004805177159141749,0.01242397166788578,9.957684233086184e-05,0.0004768662329297513,0.0008869758457876742,0.0025289696641266346,0.010253310203552246,0.012506183236837387,0.00422288803383708,0.00012360101391095668,0.015960125252604485,0.019885627552866936,0.005817604251205921,0.017541000619530678,0.0034097309689968824,0.0012141232145950198,0.0015751130413264036,0.0014937921660020947,0.0013247530441731215,0.018513787537813187,0.01429359894245863,0.03037393093109131,0.010723385028541088,0.0644393339753151,0.0582730658352375,0.1134391650557518,5.891511591471499e-06,1.6368209116990329e-06,1.0,1490.0
4.855450015384122e-07,0.0008630257798358798,0.0009894213872030377,0.33625030517578125,0.6118481159210205,0.3062349259853363,8.225153578678146e-05,3.0080829560574784e-07,3.892607480793231e-07,0.04387125372886658,0.030985061079263687,0.17392563819885254,0.13760849833488464,0.001675689360126853,0.8047502040863037,0.7932643890380859,0.000464938668301329,0.04576960951089859,0.056345533579587936,0.08401314914226532,0.08090803772211075,0.026497522369027138,0.013024227693676949,0.0012819409603253007,0.003229821566492319,0.06211424618959427,0.00020184516324661672,0.0013125445693731308,0.006466864608228207,0.03336133062839508,8.12014695839025e-06,1.305792284256313e-05,0.06336748600006104,0.0020684010814875364,0.0850047767162323,0.0645027607679367,0.006445322651416063,0.10017242282629013,0.029199080541729927,0.000499017012771219,0.0013103294186294079,0.004343826789408922,0.0002243201161036268,0.015576282516121864,0.011196150444447994,0.039640795439481735,0.0002872284676413983,0.009884470142424107,0.019449185580015182,0.04119919613003731,5.524482276086928e-06,5.865845196240116e-07,1.0,1491.0
2.484931883373065e-06,0.0008971880306489766,0.000614415796007961,0.14784182608127594,0.8200571537017822,0.7705554962158203,1.992696888919454e-05,1.8881761434386135e-06,3.489138862278196e-06,0.004979162476956844,0.0012950217351317406,0.011694389395415783,0.007134120911359787,0.013402264565229416,0.29267773032188416,0.287303626537323,0.005174862686544657,0.4885982573032379,0.4983043372631073,0.036740150302648544,0.033841993659734726,0.07918409258127213,0.2555237412452698,6.056193888070993e-05,0.0023713635746389627,0.009525323286652565,9.538535960018635e-05,0.001013223547488451,0.008729676716029644,0.0006394729716703296,0.02800186537206173,0.032299693673849106,0.0058333734050393105,0.011802171356976032,0.0010741024743765593,0.003662124974653125,0.008009728044271469,0.003011501394212246,0.5998928546905518,0.00010558238136582077,0.20876836776733398,0.006924648769199848,0.1040152832865715,0.06749110668897629,1.3784489055979066e-05,4.8427045840071514e-06,0.0017559226835146546,0.0014992173528298736,0.00028833525720983744,0.00014235921844374388,4.461999651539372e-06,5.821268018735282e-07,1.0,1492.0
5.682818482455332e-07,0.0003019045398104936,0.00011762518988689408,0.3865882158279419,0.6916115283966064,0.7244296669960022,7.427528908010572e-05,5.525079700419155e-07,3.868895248615445e-07,0.004581051412969828,0.004061417654156685,0.18925908207893372,0.21658536791801453,0.09706629067659378,0.07407160103321075,0.04065144807100296,0.04994996637105942,0.053705163300037384,0.04637983441352844,0.04701133817434311,0.01561654917895794,0.1236906424164772,0.08809337019920349,0.00017393013695254922,0.005530315916985273,0.30814653635025024,0.00025187028222717345,0.008426643908023834,0.0019727430772036314,0.004273755941540003,0.00036296225152909756,0.00035550573375076056,0.01469337847083807,0.0012805798323825002,0.014320706017315388,0.017460446804761887,0.005358915310353041,0.007909944280982018,0.03552801162004471,0.000770391256082803,0.003630575258284807,0.0061972555704414845,0.0018299233634024858,0.03827173262834549,0.0007964107790030539,0.0008990013157017529,0.0006130156689323485,0.0011169251520186663,0.004679434467107058,0.00629293080419302,2.0205268356221495e-06,7.150264877964219e-07,1.0,1493.0
1.643733526179858e-06,8.055246871663257e-05,6.645960093010217e-05,0.8244524002075195,0.9458950161933899,0.8994077444076538,0.0016399618471041322,3.55943848262541e-06,1.0188792657572776e-05,0.004504717420786619,0.0019906614907085896,0.1394798904657364,0.17184612154960632,0.04149974510073662,0.06100039556622505,0.09675726294517517,0.08018790185451508,0.1143508329987526,0.084747813642025,0.07678684592247009,0.010000187903642654,0.23576875030994415,0.26883140206336975,0.0018851479981094599,0.00794137455523014,0.24622391164302826,0.0035097734071314335,0.00014754835865460336,0.08924210071563721,0.023897865787148476,0.00039520332938991487,0.0007169607561081648,0.1802920550107956,0.0006167455576360226,0.6534208059310913,0.753652036190033,0.003418158972635865,0.010005873627960682,0.1087612509727478,0.0016388740623369813,0.0010427187662571669,0.005207856651395559,0.0018661213107407093,0.148493692278862,0.22600172460079193,0.5122334361076355,0.00040443637408316135,0.039844319224357605,0.6532453298568726,0.6940748691558838,4.223553332849406e-05,1.6484824300277978e-05,1.0,1494.0
1.9340025403380423e-07,0.02228560671210289,0.007468299008905888,0.03991521894931793,0.15895164012908936,0.06989405304193497,2.904682514781598e-05,5.291597915402235e-08,8.870434697882956e-08,0.015796158462762833,0.04149555042386055,0.015088147483766079,0.032227255403995514,0.8969523906707764,0.0010957263875752687,0.0011294003343209624,0.8974514603614807,0.38612571358680725,0.35568007826805115,0.43169716000556946,0.07500363886356354,0.10997821390628815,0.006915027741342783,0.0005270898691378534,0.03803439438343048,0.00219089537858963,1.1123550393676851e-05,3.278486110502854e-05,0.0004255103995092213,0.00045648188097402453,0.045959655195474625,0.03839722275733948,0.0006779061513952911,0.0031050294637680054,0.05347800627350807,0.03817099332809448,0.005368813872337341,0.027320265769958496,0.010052051395177841,1.4808625564910471e-05,0.005547659005969763,0.01342167891561985,0.006363579537719488,0.0052793906070292,2.3758268071105704e-05,2.9452956368913874e-05,0.0018823454156517982,0.004400946199893951,0.00015179821639321744,0.00036990971420891583,5.664337550115306e-06,7.39833978968818e-07,1.0,1495.0
1.6126218724821229e-06,0.15914350748062134,0.13722236454486847,0.0008054267382249236,0.028827635571360588,0.02168221026659012,9.207843504555058e-06,2.1771424485450552e-07,5.364894946069398e-07,0.030884578824043274,0.01232291292399168,0.015866022557020187,0.00948293972760439,0.01544444914907217,0.17097127437591553,0.17433349788188934,0.013349179178476334,0.4696009159088135,0.48785123229026794,0.15879040956497192,0.15507788956165314,0.014749976806342602,0.03687402233481407,4.720785000245087e-05,0.0013324966421350837,0.0023474646732211113,1.4381461369339377e-05,0.0005711953272111714,0.013969299383461475,0.0021402835845947266,0.004405670333653688,0.004798397421836853,0.0003772268246393651,0.004605187103152275,0.00029810392879880965,0.00038900968502275646,0.08823060989379883,0.03622537478804588,0.018825307488441467,0.00015982717741280794,0.048294082283973694,0.0033519344870001078,0.09439403563737869,0.023646581918001175,0.001065181801095605,0.0004864232614636421,0.004500493872910738,0.0011751513229683042,3.545169602148235e-05,3.184275919920765e-05,8.591598543716827e-07,3.5675233789334015e-07,1.0,1496.0
9.237908784598403e-07,0.08026257157325745,0.13414345681667328,0.01666768081486225,0.09179066121578217,0.027231846004724503,6.337154900393216e-06,1.897386141536117e-07,4.1741310496945516e-07,0.011984370648860931,0.007043356075882912,0.04045780748128891,0.03527359291911125,0.019116872921586037,0.16389183700084686,0.17022092640399933,0.013534439727663994,0.16946104168891907,0.16745412349700928,0.04981289058923721,0.0680619403719902,0.04512585699558258,0.053384143859148026,1.8418037143419497e-05,0.0048898980021476746,0.025330573320388794,0.00019564799731597304,0.0017743110656738281,0.0016750512877479196,0.001984407426789403,0.00011045854625990614,0.00021482238662429154,0.007246626075357199,0.006517627742141485,0.001605843543075025,0.0015451565850526094,0.0009069537045434117,0.003662798320874572,0.9295212030410767,0.0006753535708412528,0.21453619003295898,0.07199303060770035,0.029202235862612724,0.013795707374811172,2.058456090026084e-07,2.3766665435687173e-07,6.652213414781727e-06,0.00019905877707060426,8.32369551062584e-06,1.7056339856935665e-05,1.449908381800924e-06,2.2374162256255659e-07,1.0,1497.0
1.1651387694655568e-06,0.007195896003395319,0.005076296161860228,0.3083927035331726,0.15246397256851196,0.09721454232931137,0.0007206924492493272,1.784219989531266e-06,3.113838374702027e-06,0.00482282554730773,0.0013138772919774055,0.3399128019809723,0.31739363074302673,0.04493199661374092,0.11617862433195114,0.09223610907793045,0.025926237925887108,0.021439261734485626,0.020570192486047745,0.019601505249738693,0.006323106586933136,0.12494932860136032,0.24425913393497467,0.0029530986212193966,0.00369735574349761,0.09565968811511993,0.0006097880541346967,0.0004964509862475097,0.01456446573138237,0.04386639967560768,0.004017211031168699,0.004047698341310024,0.01782430149614811,0.0002718506730161607,0.7013123035430908,0.7281399965286255,0.01908550038933754,0.041178613901138306,0.005367177072912455,0.0008710182155482471,0.006054304540157318,0.0037222339306026697,0.0021843009162694216,0.10929372906684875,0.11790240556001663,0.17551924288272858,0.011210020631551743,0.012259334325790405,0.3991825580596924,0.5006152987480164,7.938431735965423e-06,5.372783562052064e-06,1.0,1498.0
2.0902838571146276e-07,0.00012491538655012846,0.0003426948678679764,0.6401122808456421,0.723690390586853,0.37243038415908813,0.00031406470225192606,3.4765271266223863e-06,1.6948247321124654e-06,0.054955851286649704,0.02031192183494568,0.5817142724990845,0.5142254829406738,0.25303128361701965,0.07372476160526276,0.016309162601828575,0.0952921211719513,0.010611137375235558,0.012635765597224236,0.07786261290311813,0.0314689539372921,0.027604838833212852,0.05249821022152901,0.0025674079079180956,0.0355546735227108,0.36408206820487976,0.0006512078107334673,0.0002201188908657059,0.0015744090778753161,0.03381190448999405,0.039725061506032944,0.04904688522219658,0.06826914101839066,0.00010798178118420765,0.8738572597503662,0.8283442854881287,0.0004926460678689182,0.011919435113668442,0.05466034263372421,0.0016969231655821204,0.004714281763881445,0.0033200832549482584,0.0014023676048964262,0.030922386795282364,0.0009494713158346713,0.003104790346696973,0.0029504660051316023,0.020692117512226105,0.0653073862195015,0.2502453923225403,2.4402070266660303e-05,4.265042207407532e-06,1.0,1499.0
2.409298758720979e-06,0.0006449272623285651,0.0008448907174170017,0.3684699535369873,0.5388774871826172,0.12450271844863892,7.546501001343131e-05,1.234231945090869e-06,1.576185582052858e-06,0.09948650002479553,0.01569296605885029,0.3431139290332794,0.32163098454475403,0.18369930982589722,0.03518875315785408,0.022786321118474007,0.16704785823822021,0.022455831989645958,0.024858122691512108,0.21073822677135468,0.06471259891986847,0.01261795312166214,0.02392861805856228,0.0002163201424991712,0.000820544024463743,0.06941761821508408,0.00018598658789414912,0.008492281660437584,0.002756864298135042,0.007299512159079313,0.03579679876565933,0.05367932468652725,0.00011529506446095183,1.9432372937444597e-05,0.00364096206612885,0.004406871274113655,0.12002824991941452,0.2513115108013153,0.00012102135951863602,0.010015170089900494,0.2023124247789383,0.1031263992190361,0.01906667836010456,0.0028458121232688427,0.0010223686695098877,0.0016302140429615974,0.007813163101673126,0.07709163427352905,0.0002126939652953297,0.00040077665471471846,1.1251160003666882e-06,2.1611467673210427e-06,1.0,1500.0
8.843410796544049e-06,0.7398718595504761,0.8105320930480957,1.3692842003365513e-05,0.0022983807139098644,0.0008531748899258673,0.0006966302171349525,1.8892154685090645e-06,8.729119258532592e-07,0.33849474787712097,0.43670567870140076,0.22395040094852448,0.250323086977005,0.07589814811944962,0.09927479922771454,0.07418167591094971,0.06193972006440163,0.09399588406085968,0.06843741238117218,0.663813591003418,0.5524715185165405,0.0036076647229492664,0.0011554015800356865,0.001564905047416687,0.001992011908441782,0.1880984753370285,0.0006584480288438499,0.011298547498881817,0.0028082430362701416,0.004858300555497408,0.0006861008005216718,0.0005491846241056919,0.05301200598478317,0.001452811760827899,0.0498272143304348,0.07867535203695297,0.03840155526995659,0.05392492935061455,0.00781073234975338,0.0003464489127509296,0.0014097255188971758,0.012521985918283463,0.0018927132477983832,0.023710940033197403,0.9139358997344971,0.9221071004867554,0.09074010699987411,0.08752620965242386,0.13684192299842834,0.24064068496227264,8.183163231478829e-07,4.709008862846531e-06,1.0,1501.0
2.217573864982114e-06,0.025745591148734093,0.0075685870833694935,0.14116613566875458,0.11267425119876862,0.2206382006406784,0.0002777572371996939,1.5294129980247817e-06,7.451872647834534e-07,0.011827212758362293,0.004265685565769672,0.042236022651195526,0.059563323855400085,0.12166117131710052,0.04188843071460724,0.025782393291592598,0.10639666020870209,0.1743236482143402,0.16578343510627747,0.11825039237737656,0.010311244986951351,0.06758181005716324,0.0738617330789566,0.0003195467870682478,0.3258410096168518,0.5824069380760193,3.691921665449627e-05,0.0016446717781946063,0.0006852526566945016,0.00781286135315895,0.16925956308841705,0.19671466946601868,0.009837144985795021,0.0007001077174209058,0.1826193928718567,0.11755836009979248,0.002090037800371647,0.01827543042600155,0.03806808963418007,0.0001304158940911293,0.008056418970227242,0.005485009402036667,0.008079462684690952,0.05262606963515282,0.00013907012180425227,0.00023998321557883173,0.001850891043432057,0.01807103306055069,0.00811637844890356,0.0054426295682787895,1.1038912816729862e-05,8.97117661224911e-06,1.0,1502.0
2.012784079852281e-06,0.2544208765029907,0.172014057636261,0.0013328443747013807,0.0452318899333477,0.04574917256832123,0.003223590087145567,3.099028845099383e-06,2.6238099053443875e-06,0.06812433153390884,0.09845171123743057,0.03175906091928482,0.04143799841403961,0.06458903849124908,0.046706389635801315,0.06974311918020248,0.09967515617609024,0.3016268014907837,0.29095661640167236,0.6279141306877136,0.4181792736053467,0.01739424467086792,0.008955009281635284,0.0033951113000512123,0.020883241668343544,0.3452815115451813,0.0012054444523528218,0.0001133705154643394,0.037507008761167526,0.05500579997897148,0.0010161937680095434,0.0008949374314397573,0.0733497142791748,0.0030155631247907877,0.9007632732391357,0.929701030254364,0.012327062897384167,0.03286146745085716,0.012852375395596027,4.719979551737197e-05,0.00031207920983433723,0.001732044736854732,0.000915659184101969,0.038898080587387085,0.9204718470573425,0.9406861066818237,0.048717908561229706,0.029110627248883247,0.7227790951728821,0.7305431365966797,1.2594519830599893e-05,1.9234523279010318e-05,1.0,1503.0
2.7064447749580722e-06,0.01805794984102249,0.007627047598361969,0.04378489777445793,0.14155057072639465,0.28148728609085083,4.19829084421508e-05,8.264697726190207e-07,1.1620438726822613e-06,0.06971793621778488,0.08271030336618423,0.0459304116666317,0.05970142036676407,0.019649868831038475,0.18689720332622528,0.1843937337398529,0.02505321241915226,0.15527455508708954,0.1490687131881714,0.322500616312027,0.24888069927692413,0.006678967271000147,0.007347488775849342,3.982808630098589e-05,0.0017252496909350157,0.019650369882583618,0.0002632300020195544,0.0033470254857093096,0.004004041664302349,0.0006444363971240819,0.014671518467366695,0.010642570443451405,0.0003304046404082328,0.01409107819199562,0.000694991322234273,0.002156470436602831,0.07055740058422089,0.00821452122181654,0.07713024318218231,5.057068119640462e-05,0.33464354276657104,0.029122907668352127,0.0971650779247284,0.016930952668190002,2.6284145860699937e-05,6.5080635067715775e-06,0.007062420714646578,0.0009921147720888257,2.5718245524330996e-05,1.0355045560572762e-05,1.9425292521191295e-06,5.300532848195871e-07,1.0,1504.0
1.4436774335990776e-06,0.5856568813323975,0.6183594465255737,0.004685545805841684,0.0009198407060466707,0.0014352184953168035,0.0013649447355419397,1.4257045677368296e-06,9.077903655452246e-07,0.69059157371521,0.6589800119400024,0.5133281946182251,0.522808849811554,0.03054588846862316,0.13590407371520996,0.14756733179092407,0.04824221879243851,0.01937762089073658,0.020633624866604805,0.6546452641487122,0.5771787762641907,0.0007876696181483567,0.00037060523754917085,0.002753116190433502,0.026736969128251076,0.19305694103240967,0.0004423932114150375,0.0004975337069481611,0.008537441492080688,0.010515747591853142,0.0006470109219662845,0.0005261283949948847,0.0824061930179596,0.003969759680330753,0.6993318796157837,0.7952501177787781,0.006847680080682039,0.017332006245851517,0.02854631282389164,4.900336716673337e-05,0.0008914570789784193,0.0021398221142590046,0.0007353549008257687,0.04266022518277168,0.8196452260017395,0.822155773639679,0.01711360737681389,0.00912195909768343,0.3719359040260315,0.388433575630188,3.5576229038269958e-06,6.038664650986902e-06,1.0,1505.0
6.470670541602885e-07,0.00013986647536512464,4.02064215450082e-05,0.8441537618637085,0.45178353786468506,0.4553797245025635,0.0003286218852736056,1.8575151443656068e-06,9.092320851777913e-07,0.6355968713760376,0.5575110912322998,0.7650462985038757,0.7659696936607361,0.08738799393177032,0.1445564329624176,0.07481429725885391,0.03222924843430519,0.004666005726903677,0.002270202850922942,0.36298680305480957,0.1472436785697937,0.0011736953165382147,0.0004894767189398408,0.003950559999793768,0.0016538734780624509,0.06860139220952988,0.0004155196656938642,0.00123521126806736,0.004277416039258242,0.004054231569170952,0.0009934334084391594,0.0012210092972964048,0.03160812333226204,0.0005503747379407287,0.26281675696372986,0.3398287296295166,0.022925719618797302,0.03456434607505798,0.006742686033248901,0.0006703821709379554,0.0027500062715262175,0.008695297874510288,0.0004500533686950803,0.014315766282379627,0.05771445482969284,0.06175750121474266,0.012284516356885433,0.05362606793642044,0.2323419451713562,0.24372857809066772,1.2513969522842672e-05,1.7231881201951182e-06,1.0,1506.0
3.865336566377664e-07,0.4814653694629669,0.5751893520355225,0.0006509226514026523,0.008442453108727932,0.005491906311362982,0.0006410797359421849,1.3604700370706269e-06,8.635497010800464e-07,0.648685097694397,0.5489182472229004,0.49537646770477295,0.4569254517555237,0.012752923183143139,0.296249657869339,0.2880445122718811,0.010494339279830456,0.014134920202195644,0.022734545171260834,0.5874323844909668,0.5771825313568115,0.00045602087629958987,0.0006446698680520058,0.0023818486370146275,0.0001442357897758484,0.04455174505710602,0.012443910352885723,9.22724066185765e-05,0.002410578541457653,0.0041252002120018005,0.007745096925646067,0.0049225641414523125,0.011357425712049007,0.0010897497413679957,0.7950897812843323,0.8254483938217163,0.005167440045624971,0.009749174118041992,0.014379287138581276,3.9238053432200104e-05,0.0013122071977704763,0.002180342562496662,0.0014648486394435167,0.05240033566951752,0.31636637449264526,0.23078873753547668,0.3092050850391388,0.0417204312980175,0.5102078318595886,0.4308861196041107,6.370160008373205e-06,1.8331278397454298e-06,1.0,1507.0
1.7601232684683055e-06,0.49353837966918945,0.424930214881897,0.00542223546653986,0.0019037937745451927,0.0036028840113431215,0.0018776498036459088,1.85618171144597e-06,1.0175642728427192e-06,0.31652605533599854,0.5485224723815918,0.1556156873703003,0.20034533739089966,0.0022674978245049715,0.3799618184566498,0.46994251012802124,0.014430291950702667,0.08486990630626678,0.07143133133649826,0.5771104097366333,0.52530837059021,0.002924474887549877,0.00079487165203318,0.00880725309252739,0.0022065378725528717,0.06140114367008209,0.0028090684209018946,0.00012084941408829764,0.014284585602581501,0.014522142708301544,0.010262852534651756,0.01065253745764494,0.02072441577911377,0.0003928674850612879,0.8932707905769348,0.9367005228996277,0.01022249273955822,0.01900838129222393,0.02039971947669983,0.0001344539923593402,0.002306341426447034,0.0021865018643438816,0.0012063690228387713,0.04702295362949371,0.4828392267227173,0.5158615708351135,0.034327808767557144,0.08993786573410034,0.2641652524471283,0.32750484347343445,8.500258445565123e-06,1.3861395927960984e-05,1.0,1508.0
1.957266249519307e-06,0.007411884143948555,0.02223929390311241,0.001316323410719633,0.38591185212135315,0.24278901517391205,0.002191246720030904,4.821001311938744e-06,2.5563533654349158e-06,0.34772491455078125,0.2649839222431183,0.05241161957383156,0.04217488691210747,0.05833282321691513,0.11402073502540588,0.08984412252902985,0.05921798199415207,0.2628386318683624,0.3209080696105957,0.6935891509056091,0.4696946442127228,0.002339700236916542,0.00323929893784225,0.00287252408452332,0.02634108066558838,0.372871458530426,0.0011886099819093943,0.0009879282442852855,0.00737047428265214,0.003199315629899502,0.1202772855758667,0.12392323464155197,0.024299170821905136,0.0030124809127300978,0.7292797565460205,0.653472900390625,0.004099724814295769,0.007024579215794802,0.009338603354990482,5.420988600235432e-06,0.0026857890188694,0.004383624531328678,0.0009376974776387215,0.015957018360495567,0.7264063358306885,0.6889040470123291,0.19670522212982178,0.1577288955450058,0.02603369578719139,0.024153945967555046,5.720524313801434e-06,1.1658107723633293e-05,1.0,1509.0
1.5134916964143486e-07,0.016378292813897133,0.009639804251492023,0.28450262546539307,0.12546966969966888,0.11825145781040192,0.0003214791649952531,1.5672774225095054e-06,6.495568527498108e-07,0.07037285715341568,0.07193232327699661,0.7354706525802612,0.7360605001449585,0.013155094347894192,0.31118273735046387,0.30380699038505554,0.012869712896645069,0.005617508664727211,0.002552288817241788,0.1370619237422943,0.06128767505288124,0.02443820983171463,0.01655251532793045,0.001994013087823987,0.1535068154335022,0.07945079356431961,6.25624816166237e-05,5.087027238914743e-05,0.0011825477704405785,0.02039818838238716,0.013800062239170074,0.006747545208781958,0.05467236414551735,0.002443017205223441,0.924208402633667,0.7587690353393555,0.0016400674358010292,0.00977634359151125,0.06502315402030945,8.051699842326343e-05,0.007574958261102438,0.0010928596602752805,0.002098255790770054,0.1629570871591568,0.0023357237223535776,0.00396351981908083,0.029452402144670486,0.0014179967110976577,0.15675511956214905,0.37305325269699097,1.6203304767259397e-05,3.3566982438060222e-06,1.0,1510.0
1.6207394537559594e-06,0.00026948866434395313,0.0001626670709811151,0.8168381452560425,0.5795598030090332,0.7676120400428772,8.387734123971313e-05,5.587891791947186e-06,1.032417230817373e-06,0.13038939237594604,0.11598671972751617,0.014934095554053783,0.011991572566330433,0.00500619038939476,0.42802107334136963,0.4580391049385071,0.010931112803518772,0.45464858412742615,0.4301339089870453,0.24771182239055634,0.19531844556331635,0.004298683721572161,0.007282438222318888,0.00022014534624759108,0.0007753688842058182,0.326172411441803,0.04450931400060654,0.002701380755752325,0.00080318987602368,0.0003904869663529098,0.15571019053459167,0.13219445943832397,0.008894120343029499,0.00928118359297514,0.0376829095184803,0.0715646892786026,0.0024164956994354725,0.0009939863812178373,0.5690251588821411,2.5526678655296564e-05,0.05923475697636604,0.046719253063201904,0.004320535808801651,0.005335405468940735,1.5080613593454473e-06,3.5913467399950605e-07,0.0024906976614147425,0.0018264419632032514,5.6006880186032504e-05,3.028392166015692e-05,1.5835601516300812e-05,1.732797045406187e-06,1.0,1511.0
5.633923478853831e-07,0.14447906613349915,0.15639851987361908,0.000752535997889936,0.040637027472257614,0.024793248623609543,1.5722651369287632e-05,7.930988488169533e-08,1.8826241898750595e-07,0.6235125064849854,0.5523173809051514,0.41778138279914856,0.40048453211784363,0.048357654362916946,0.05616500601172447,0.08584526181221008,0.08378153294324875,0.020776087418198586,0.019328398630023003,0.7131418585777283,0.3029336929321289,0.00141692697070539,0.0004280053835827857,0.00014358740008901805,0.0017117756651714444,0.005972602870315313,0.000622622377704829,5.211840107222088e-05,0.17197439074516296,0.09302672743797302,6.748301188963524e-07,1.6575610288782627e-06,0.04105225205421448,0.004839662928134203,0.010149954818189144,0.017130063846707344,0.0017703130142763257,0.0065524401143193245,0.7728933691978455,0.0021572676487267017,0.015331609174609184,0.017852576449513435,0.007434634026139975,0.054448846727609634,5.466627499117749e-06,8.091259587672539e-06,7.256758749463188e-07,8.885043644113466e-05,0.0023609944619238377,0.0026038552168756723,5.487202088261256e-06,2.285070763718977e-07,1.0,1512.0
2.7986620807496365e-06,0.0002755569003056735,0.004521755501627922,0.36616191267967224,0.7916680574417114,0.33345258235931396,7.02345059835352e-05,5.172222699911799e-06,3.3666976833046647e-06,0.001138670719228685,0.0002917842648457736,0.07583228498697281,0.06690848618745804,0.045436277985572815,0.058016397058963776,0.06945209950208664,0.06966664642095566,0.12246085703372955,0.14384667575359344,0.01355587225407362,0.004346884321421385,0.3738608956336975,0.5377191305160522,7.643864955753088e-05,0.0029893608298152685,0.36445313692092896,0.012686253525316715,0.000740772404242307,0.0007268072222359478,0.0010806702775880694,0.12645626068115234,0.2262788563966751,0.009704319760203362,0.000524478848092258,0.07814921438694,0.08141272515058517,0.0004306529008317739,0.0027062345761805773,0.6095967292785645,0.0016018355963751674,0.15844076871871948,0.0639876052737236,0.058487553149461746,0.10097731649875641,2.1939314365226892e-07,2.1597610100343445e-07,4.0106853703036904e-05,0.002874428639188409,0.002985713304951787,0.0034392932429909706,1.999839696509298e-05,5.903867986489786e-06,1.0,1513.0
3.628859701620968e-07,0.029895583167672157,0.03240129351615906,0.006163135636597872,0.09976392984390259,0.04884960874915123,3.536043004714884e-05,1.14369818504656e-07,2.274710340088859e-07,0.15239794552326202,0.20340725779533386,0.18422047793865204,0.1932797133922577,0.6449406147003174,0.002817637985572219,0.0030980855226516724,0.6057115793228149,0.0493699386715889,0.044714391231536865,0.3435411751270294,0.3585463762283325,0.005394304171204567,0.0016913440776988864,0.00019126071128994226,0.006914015393704176,0.012772377580404282,2.9250721127027646e-05,0.00020605081226676702,0.005108552519232035,0.0023161505814641714,0.0005322544020600617,0.0006151795387268066,0.0014719308819621801,0.0003178665356244892,0.012894420884549618,0.021922459825873375,0.037821460515260696,0.034020453691482544,0.0049912515096366405,0.0010356421116739511,0.016806963831186295,0.03814123570919037,0.0034954650327563286,0.0047828699462115765,0.00013114191824570298,7.528731657657772e-05,0.000655819196254015,0.000828977907076478,0.00033025635639205575,0.0005367189296521246,1.610795948181476e-06,7.439829801114684e-07,1.0,1514.0
6.526759079861222e-07,0.034103989601135254,0.02926604077219963,0.019216174259781837,0.10423102229833603,0.14287127554416656,7.372079562628642e-05,6.557073106705502e-07,1.3883206975151552e-06,0.283402681350708,0.09339021891355515,0.16619212925434113,0.13030309975147247,0.269555002450943,0.013542883098125458,0.02171539142727852,0.2873145043849945,0.050265710800886154,0.07329169660806656,0.22106853127479553,0.32744669914245605,0.0018016872927546501,0.009028769098222256,0.0014269319362938404,5.800828876090236e-05,0.0068694548681378365,0.0017960687400773168,7.992314931470901e-05,0.03867027163505554,0.00035320199094712734,0.000731474778149277,0.0010676428209990263,0.011484436690807343,0.055359434336423874,0.10100939124822617,0.2317354828119278,0.044583722949028015,0.0049704923294484615,0.015446096658706665,3.427887804718921e-06,0.001539295888505876,0.0010010707192122936,0.0004009205149486661,0.0245493333786726,0.024158068001270294,0.0077270884066820145,0.014751847833395004,0.022823281586170197,0.05120989307761192,0.0173189677298069,6.86328485244303e-06,1.7695062979328213e-06,1.0,1515.0
5.352299581318221e-07,0.2975216209888458,0.021347688511013985,0.039224911481142044,0.011013799346983433,0.14046162366867065,2.7908954507438466e-05,7.336860221585084e-07,3.8046590589146945e-07,0.44413551688194275,0.09501633048057556,0.7552189826965332,0.7543299198150635,0.018293585628271103,0.1893494725227356,0.19183047115802765,0.02404516562819481,0.002675649244338274,0.0034689775202423334,0.11601715534925461,0.1554604470729828,0.0017358306795358658,0.010620186105370522,0.000292319426080212,0.003033312503248453,0.002443996025249362,9.377029527968261e-06,4.667559915105812e-05,0.0004829599929507822,0.042139939963817596,0.47705116868019104,0.5595947504043579,8.657209400553256e-05,3.901054412835947e-07,0.013789552263915539,0.004044670611619949,0.007214841432869434,0.09029298275709152,0.00024199645849876106,0.197462797164917,0.005436513107270002,0.01484895870089531,0.006542189512401819,0.005343055818229914,0.0007365682977251709,0.001489759306423366,0.030524903908371925,0.25010520219802856,0.0020713252015411854,0.012343747541308403,1.8516380805522203e-05,4.9624791245150845e-06,1.0,1516.0
9.738853350427235e-07,0.42879581451416016,0.42689961194992065,0.0003664136747829616,0.0042817238718271255,0.0025385539047420025,7.097318757587345e-06,1.246742868943329e-07,3.3582435321477533e-07,0.037603240460157394,0.01219367329031229,0.04240892827510834,0.05146406590938568,0.09519419819116592,0.03547823801636696,0.04421066865324974,0.11248574405908585,0.19801129400730133,0.17974168062210083,0.23851464688777924,0.036848705261945724,0.025103464722633362,0.0352848544716835,8.291782251035329e-06,0.016208572313189507,0.018983112648129463,6.461247539846227e-05,0.0028732686769217253,0.0018278255593031645,0.001256454735994339,0.00014090968761593103,0.00016773783136159182,0.003623702796176076,0.007898625917732716,0.0004813899577129632,0.0002918393583968282,0.003013714449480176,0.007852377369999886,0.9315817356109619,0.0009836218087002635,0.40151143074035645,0.2352578490972519,0.1507687121629715,0.016721298918128014,1.573054788650552e-07,9.228278941009194e-08,2.7739661163650453e-05,3.4372798836557195e-05,3.962830760428915e-06,7.07175377101521e-06,5.867171353202139e-07,1.1792020870871056e-07,1.0,1517.0
1.2979370467292028e-06,0.001283995690755546,0.0005128150805830956,0.6730736494064331,0.2766643166542053,0.17628468573093414,0.00012439629063010216,8.443504952992953e-07,1.325155608355999e-06,0.007700360380113125,0.00225751637481153,0.1163134053349495,0.11965370923280716,0.14371174573898315,0.02762814797461033,0.019296899437904358,0.14808151125907898,0.06558847427368164,0.07985032349824905,0.1048799604177475,0.016980333253741264,0.07899172604084015,0.12647531926631927,0.0003601417411118746,0.0024891651701182127,0.10217004269361496,0.00035927913268096745,0.0025422684848308563,0.002243637340143323,0.0016765686450526118,0.0031665058340877295,0.004140103235840797,0.0013308789348229766,0.00035012722946703434,0.0731469988822937,0.1181119978427887,0.03566914051771164,0.025050388649106026,0.005170161370187998,0.0010594830382615328,0.04514759033918381,0.03471601381897926,0.0038586431182920933,0.01464161742478609,0.00026524823624640703,0.00022913281281944364,0.0011583879822865129,0.0047156959772109985,0.0011055049253627658,0.0011087126331403852,3.0481994599540485e-06,1.7316357343588606e-06,1.0,1518.0
4.839173016080167e-06,0.16925260424613953,0.1631690114736557,0.07310430705547333,0.021007638424634933,0.019074566662311554,0.00011612944945227355,1.5259761312336195e-06,8.202704293580609e-07,0.01393471471965313,0.018016809597611427,0.040297046303749084,0.04280184581875801,0.007720532361418009,0.2030744105577469,0.21897992491722107,0.024758929386734962,0.13941577076911926,0.1452094465494156,0.17410314083099365,0.1599329560995102,0.03127741813659668,0.0182585921138525,9.419475100003183e-05,0.1402106136083603,0.2952944040298462,1.9975504983449355e-05,0.008858638815581799,0.00020332961867097765,0.011001246981322765,0.18143008649349213,0.0971902385354042,0.0005070207407698035,0.0013229576870799065,0.012225302867591381,0.005943465977907181,0.005775381810963154,0.03846438601613045,0.008316301740705967,0.00013637063966598362,0.14291730523109436,0.014820910058915615,0.066783607006073,0.039934493601322174,4.0832426748238504e-05,3.969461613451131e-05,0.011116969399154186,0.0022938356269150972,0.0007626895676366985,0.0017031957395374775,1.0180136769122328e-06,4.7720063776068855e-06,1.0,1519.0
4.82113023281272e-07,0.03025449626147747,0.013119380921125412,0.029195571318268776,0.09757135063409805,0.12480787187814713,1.7942642443813384e-05,1.1006697064885884e-07,1.3240877194675704e-07,0.1445707529783249,0.05959899351000786,0.15739411115646362,0.1431978940963745,0.02495238557457924,0.15836994349956512,0.16775234043598175,0.035941965878009796,0.04704361781477928,0.055772002786397934,0.2002018541097641,0.28223875164985657,0.006180793512612581,0.006240593269467354,4.4330932723823935e-05,0.05411144718527794,0.0022631953470408916,5.308814365889702e-07,7.751401426503435e-05,0.001114514539949596,0.006914496887475252,0.01932847499847412,0.011629536747932434,0.00012830979540012777,0.008165269158780575,0.0014910459285601974,0.000594960292801261,0.15731579065322876,0.4366556406021118,0.0018992454279214144,1.2588743629748933e-05,0.14088352024555206,0.06932684034109116,0.1433492749929428,0.006012987345457077,0.000281801272649318,0.00011461488611530513,0.0249115452170372,0.0008795592002570629,3.020699841727037e-05,5.9264413721393794e-05,6.144516646600096e-07,3.865590940677066e-07,1.0,1520.0
1.9358715235284762e-06,0.0012186529347673059,0.005968374665826559,0.20857097208499908,0.6459957957267761,0.35749551653862,0.0014775187009945512,4.607656592270359e-06,4.969275323674083e-06,0.03906603902578354,0.03606967255473137,0.1896725744009018,0.18352019786834717,0.00010499043855816126,0.9277147650718689,0.9328598976135254,0.0006150836707092822,0.04351470619440079,0.042359672486782074,0.24711434543132782,0.11787064373493195,0.028898421674966812,0.024242307990789413,0.0041216639801859856,0.000664436025545001,0.06738900393247604,0.003766207955777645,0.00020739487081300467,0.0052908193320035934,0.002223092829808593,0.17882885038852692,0.1510883867740631,0.007174748461693525,0.004047950264066458,0.6400337219238281,0.7313897609710693,0.014907022938132286,0.01009257324039936,0.014333606697618961,2.3007169147604145e-05,0.008115394972264767,0.0041347686201334,0.004116265568882227,0.09571225196123123,0.0035252906382083893,0.00226195203140378,0.08845793455839157,0.03998815268278122,0.3815385103225708,0.21281665563583374,3.6834782804362476e-05,1.1329135304549709e-05,1.0,1521.0
6.936139129720686e-07,0.0009609748376533389,0.001455822610296309,0.48327723145484924,0.5799277424812317,0.4221436679363251,0.0014847981510683894,1.7791718391890754e-06,2.9917093797848793e-06,0.0467950664460659,0.026725957170128822,0.07314659655094147,0.07375980168581009,0.03261706233024597,0.09711509943008423,0.12446911633014679,0.0569567009806633,0.22975574433803558,0.23662474751472473,0.24351994693279266,0.15339794754981995,0.04658667370676994,0.03684350103139877,0.006034872028976679,0.01771369017660618,0.5277930498123169,0.0006444063619710505,0.0006015861290507019,0.04743466153740883,0.013228819705545902,0.008671323768794537,0.015528346411883831,0.02806232124567032,0.020444922149181366,0.7081516981124878,0.7850181460380554,0.0031108621042221785,0.005201516207307577,0.013457152992486954,1.4948722082408494e-06,0.0014732519630342722,0.0027465338353067636,0.0001793892151908949,0.0033875831868499517,0.4181599020957947,0.43322324752807617,0.04014239460229874,0.3363528549671173,0.042334504425525665,0.042327869683504105,5.462646186060738e-06,1.0324240975023713e-05,1.0,1522.0
1.0510894981052843e-06,8.561329741496593e-05,7.856096635805443e-05,0.7347274422645569,0.7164880633354187,0.5901244282722473,5.679650348611176e-05,8.532408060091257e-07,1.7537979601911502e-06,0.007040131837129593,0.002665233099833131,0.013451064936816692,0.010978794656693935,0.030927952378988266,0.21362759172916412,0.20329122245311737,0.013977781869471073,0.5267053842544556,0.49568209052085876,0.02655424363911152,0.011218735948204994,0.09983271360397339,0.19946961104869843,0.00013718291302211583,0.02016742154955864,0.5271278619766235,0.002609994960948825,0.017020447179675102,0.018613707274198532,0.013458438217639923,0.00017403911624569446,0.0003202210646122694,0.04183606803417206,0.0005746286478824914,0.020183175802230835,0.0331309475004673,0.003957883920520544,0.00771584315225482,0.5835216045379639,0.004253172781318426,0.022859172895550728,0.014542322605848312,0.010353557765483856,0.010673527605831623,1.033869557431899e-05,1.3359053809836041e-05,2.3569402401335537e-05,0.0009750094613991678,8.56441620271653e-05,0.00010950972500722855,3.7670740766770905e-06,3.6000909631184186e-07,1.0,1523.0
2.6049752932522097e-07,6.639847561018541e-05,5.761301872553304e-05,0.8760752081871033,0.740520715713501,0.8710942268371582,0.00016106778639368713,3.5030620892939623e-06,1.33366017962544e-06,0.01035577617585659,0.022175516933202744,0.03956669941544533,0.0477340929210186,0.014762157574295998,0.4333539307117462,0.4410548508167267,0.014426757581532001,0.23025625944137573,0.22441107034683228,0.06152837723493576,0.07320151478052139,0.05829095467925072,0.07064226269721985,0.0005985347088426352,0.005124011542648077,0.19821645319461823,0.016097519546747208,0.0006819550762884319,0.0015790307661518455,0.000928238034248352,0.05366028845310211,0.030157536268234253,0.0021925263572484255,0.0013151203747838736,0.1807130128145218,0.2817336320877075,0.007253129966557026,0.0010547145502641797,0.099542036652565,0.00019776080443989486,0.030574388802051544,0.008234228007495403,0.0016700351843610406,0.0059789326041936874,2.5718834876897745e-05,4.957360943080857e-06,0.016976824030280113,0.0018107839860022068,6.232114537851885e-05,9.883072380034719e-06,2.632081668707542e-05,9.611367204342969e-07,1.0,1524.0
3.062290033994941e-06,0.6484553217887878,0.6595311760902405,6.391709757735953e-05,0.001394886989146471,0.001751030096784234,1.0467138963576872e-05,2.977791382363648e-07,2.039120658992033e-07,0.07314110547304153,0.05015354976058006,0.011985709890723228,0.010969111695885658,0.04202192649245262,0.04653714969754219,0.07796046882867813,0.0859396904706955,0.4746839106082916,0.4419882595539093,0.4527312219142914,0.22284410893917084,0.008724549785256386,0.005047811195254326,5.418323053163476e-05,0.0005872652982361615,0.0017446661368012428,2.441599099256564e-05,0.00042812267201952636,0.001960944617167115,0.004570766817778349,0.00303303892724216,0.003706179093569517,0.0017626658082008362,0.0032271945383399725,0.0003754759964067489,0.0002582155866548419,0.012667644768953323,0.06911027431488037,0.08280046284198761,0.0004333067045081407,0.01576816849410534,0.0010950674768537283,0.10916366428136826,0.07879921793937683,0.0004454854060895741,0.0006415834068320692,0.0008393582538701594,0.004250787198543549,0.00017713945999275893,0.0003835884272120893,9.852843732005567e-07,5.278287176224694e-07,1.0,1525.0
4.656677674574894e-07,0.0004605629073921591,0.0003851660876534879,0.5921235084533691,0.7001394629478455,0.48399388790130615,1.3887065506423824e-05,4.928762109557283e-07,4.1266739003731345e-07,0.012252956628799438,0.007362061645835638,0.016946792602539062,0.018233206123113632,0.6521482467651367,0.0025301389396190643,0.002770227612927556,0.6702867746353149,0.3940572440624237,0.33489513397216797,0.13550226390361786,0.03595695272088051,0.052498187869787216,0.09145806729793549,3.278310759924352e-05,0.014017919078469276,0.04619655758142471,0.0001526508276583627,0.006783714983612299,0.0022682463750243187,0.0009256693301722407,0.00017348738037981093,0.00034694618079811335,0.003775510471314192,0.0006199219496920705,0.002243468537926674,0.002483232179656625,0.0012893356615677476,0.004817429929971695,0.840086817741394,0.005787354428321123,0.22165673971176147,0.13786333799362183,0.016194047406315804,0.002750025363638997,1.923734345155026e-07,1.855553790619524e-07,7.239267233671853e-06,0.00021379211102612317,3.834422386717051e-06,3.1252027383743552e-06,1.1852592933792039e-06,2.3128752957291e-07,1.0,1526.0
5.24187180417357e-06,0.27235686779022217,0.21217717230319977,0.014071966521441936,0.007658134214580059,0.006470640189945698,0.00027560367016121745,1.7736692825565115e-06,1.3934526350567467e-06,0.02584872394800186,0.01098863035440445,0.2412755787372589,0.2465149164199829,0.054946478456258774,0.043936990201473236,0.06600897759199142,0.0813458189368248,0.030428124591708183,0.027336206287145615,0.13298393785953522,0.07098934054374695,0.027594927698373795,0.03300928696990013,0.000884454173501581,0.0014809643616899848,0.03810028359293938,7.639091927558184e-05,0.0007165191345848143,0.0036716714967042208,0.0028818605933338404,0.017845194786787033,0.02259463630616665,0.00559984752908349,0.0004977405769750476,0.08924732357263565,0.11490312963724136,0.057797107845544815,0.0590294748544693,0.0015324974665418267,0.0004715048416983336,0.01221874076873064,0.008090580813586712,0.0077575515024363995,0.16990002989768982,0.014914719387888908,0.015190831385552883,0.010145686566829681,0.02488570660352707,0.44540947675704956,0.467090368270874,3.137218982374179e-06,1.0500072676222771e-05,1.0,1527.0
2.1369057776610134e-06,0.014757011085748672,0.013272905722260475,0.0031969412229955196,0.22216637432575226,0.1609160453081131,2.9940050808363594e-05,2.2124970655568177e-07,3.156297907480621e-07,0.5303857326507568,0.5302764177322388,0.6617690324783325,0.6409797668457031,0.027558548375964165,0.12550510466098785,0.12079857289791107,0.037571657449007034,0.009672025218605995,0.005991934798657894,0.6664654612541199,0.40314948558807373,0.0012647997355088592,0.00031073405989445746,0.00014615996042266488,0.0009358439710922539,0.0013393195113167167,1.019380670186365e-05,0.0003415699175093323,0.017722230404615402,0.002003032248467207,0.030748551711440086,0.05336878448724747,0.00013340779696591198,0.0027248230762779713,0.0002589999057818204,0.00037674797931686044,0.14545592665672302,0.08253567665815353,0.0010278337867930532,6.976111035328358e-05,0.013803702779114246,0.0025148203130811453,0.08410478383302689,0.013838006183505058,0.012294761836528778,0.008360402658581734,0.013198082335293293,0.0936044231057167,0.00032352039124816656,0.00026819962658919394,2.728564368226216e-06,1.6988152538033319e-06,1.0,1528.0
6.336046567412268e-07,0.15763220191001892,0.2598299980163574,0.005713639315217733,0.019270911812782288,0.007054125424474478,1.3300564205565024e-05,8.341699953007264e-08,6.034520794173659e-08,0.6448803544044495,0.5792913436889648,0.8279626369476318,0.8218788504600525,0.038454536348581314,0.04732157662510872,0.13652841746807098,0.13011136651039124,0.0029911419842392206,0.0014774956507608294,0.2763950526714325,0.19501054286956787,0.0011308548273518682,0.00035851405118592083,1.9329738279338926e-05,0.0023039213847368956,0.0009784899884834886,2.1080131773487665e-05,4.913790326099843e-05,0.009180732071399689,0.045933861285448074,4.112195165362209e-05,4.111908856430091e-05,0.0036166729405522346,0.006096068769693375,0.0007360564195550978,0.00026241212617605925,0.010431315749883652,0.03578037768602371,0.11387069523334503,0.001696236664429307,0.005369442980736494,0.0048368386924266815,0.410623699426651,0.5222663879394531,0.0003949950623791665,0.000371249538147822,0.00011546471796464175,5.971980499452911e-05,0.13023072481155396,0.2672608494758606,2.678275905054761e-06,2.902661435655318e-07,1.0,1529.0
1.95258667190501e-06,0.0251958966255188,0.025213759392499924,0.09901827573776245,0.04024500772356987,0.016057925298810005,0.0010427559027448297,6.089161615818739e-06,1.4555846519215265e-06,0.15367165207862854,0.13087576627731323,0.20981764793395996,0.20351241528987885,0.03486602380871773,0.11135014146566391,0.09908489137887955,0.03652103617787361,0.04888725280761719,0.04777775704860687,0.3421434760093689,0.18755076825618744,0.008402303792536259,0.005468035116791725,0.008773458190262318,0.01102490909397602,0.15342311561107635,0.0016630069585517049,0.0001652033970458433,0.007885968312621117,0.016131645068526268,0.0447249673306942,0.06478407233953476,0.049799781292676926,0.00015328297740779817,0.8804004192352295,0.901626467704773,0.005151958204805851,0.01933802291750908,0.010328270494937897,0.0002482447598595172,0.0033225996885448694,0.0021226671524345875,0.001397083979099989,0.12177068740129471,0.04994446784257889,0.09721145033836365,0.027143726125359535,0.28168392181396484,0.17546923458576202,0.2604145109653473,2.9302567781996913e-05,2.040881554421503e-05,1.0,1530.0
6.035960495864856e-07,4.508925849222578e-05,2.7368427254259586e-05,0.8551023006439209,0.7973722219467163,0.6974286437034607,2.016708822338842e-05,8.531927733201883e-07,1.1766536545110284e-06,0.007044166326522827,0.005974091123789549,0.36351945996284485,0.2706962525844574,0.15084905922412872,0.14428910613059998,0.030429480597376823,0.03205875679850578,0.01708061806857586,0.02826613001525402,0.027617353945970535,0.06523267924785614,0.08463297039270401,0.12401650846004486,5.149020944372751e-05,0.022988393902778625,0.2047629952430725,0.0003152313001919538,0.015180007554590702,0.001115400344133377,0.0013436449225991964,0.000906668952666223,0.001348142046481371,0.003558967960998416,0.0036391422618180513,0.0059415483847260475,0.005525985267013311,0.0020552880596369505,0.004927193745970726,0.6345441341400146,0.0006758859963156283,0.2589843273162842,0.17656175792217255,0.031667619943618774,0.004428307991474867,2.7706079208655865e-07,1.7430903653803398e-07,4.199227987555787e-05,0.00021403073333203793,6.276912608882412e-05,6.844844756415114e-05,1.5231133829729515e-06,2.1593574217604328e-07,1.0,1531.0
2.258572521895985e-06,0.02968546375632286,0.4263719916343689,0.0019736792892217636,0.1670936793088913,0.004243607632815838,1.456963309465209e-05,3.4910621593553515e-07,2.417927476017212e-07,0.04998777061700821,0.08596419543027878,0.009213356301188469,0.014575843699276447,0.6950644254684448,0.0015130190877243876,0.004463338293135166,0.7665484547615051,0.5275472402572632,0.4511897563934326,0.6090216636657715,0.2917966842651367,0.02318424917757511,0.004808305762708187,3.222535451641306e-05,0.030177762731909752,0.15800322592258453,0.0003258732904214412,0.10363661497831345,0.0016477531753480434,0.0002498175308573991,0.0012478485004976392,0.002125395927578211,0.006883020978420973,0.08230552077293396,0.0016896107699722052,0.0008195239934138954,0.0002934953663498163,0.0024080455768853426,0.9634192585945129,3.278110671089962e-05,0.3602240979671478,0.09387436509132385,0.08613331615924835,0.005769361741840839,1.1476664951715065e-07,1.281866133240328e-07,1.2530725143733434e-05,0.00021268040291033685,2.917305664595915e-06,6.3901352405082434e-06,2.5779164047889935e-07,2.925418982613337e-07,1.0,1532.0
3.4822340921891737e-07,0.32846301794052124,0.31814396381378174,0.0009561795741319656,0.005469455849379301,0.0027268752455711365,9.06025234144181e-05,7.062259044232633e-08,1.562260649734526e-07,0.2751653492450714,0.2734006345272064,0.5093643665313721,0.5175273418426514,0.061352476477622986,0.058789655566215515,0.08340493589639664,0.07974272966384888,0.014805258251726627,0.009327651001513004,0.2767772674560547,0.21143627166748047,0.0038487089332193136,0.0012678282801061869,0.00026748867821879685,0.0163036547601223,0.5386505126953125,0.0007641689735464752,0.005271393805742264,0.016762949526309967,0.04870564863085747,6.185463917063316e-06,9.193602636514697e-06,0.04696916416287422,0.001355362357571721,0.043692924082279205,0.046690747141838074,0.007805227767676115,0.03785178065299988,0.02896556258201599,0.00043811509385704994,0.006361848674714565,0.04435767978429794,0.0005826791748404503,0.00517082866281271,0.0002590596559457481,0.0004144853737670928,4.451852510101162e-05,0.0002064663713099435,0.0019082213984802365,0.003475662786513567,5.149985895513964e-07,5.664962259288586e-07,1.0,1533.0
7.948908091748308e-07,0.003541690530255437,0.0012380635598674417,0.40516647696495056,0.4634438455104828,0.6397643089294434,2.4694958483451046e-05,2.759946085006959e-07,1.0572148312348872e-06,0.0038997982628643513,0.0033172806724905968,0.10035630315542221,0.13473378121852875,0.00942314974963665,0.2222754806280136,0.23557987809181213,0.018185904249548912,0.08479705452919006,0.05810270085930824,0.035976652055978775,0.01548716425895691,0.17247991263866425,0.1975080668926239,2.7527996280696243e-05,0.02111823484301567,0.06846712529659271,0.0003403185401111841,0.0031709414906799793,0.006053719203919172,0.0014109067851677537,5.587117266259156e-05,0.00010408679372631013,0.006367831490933895,0.008516293950378895,0.004399419296532869,0.008657766506075859,0.001024301047436893,0.0009959618328139186,0.9868503212928772,0.0011870238231495023,0.3598037362098694,0.19281984865665436,0.025432653725147247,0.0052770753391087055,1.945259953117784e-08,8.94576679399961e-09,2.5545475637045456e-06,4.404044011607766e-05,1.1298783647362143e-05,9.53919516177848e-06,4.3306040424795356e-06,2.797343654492579e-07,1.0,1534.0
5.185455052014731e-07,0.0010322561720386147,0.000771740626078099,0.4713553488254547,0.42369508743286133,0.2320965677499771,2.4743636458879337e-05,2.4258065423055086e-06,2.917442429861694e-07,0.03673103079199791,0.016477560624480247,0.4890018403530121,0.4972441792488098,0.03850061818957329,0.08882608264684677,0.09131196141242981,0.05240665748715401,0.01293970923870802,0.011903205886483192,0.10376255214214325,0.05468660965561867,0.024372966960072517,0.04968108609318733,9.520324965706095e-05,0.0017961823614314198,0.02388443797826767,0.00028104361263103783,0.00021783789270557463,0.0002911137416958809,0.0007288220804184675,0.05885867774486542,0.062296777963638306,0.007808308582752943,0.0005393428727984428,0.01980552449822426,0.009961068630218506,0.0017407399136573076,0.005740258377045393,0.08147614449262619,0.0008892869227565825,0.011029453948140144,0.0027378832455724478,0.027685442939400673,0.3076991140842438,5.027664155932143e-05,5.1045168220298365e-05,0.0029164503794163465,0.002593764802441001,0.020357726141810417,0.03953402116894722,8.134098607115448e-06,2.0414861410245067e-06,1.0,1535.0
7.359852816080092e-07,0.06271352618932724,0.0370655357837677,0.008882460184395313,0.07011314481496811,0.03254660218954086,1.9410055756452493e-05,2.554200762006076e-07,1.3992477931878966e-07,0.08590010553598404,0.06645576655864716,0.07962837815284729,0.08784691989421844,0.21464557945728302,0.01413053646683693,0.018278514966368675,0.20053982734680176,0.10505729168653488,0.10453274101018906,0.4579441249370575,0.22624565660953522,0.007733027916401625,0.005892208777368069,0.00011197668936802074,0.004164532758295536,0.012188022956252098,3.362502684467472e-05,0.0005674581625498831,0.009714299812912941,0.0028340185526758432,0.0002069322654278949,0.00027710155700333416,0.014469003304839134,0.002980703953653574,0.003731144592165947,0.005276769399642944,0.008914669044315815,0.006985093466937542,0.14401210844516754,0.00022734986850991845,0.012265064753592014,0.005586401559412479,0.007975188083946705,0.0307600274682045,9.709863661555573e-05,5.9199792303843424e-05,0.00018581516633275896,0.0004852853307966143,0.0007679536938667297,0.0005890639731660485,1.3624891153085628e-06,6.61505168864096e-07,1.0,1536.0
7.777106475259643e-06,0.028969455510377884,0.03386710211634636,0.0017679872689768672,0.4401496350765228,0.14176586270332336,3.059793380089104e-05,2.132296913259779e-06,2.53385763926417e-07,0.01801396906375885,0.03401700779795647,0.001248471555300057,0.00126934505533427,0.02569967322051525,0.08046240359544754,0.10403893142938614,0.0569191537797451,0.8517098426818848,0.8562110662460327,0.21107731759548187,0.20329266786575317,0.04190546274185181,0.01317223347723484,0.00010417864541523159,0.00032849248964339495,0.005786380264908075,8.707358210813254e-05,0.001064441748894751,0.0003446778282523155,0.015415684320032597,0.21476514637470245,0.19766296446323395,0.003600879805162549,0.0002571189252194017,0.0014582432340830564,0.0009365504374727607,0.0024504472967237234,0.041366636753082275,0.285783588886261,0.0028832806274294853,0.04285638406872749,0.003072029910981655,0.10792345553636551,0.08872801065444946,7.751231169095263e-05,0.00021393362840171903,0.001348666613921523,0.012487364932894707,0.00021769545855931938,0.0004821494803763926,3.5097534691885812e-06,1.9812989648926305e-06,1.0,1537.0
7.045427992125042e-07,0.00039951555663719773,0.00022826062922831625,0.6133745908737183,0.7087843418121338,0.5966364145278931,0.00029050654848106205,2.2863182493892964e-06,2.4605108137620846e-06,0.009340818040072918,0.0020941542461514473,0.24280811846256256,0.204379603266716,0.013497717678546906,0.25619736313819885,0.249759241938591,0.009656553156673908,0.03757081553339958,0.05309595167636871,0.03479010984301567,0.044404126703739166,0.0919114351272583,0.2470228672027588,0.0026039741933345795,0.0031569264829158783,0.1099342554807663,0.0007027173414826393,0.00014199317956808954,0.0007575287017971277,0.005843696650117636,0.17381621897220612,0.214421808719635,0.0013897786848247051,0.001111681223846972,0.7592267394065857,0.5856961607933044,0.0029302267357707024,0.0335000678896904,0.0018389374017715454,5.582191442954354e-05,0.013059483841061592,0.04091105982661247,0.002047555986791849,0.022653624415397644,0.0011905652936547995,0.002615727251395583,0.03455483913421631,0.30196237564086914,0.07440613955259323,0.22228294610977173,1.3673163266503252e-05,4.121708570892224e-06,1.0,1538.0
3.2109512630995596e-06,0.8459815979003906,0.8563911318778992,7.204034318419872e-06,0.0005623495671898127,0.0004640394472517073,7.92696955613792e-05,4.604027878940542e-07,1.3309228563684883e-07,0.5179483294487,0.6111021041870117,0.6268236637115479,0.6210751533508301,0.047284338623285294,0.0999239981174469,0.08615625649690628,0.05051291733980179,0.011854194104671478,0.007224571891129017,0.8965860605239868,0.6490694284439087,0.001134373596869409,0.00029130757320672274,0.0003166155656799674,0.00018355743668507785,0.0011341591598466039,0.00010112568998010829,0.00021308228315319866,0.0018572525586932898,0.005346780177205801,0.0027832293417304754,0.00227411394007504,0.002911873860284686,0.0006992565467953682,0.0008735120063647628,0.0012248847633600235,0.013912899419665337,0.02341308631002903,0.026131244376301765,0.0009398986585438251,0.0031521597411483526,0.0013585238484665751,0.012244030833244324,0.030332496389746666,0.6423611640930176,0.7232666015625,0.010813718661665916,0.03910628333687782,0.003218092955648899,0.004368396010249853,9.6712233244034e-07,1.3066455721855164e-06,1.0,1539.0
2.4882399429770885e-06,0.037243977189064026,0.01966724544763565,0.017268070951104164,0.06821275502443314,0.09155472368001938,4.8860580136533827e-05,1.2517550374013808e-07,1.224874722538516e-06,0.3422335982322693,0.26198840141296387,0.25346511602401733,0.24786394834518433,0.004219941794872284,0.669223427772522,0.6717178821563721,0.0015493406681343913,0.04520255699753761,0.044950056821107864,0.4482792317867279,0.5578769445419312,0.0015752427279949188,0.0016947482945397496,0.00016205200518015772,0.00430166395381093,0.021252183243632317,1.7424681573174894e-05,0.012961123138666153,0.040939293801784515,0.0018915856489911675,0.0066922735422849655,0.008677314035594463,7.044700760161504e-05,0.07504743337631226,0.00047023710794746876,0.0007669798796996474,0.3244014382362366,0.12549307942390442,0.00021633725555147976,1.4399565770872869e-06,0.07246469706296921,0.03166457638144493,0.010803955607116222,0.0006945016793906689,0.03125437721610069,0.013147433288395405,0.03133479505777359,0.029839584603905678,8.593871825723909e-06,5.845970008522272e-06,3.535708685831196e-07,9.513025815977016e-07,1.0,1540.0
1.3306005541835475e-07,0.0005352532607503235,0.002033829689025879,0.26446184515953064,0.5571749210357666,0.13542945683002472,1.4956087397877127e-05,3.1264383437701326e-07,6.045038958291116e-07,0.01252671517431736,0.009406757541000843,0.5633740425109863,0.5674799680709839,0.08242333680391312,0.09098781645298004,0.056194841861724854,0.05840148776769638,0.010784449987113476,0.006314672529697418,0.016250742599368095,0.011108024045825005,0.11074800789356232,0.0743902325630188,8.564758172724396e-05,0.04289097711443901,0.18831683695316315,0.0013229255564510822,0.0013849561801180243,0.005075260531157255,0.0019673737697303295,7.484573416149942e-06,7.797626494721044e-06,0.13643281161785126,0.0067542786709964275,0.01724802888929844,0.018735205754637718,0.0007295221439562738,0.0010313251987099648,0.9353765249252319,0.0018825388979166746,0.06436226516962051,0.1941172480583191,0.003612841246649623,0.0179872028529644,3.79346715817519e-07,1.6553008208575193e-07,1.3814797966915648e-05,8.037217412493192e-06,0.000253230711678043,0.00035801835474558175,4.250493475410622e-06,1.4876020770770992e-07,1.0,1541.0
9.011537258629687e-07,0.044666845351457596,0.029827605932950974,0.010723218321800232,0.10092788934707642,0.06252201646566391,0.00016827737272251397,7.239657406898914e-07,9.663912123869522e-07,0.005372446030378342,0.0022982668597251177,0.057710856199264526,0.07812963426113129,0.10536294430494308,0.08866159617900848,0.03992585092782974,0.044055208563804626,0.15039578080177307,0.12423523515462875,0.06695987284183502,0.01474896539002657,0.1432112157344818,0.13646528124809265,0.0005411944002844393,0.011448672041296959,0.6256276369094849,0.0008470541797578335,0.001602213829755783,0.008786264806985855,0.10324805229902267,0.00033310981234535575,0.0005154943210072815,0.11311735212802887,0.00025523360818624496,0.14159522950649261,0.1282096803188324,0.0012083242181688547,0.013722041621804237,0.16329239308834076,0.002609622897580266,0.0014551801141351461,0.001044090953655541,0.0006301489192992449,0.03880072012543678,0.0031612555030733347,0.012831664644181728,0.0002753090229816735,0.011142179369926453,0.008719050325453281,0.021024880930781364,4.82529276268906e-06,2.274238113386673e-06,1.0,1542.0
1.205836383633141e-06,0.3008926212787628,0.5022501945495605,0.0003293281770311296,0.013108094222843647,0.0029002968221902847,0.0008994048112072051,8.505987807438942e-07,3.424515000460815e-07,0.07087494432926178,0.13355432450771332,0.021382886916399002,0.02262069843709469,0.014485822059214115,0.2104147970676422,0.21270525455474854,0.019570564851164818,0.3989901542663574,0.41478466987609863,0.5203195810317993,0.6444917917251587,0.015595605596899986,0.004630748648196459,0.0015826441813260317,0.02860153466463089,0.3728378415107727,0.00028638323419727385,0.0010673769284039736,0.0031257786322385073,0.01945202425122261,0.00013772264355793595,0.0001103405375033617,0.05857621133327484,0.0004623778513632715,0.5840153694152832,0.5103855133056641,0.0025588683784008026,0.011646444909274578,0.07584863156080246,0.0006058490835130215,0.00044425815576687455,0.00202170480042696,0.00034866141504608095,0.022891536355018616,0.5371332764625549,0.7512302994728088,0.001269507221877575,0.006575713865458965,0.02962726727128029,0.05439118295907974,2.5591268695279723e-06,4.9502273213875014e-06,1.0,1543.0
1.6643964784179843e-07,0.03297979384660721,0.043142836540937424,0.008428373374044895,0.2619718313217163,0.05293099954724312,6.25613538431935e-05,5.213933107484081e-08,2.2080683947933721e-07,0.05700201168656349,0.011842716485261917,0.43142059445381165,0.4336884915828705,0.3227766156196594,0.010128762573003769,0.03298584744334221,0.3941386342048645,0.01760154217481613,0.013047154061496258,0.18902845680713654,0.010364968329668045,0.03926587849855423,0.04638700932264328,0.0016242021229118109,0.005601746030151844,1.8324795746593736e-05,4.3928548620897345e-07,2.2375485286829644e-07,0.015771912410855293,0.04127255454659462,0.009325854480266571,0.009870377369225025,0.0012950556119903922,0.0033603461924940348,0.025875883176922798,0.03709467500448227,0.08280447870492935,0.2243148684501648,0.0013543571112677455,2.9458660719683394e-05,0.000579952378757298,0.000515405903570354,0.0374082513153553,0.10380630195140839,0.23381869494915009,0.22491848468780518,0.024041127413511276,0.03515087068080902,0.14756272733211517,0.2458513081073761,1.7652148017077707e-05,1.5244052065099822e-06,1.0,1544.0
2.9968266517244047e-06,0.6931378841400146,0.6275045871734619,0.0008371014264412224,0.0009288139990530908,0.0007720612920820713,0.0028327510226517916,1.4261383967095753e-06,2.2748238279746147e-06,0.0339093841612339,0.015597536228597164,0.010528292506933212,0.01327644195407629,0.020678183063864708,0.09419450163841248,0.14834466576576233,0.0573827363550663,0.5577243566513062,0.5272389650344849,0.4981389343738556,0.136283278465271,0.028889281675219536,0.030267665162682533,0.002639573533087969,0.09426845610141754,0.5058256387710571,0.00019223557319492102,0.0003319640818517655,0.04542132839560509,0.1434592753648758,0.0037861464079469442,0.0035806342493742704,0.034028008580207825,0.0009660604991950095,0.8491564989089966,0.8241900205612183,0.0022373611573129892,0.007104620803147554,0.050381869077682495,0.00014027049473952502,0.0025364612229168415,0.002348549198359251,0.0024344874545931816,0.08395416289567947,0.2629605233669281,0.46081385016441345,0.002498893765732646,0.006825618911534548,0.5868464708328247,0.6960088014602661,5.876428531337297e-06,1.3405188838078175e-05,1.0,1545.0
1.0723346122176736e-06,0.1520974189043045,0.06647690385580063,0.0019330407958477736,0.016679828986525536,0.061132583767175674,8.568198245484382e-05,3.400718071588926e-07,3.781046302719915e-07,0.06253599375486374,0.04087303951382637,0.07841355353593826,0.11288323998451233,0.06796395778656006,0.052729781717061996,0.06048991531133652,0.06896057724952698,0.12388499081134796,0.09126671403646469,0.4026156961917877,0.08303029835224152,0.01746823638677597,0.006503462325781584,0.0001663638249738142,0.09472557157278061,0.35299569368362427,0.00012872657680418342,0.012154863215982914,0.0012038780841976404,0.0016600305680185556,0.0010336170671507716,0.0009357164963148534,0.018168851733207703,0.00036174076376482844,0.021258674561977386,0.03108097054064274,0.005041911266744137,0.004200392868369818,0.19220221042633057,0.0006047459901310503,0.016541000455617905,0.01352908555418253,0.002397820819169283,0.00691086333245039,2.6806808818946593e-05,1.708572563074995e-05,0.0005470457836054265,0.0005931953783147037,0.0001252436195500195,0.00010628758172970265,1.0946678230538964e-06,8.842364991323848e-07,1.0,1546.0
1.538211449769733e-06,0.01501921284943819,0.06228743493556976,0.0003579159965738654,0.400566041469574,0.167991504073143,2.720547854551114e-05,2.5814983928285073e-07,5.147015258444299e-07,0.010336154140532017,0.0024675396271049976,0.02930622734129429,0.012772660702466965,0.1853415071964264,0.006224270444363356,0.03760877251625061,0.4101475477218628,0.30693304538726807,0.4101790189743042,0.07052748650312424,0.07428979128599167,0.06657122820615768,0.18582533299922943,5.422897811513394e-05,0.3257007598876953,0.028622785583138466,9.551165021548513e-06,0.0026940463576465845,0.0008365915273316205,0.001330478466115892,0.0033308907877653837,0.0023094441276043653,0.014924755319952965,0.5316359996795654,0.0023703170008957386,0.002326487097889185,0.0011375551111996174,0.0017197872512042522,0.8920872211456299,1.6774484947745805e-06,0.2507384717464447,0.12391150742769241,0.04804997146129608,0.014140835963189602,4.460445381937461e-07,1.6125440538417024e-07,0.00016846087237354368,6.788660539314151e-05,3.5114819183945656e-05,3.6398858355823904e-05,6.277249440245214e-07,4.73631558861598e-07,1.0,1547.0
8.617176376901625e-07,2.0875419068033807e-05,6.0827305787825026e-06,0.9546478390693665,0.9293412566184998,0.9005033373832703,1.214368239743635e-05,7.434559847752098e-07,3.351119858052698e-06,0.003541931277140975,0.0013082301011309028,0.20412494242191315,0.21795937418937683,0.019286908209323883,0.4251280426979065,0.35861051082611084,0.0023049023002386093,0.04877482354640961,0.04143677279353142,0.015777014195919037,0.011991449631750584,0.1581704318523407,0.3911172151565552,5.387666533351876e-05,0.0016109546413645148,0.0054517644457519054,5.2229595894459635e-05,0.0006568744429387152,0.009281446225941181,0.0037348063196986914,0.004865163937211037,0.01132931374013424,0.00035699023283086717,0.0008065611473284662,0.0007319464930333197,0.001314952620305121,0.03872102126479149,0.025159470736980438,0.03574089705944061,0.0016887487145140767,0.09956938773393631,0.008414767682552338,0.091318279504776,0.012242353521287441,0.00011274124699411914,8.925890870159492e-05,0.00037860870361328125,0.015490269288420677,0.00011014952178811654,8.472843182971701e-05,5.2336195039970335e-06,3.568642910067865e-07,1.0,1548.0
6.921575277374359e-07,0.0052663483656942844,0.008573467843234539,0.15354877710342407,0.33459314703941345,0.1450362652540207,9.922388017002959e-06,4.4302311152932816e-07,1.4891989508214465e-07,0.12874817848205566,0.05731737241148949,0.09161673486232758,0.09490521997213364,0.02804923988878727,0.12109603732824326,0.11732248216867447,0.03931315988302231,0.09427428990602493,0.10694023966789246,0.4293522536754608,0.2684471011161804,0.006223984062671661,0.009332578629255295,2.8664140700129792e-05,0.004074926488101482,0.020097043365240097,9.58064993028529e-05,0.0014592906227335334,5.051780317444354e-05,0.00030127883655950427,0.022626465186476707,0.025542855262756348,0.0009898956632241607,0.005365181714296341,0.0014858454233035445,0.0007062918739393353,0.0008394445758312941,0.007124524097889662,0.233193039894104,0.00010449543333379552,0.03365244343876839,0.014294861815869808,0.03050355426967144,0.01597639173269272,1.7170889350381913e-06,2.037722424574895e-06,0.0005659430753439665,0.0026650947984308004,4.210307088214904e-05,0.00010816553549375385,2.429066171316663e-06,8.563001756556332e-07,1.0,1549.0
9.16414819585043e-07,0.04244503378868103,0.04644631966948509,0.011588075198233128,0.10213655978441238,0.046039171516895294,4.680869824369438e-05,4.440717304987629e-07,1.0668295544746798e-06,0.004484538454562426,0.0013388965744525194,0.2281302660703659,0.23441851139068604,0.04267703741788864,0.08201059699058533,0.06959151476621628,0.04351300001144409,0.03151604160666466,0.03311404213309288,0.024604102596640587,0.011713212355971336,0.10810646414756775,0.20344965159893036,7.833496783860028e-05,0.01984526589512825,0.37651270627975464,0.0003967491502407938,0.004566206596791744,0.0009328403393737972,0.0021607864182442427,0.0015350435860455036,0.0021263437811285257,0.007904887199401855,0.00031186031992547214,0.024211958050727844,0.03442324697971344,0.0039759352803230286,0.005668335594236851,0.17575818300247192,0.002209081081673503,0.03228279575705528,0.029411204159259796,0.0073659890331327915,0.02773919329047203,6.852206752228085e-06,5.785538178315619e-06,0.0001626968733035028,0.0009217023616656661,0.0006031221710145473,0.0009937698487192392,2.348276893826551e-06,1.496581035098643e-06,1.0,1550.0
5.062827881374687e-07,0.0006868685013614595,0.0003376129607204348,0.16586826741695404,0.6838507652282715,0.5253441333770752,9.891596164379735e-06,1.8408715618534188e-07,5.532329510060663e-07,0.016376955434679985,0.008866474963724613,0.300243616104126,0.31578949093818665,0.06832150369882584,0.0632399320602417,0.06429649144411087,0.06686712056398392,0.03926151618361473,0.02772911824285984,0.06463455408811569,0.01649162918329239,0.05807537958025932,0.06606638431549072,3.403432128834538e-05,0.00459939194843173,0.009631946682929993,8.309421536978334e-05,0.0007690786151215434,0.004259041510522366,0.0003818539553321898,0.0014793187147006392,0.0034645788837224245,0.0018126475624740124,0.008079677820205688,0.0011056228540837765,0.001205531065352261,0.0031525404192507267,0.005576130002737045,0.33957937359809875,0.00015317968791350722,0.05912870541214943,0.0243185106664896,0.05315721407532692,0.030784888193011284,2.374711812080932e-06,2.0495799617492594e-06,4.7511573939118534e-05,0.001351352664642036,7.676897803321481e-05,7.464166264981031e-05,3.938390364055522e-06,4.32381369819268e-07,1.0,1551.0
1.9154704204993322e-06,0.0034244020935148,0.006552548613399267,0.13503603637218475,0.33909881114959717,0.40277472138404846,0.0003007135237567127,8.92709522304358e-06,5.54919915884966e-06,0.013125704601407051,0.006203255616128445,0.1684495210647583,0.14407630264759064,0.12785132229328156,0.05103841796517372,0.03410634770989418,0.12155157327651978,0.0659576952457428,0.07839427143335342,0.08716313540935516,0.0683058425784111,0.05369410291314125,0.13247272372245789,0.00136536022182554,0.0010108790593221784,0.018598366528749466,0.0004559252702165395,0.00030462522408924997,0.0012285474222153425,0.001926692551933229,0.03305290639400482,0.028474578633904457,0.05055953562259674,0.0007652533240616322,0.133423313498497,0.12569673359394073,0.007810152135789394,0.013583432883024216,0.029880568385124207,0.00017104083963204175,0.0024299973156303167,0.0011744032381102443,0.002467939630150795,0.06634150445461273,0.675724446773529,0.7249572277069092,0.373824805021286,0.24861674010753632,0.1179497241973877,0.16238971054553986,5.465069079946261e-06,5.7777861002250575e-06,1.0,1552.0
1.5819229020053172e-06,0.15496425330638885,0.12975896894931793,0.012334386818110943,0.012994300574064255,0.013600067235529423,0.0010812674881890416,3.228551577194594e-06,1.866845764197933e-06,0.03251274675130844,0.04488981142640114,0.0997576043009758,0.10538598150014877,0.19135186076164246,0.04097149893641472,0.02041892521083355,0.16239266097545624,0.13607104122638702,0.13399992883205414,0.3100701570510864,0.23292016983032227,0.033581700176000595,0.023680364713072777,0.0019410066306591034,0.006372963543981314,0.4037884771823883,0.00220008147880435,0.00040377455297857523,0.018322905525565147,0.028186000883579254,0.00031438525184057653,0.0002646863867994398,0.17001406848430634,0.002022051252424717,0.6058062314987183,0.6945658922195435,0.009643921628594398,0.024532252922654152,0.04169176146388054,0.00023254954430740327,0.00027941353619098663,0.0021623363718390465,0.0006697710487060249,0.03870829567313194,0.8610439300537109,0.8817398548126221,0.01709882915019989,0.008877137675881386,0.36208435893058777,0.35635706782341003,5.969411631667754e-06,8.841319868224673e-06,1.0,1553.0
6.395083573806915e-07,0.2658708095550537,0.10484777390956879,0.00672996835783124,0.0011607320047914982,0.026856310665607452,0.0006677089259028435,1.2991630455871928e-06,9.972399084290373e-07,0.18780265748500824,0.1621575504541397,0.06423403322696686,0.04174777492880821,0.017460690811276436,0.3344067633152008,0.32241857051849365,0.011572475545108318,0.20215614140033722,0.2457488626241684,0.5809234976768494,0.48974189162254333,0.0036946889013051987,0.004600658547133207,0.0011012112954631448,0.017495909705758095,0.5570327043533325,0.0020671002566814423,0.0005796834593638778,0.02247861959040165,0.0055711823515594006,0.00043632747838273644,0.0005321957869455218,0.05271866172552109,0.17682871222496033,0.5563638806343079,0.47985249757766724,0.003058482427150011,0.005685470532625914,0.024070965126156807,3.660786092041235e-07,0.00045057322131469846,0.0012594274012371898,0.00016969141142908484,0.011526118032634258,0.8044531345367432,0.6429955363273621,0.019912559539079666,0.013051053509116173,0.04416158050298691,0.01604853942990303,2.803365987347206e-06,3.7504773899854627e-06,1.0,1554.0
2.9256916604936123e-06,0.6644399166107178,0.6694087386131287,6.409043271560222e-05,0.004113113507628441,0.001262574689462781,1.339680420642253e-05,6.202798203958082e-07,2.2630908347309742e-07,0.5348380208015442,0.4407910704612732,0.5176820755004883,0.5346595644950867,0.008330400101840496,0.4608584940433502,0.46372756361961365,0.0031948403920978308,0.01065864972770214,0.014891164377331734,0.7069694995880127,0.5059306621551514,0.001227634260430932,0.0005230300594121218,9.983743802877143e-05,0.002593735232949257,0.00945430900901556,2.760257302725222e-05,0.0014143682783469558,0.000722130062058568,0.0003891044470947236,0.2761087715625763,0.4335436224937439,0.003739375853911042,0.005631440784782171,0.0005377674242481589,0.0006294349441304803,0.0008764308877289295,0.001579882693476975,0.5394723415374756,6.057037171558477e-05,0.014722333289682865,0.000923187704756856,0.050905317068099976,0.0647931769490242,4.259191337041557e-05,3.333617132739164e-05,0.0019451013067737222,0.030471215024590492,0.0017929980531334877,0.002288367133587599,3.427907358855009e-06,1.273989937544684e-06,1.0,1555.0
1.2379842928567086e-06,0.5847065448760986,0.6846945285797119,0.0001182834166684188,0.0015423703007400036,0.0025230858009308577,7.192916382336989e-05,5.308596655595466e-07,1.0389013596068253e-06,0.1295275241136551,0.13357295095920563,0.02062043733894825,0.021052196621894836,0.0192620437592268,0.14109337329864502,0.1758178323507309,0.050074487924575806,0.3534877896308899,0.33984869718551636,0.7573727965354919,0.4717443287372589,0.0036161388270556927,0.0022661390248686075,0.0005104639567434788,0.002767520723864436,0.023900484666228294,9.212495933752507e-05,0.0016991507727652788,0.0006275047198869288,0.005552307236939669,0.08339563757181168,0.05973206087946892,0.0010522236116230488,0.06812301278114319,0.008335119113326073,0.002761116484180093,0.0013131153536960483,0.024726970121264458,0.009181981906294823,4.2219892293360317e-07,0.022221209481358528,0.005734375212341547,0.001455018064007163,0.006348458584398031,0.003551477799192071,0.00658695911988616,0.5788890719413757,0.367775559425354,8.49534262670204e-05,0.00021595577709376812,5.369286668610584e-07,7.247961093526101e-07,1.0,1556.0
1.0350327102059964e-06,5.4289990657707676e-05,1.49632041939185e-05,0.939058244228363,0.7913986444473267,0.5861071348190308,6.460855729528703e-06,8.343415629497031e-07,3.82686039301916e-07,0.05711707845330238,0.031590476632118225,0.058837708085775375,0.059335242956876755,0.07558931410312653,0.05714213103055954,0.06311490386724472,0.08416669815778732,0.15364354848861694,0.16611935198307037,0.14908716082572937,0.12437812983989716,0.0111962566152215,0.026927916333079338,3.4845288610085845e-05,0.00047346376231871545,0.00635083531960845,0.0002866599534172565,0.0011266961228102446,0.01669127680361271,0.009500553831458092,5.8746125432662666e-05,0.00017264741472899914,0.004066368564963341,0.0016809296794235706,0.00033310381695628166,0.00037255356437526643,0.004076474811881781,0.011698759160935879,0.3415132761001587,0.003939753398299217,0.03785063326358795,0.00612963642925024,0.11192098259925842,0.06126202270388603,2.0221723389113322e-05,3.5906366974813864e-05,1.0551436389505398e-05,0.0023828819394111633,0.0004482741351239383,0.00043648850987665355,2.2542708393302746e-06,1.6123041746141098e-07,1.0,1557.0
2.6818336209544213e-06,0.22728091478347778,0.18074332177639008,0.002658827230334282,0.011279615573585033,0.013132457621395588,0.00016849249368533492,9.408213941242138e-07,1.5582161267957417e-06,0.04795950651168823,0.010397172532975674,0.06676299124956131,0.06609328836202621,0.42209896445274353,0.004657003562897444,0.009052294306457043,0.34863466024398804,0.11488956212997437,0.12962430715560913,0.18122228980064392,0.0574432797729969,0.01677939109504223,0.025042491033673286,0.0005096595268696547,0.0023598268162459135,0.09726785868406296,0.0005204634508118033,0.0009146202355623245,0.013436241075396538,0.00021898640261497349,0.0033502685837447643,0.006730163469910622,0.00570750143378973,0.00050107401330024,0.15270012617111206,0.3482273519039154,0.059507161378860474,0.010799416340887547,0.0055252728052437305,0.0002916538214776665,0.02261437475681305,0.012982821092009544,0.0062150657176971436,0.06962872296571732,0.0005141167202964425,0.00026836153119802475,0.0017335987649857998,0.008562975563108921,0.10507997870445251,0.04256463050842285,3.67215011465305e-06,3.817834567598766e-06,1.0,1558.0
9.031213608068356e-07,0.0038772779516875744,0.013083288446068764,0.4526784420013428,0.37324318289756775,0.08820907026529312,7.823882697266527e-06,1.7266607983401627e-06,4.357609384442185e-07,0.016058534383773804,0.004610335920006037,0.011114695109426975,0.0037181635852903128,0.0628378763794899,0.005626364145427942,0.09982527047395706,0.4402899742126465,0.47652196884155273,0.5763887166976929,0.17254112660884857,0.12303540110588074,0.031233983114361763,0.11282076686620712,3.037824535567779e-05,0.03408964350819588,0.03998294100165367,2.851609133358579e-05,0.004536908119916916,0.0004583249392453581,0.00031464581843465567,0.004299030173569918,0.008407063782215118,0.004401504062116146,0.0009842432336881757,0.0024032476358115673,0.0023618999402970076,0.001314601395279169,0.010248481296002865,0.8449780941009521,0.0012959809973835945,0.17480264604091644,0.0865204930305481,0.03288814052939415,0.004706084728240967,1.3764656614512205e-07,1.243751484025779e-07,5.029476960771717e-05,0.0013995416229590774,5.613540452031884e-06,7.345320682361489e-06,1.066244635694602e-06,9.989856835090904e-07,1.0,1559.0
2.7879902972927084e-06,1.20969743875321e-05,6.843259598099394e-06,0.9605401754379272,0.8584059476852417,0.7817186713218689,0.0006652657175436616,6.340359050227562e-06,1.2635333632715628e-06,0.20810750126838684,0.13076584041118622,0.6440601944923401,0.5440711379051208,0.13009558618068695,0.23087574541568756,0.05011237412691116,0.017790252342820168,0.008773521520197392,0.01054295152425766,0.26712897419929504,0.35359835624694824,0.006761380471289158,0.009682402946054935,0.0018867385806515813,0.002822151407599449,0.16250652074813843,0.0003275368653703481,0.014936047606170177,0.020665302872657776,0.035831619054079056,0.0002942521241493523,0.00029156621894799173,0.00581224262714386,0.0008568777702748775,0.038825519382953644,0.06839245557785034,0.05903153121471405,0.10160849988460541,0.004864226095378399,0.0010578179499134421,0.019446998834609985,0.042920928448438644,0.0026256472337991,0.007386972662061453,0.7222870588302612,0.7611641883850098,0.0038714096881449223,0.01609623432159424,0.0351855494081974,0.038590382784605026,1.442392090211797e-06,2.562091367508401e-06,1.0,1560.0
1.4954995322113973e-06,0.0002476589579600841,0.0009263406973332167,0.05108625441789627,0.8718156814575195,0.634811520576477,5.576795956585556e-05,1.4705992725794204e-06,3.387485492112319e-07,0.019538909196853638,0.04708586633205414,0.06470006704330444,0.092842698097229,0.0888756737112999,0.035370122641325,0.038909971714019775,0.09957554936408997,0.13950753211975098,0.10196445882320404,0.3342163860797882,0.16133908927440643,0.05078807473182678,0.008512184023857117,5.964229421806522e-05,0.036524828523397446,0.1630726307630539,7.204401481430978e-05,0.004589437507092953,0.0004440822231117636,0.0010980436345562339,0.01498634833842516,0.019086474552750587,0.017298772931098938,0.0005715498700737953,0.009568590670824051,0.008384781889617443,0.0006652213633060455,0.004540403373539448,0.4871286153793335,0.0007479110499843955,0.06086810678243637,0.010406753979623318,0.034663278609514236,0.06044327840209007,3.2752402603364317e-06,3.8095274703664472e-06,0.0001416688464814797,0.0021460328716784716,0.0006733259651809931,0.0008129446650855243,2.5580702640581876e-06,2.263777787447907e-06,1.0,1561.0
1.3619395531350165e-06,0.0050452472642064095,0.0027569232042878866,0.3201746344566345,0.21653281152248383,0.18644578754901886,1.6861007679835893e-05,1.8823082825747406e-07,2.3243359237312688e-07,0.023576786741614342,0.011484122835099697,0.19440728425979614,0.18964949250221252,0.028171265497803688,0.08614053577184677,0.10754221677780151,0.054829757660627365,0.050197601318359375,0.043921057134866714,0.13224893808364868,0.038978856056928635,0.033801399171352386,0.04158078506588936,2.7485841201269068e-05,0.0011815739562734962,0.0009588677203282714,8.807070116745308e-06,7.608122541569173e-05,0.028649384155869484,0.13818000257015228,0.0005037971423007548,0.0004793347034137696,9.668001439422369e-05,0.006316554732620716,0.00014155379903968424,8.791030268184841e-05,0.09755130112171173,0.22059711813926697,0.000807092001195997,0.0003344341821502894,0.009729702025651932,0.002499490510672331,0.5576189160346985,0.15344464778900146,0.012043642811477184,0.013700342737138271,0.0014951833290979266,0.0011067013256251812,0.001953499624505639,0.004001004155725241,1.325086145698151e-06,5.13939824031695e-07,1.0,1562.0
1.7436034340789774e-06,0.42768484354019165,0.5023339986801147,0.00011854660260723904,0.011772433295845985,0.004814847372472286,8.480476935801562e-06,7.680819749111834e-07,3.502537140320783e-07,0.03832268714904785,0.04780219495296478,0.025555016472935677,0.027348056435585022,0.6095174551010132,0.0011778374901041389,0.005445417482405901,0.6921424865722656,0.2858096659183502,0.2939240634441376,0.3553171157836914,0.3717228174209595,0.021786633878946304,0.01175766997039318,9.640029929869343e-06,0.0296175517141819,0.016973132267594337,1.6051426428020932e-05,0.0014203685568645597,0.001023520133458078,0.0002529959019739181,0.014170621521770954,0.01741272211074829,0.0014892623294144869,0.00036684988299384713,0.0005402087699621916,0.00042422913247719407,0.0030477060936391354,0.003905738005414605,0.7479800581932068,0.004384468775242567,0.34573012590408325,0.09573447704315186,0.30216315388679504,0.03490244224667549,3.286446599304327e-07,1.333204409093014e-07,0.00047411391278728843,0.00032328913221135736,5.6409055105177686e-05,9.101479372475296e-05,7.910099384389468e-07,6.354697461574688e-07,1.0,1563.0
1.8587697923067026e-06,0.7171255350112915,0.6182005405426025,0.0006620283820666373,0.0020731366239488125,0.0033813670743256807,1.3976055015518796e-05,1.4443118345752737e-07,3.112224931101082e-07,0.1462831050157547,0.07974603027105331,0.20586471259593964,0.2239772379398346,0.3381226062774658,0.007131597492843866,0.015950437635183334,0.30986183881759644,0.036023929715156555,0.03720102831721306,0.21787609159946442,0.16956058144569397,0.004450875800102949,0.008902168832719326,5.1936340241809376e-06,0.002201600931584835,0.034344032406806946,2.740776471910067e-05,0.004772057756781578,0.00114449393004179,0.0015363392885774374,0.004933386109769344,0.005892909597605467,4.426490340847522e-05,0.00018815338262356818,0.00021965325868222862,8.398955833399668e-05,0.09091091901063919,0.1178954616189003,0.0010051338467746973,0.00241730734705925,0.5556882619857788,0.3664838373661041,0.3797842860221863,0.006579319015145302,7.873638242017478e-05,5.1571485528256744e-05,0.0024732903111726046,0.0013481664936989546,5.7900906540453434e-05,7.765769987599924e-05,6.195478619019923e-08,5.375076170821558e-07,1.0,1564.0
2.868124738597544e-06,0.740341305732727,0.7365005016326904,0.00019313712255097926,0.0006267754943110049,0.0010747454361990094,7.102575909812003e-05,2.1382541603998106e-07,1.3348002312341123e-06,0.12697678804397583,0.1451188027858734,0.05075130984187126,0.06208362430334091,0.0017076972872018814,0.6633277535438538,0.6504379510879517,0.003942467737942934,0.16619980335235596,0.15781089663505554,0.6455780267715454,0.4338509738445282,0.004660765174776316,0.0028970427811145782,0.0006397943361662328,0.00014621263835579157,0.004436544142663479,0.00041985951247625053,0.000879488477949053,0.04095317795872688,0.0005736408638767898,0.002393254777416587,0.002843927824869752,0.0007983403047546744,0.004698523785918951,0.000908329093363136,0.004785455763339996,0.15849736332893372,0.008143694140017033,0.006814285181462765,3.68209439329803e-05,0.006271180231124163,0.0033024705480784178,0.0019068507244810462,0.00478771748021245,0.06929274648427963,0.016257675364613533,0.05263063684105873,0.03253275528550148,0.00012992585834581405,7.208853639895096e-05,1.7853212739282753e-06,1.0003099077948718e-06,1.0,1565.0
1.6168813772310386e-06,0.0033096543047577143,0.0009061491000466049,0.6134807467460632,0.22642068564891815,0.3452286124229431,3.704561822814867e-05,1.0558626399870263e-06,1.4792781257710885e-06,0.0030444886069744825,0.0008862679242156446,0.022523308172822,0.022154128178954124,0.043210454285144806,0.10626380890607834,0.08529940992593765,0.034155476838350296,0.3602003753185272,0.2981615960597992,0.01540740579366684,0.004584303125739098,0.16611488163471222,0.3111461400985718,5.162350134924054e-05,0.009220209904015064,0.6765891909599304,0.0067606098018586636,0.004346657078713179,0.015573680400848389,0.023876458406448364,0.0002041731495410204,0.000360708188964054,0.05229313299059868,0.0032721797470003366,0.01206454448401928,0.013721027411520481,0.0007709566853009164,0.004424045328050852,0.8414523005485535,0.00151638628449291,0.026150109246373177,0.015627913177013397,0.029889540746808052,0.06184137612581253,3.200962510163663e-06,4.89286412630463e-06,1.0392322110419627e-05,0.0004523596726357937,0.0004434257571119815,0.000659714627545327,4.835551408177707e-06,5.590666205534944e-07,1.0,1566.0
1.812979462556541e-06,0.012487981468439102,0.451640784740448,5.875385977560654e-05,0.16911761462688446,0.005508738104254007,3.68912769772578e-05,4.486913951495808e-07,6.006828812132881e-07,0.021681278944015503,0.059544887393713,0.018475571647286415,0.02342141419649124,0.015166211873292923,0.11433570086956024,0.15977975726127625,0.04358994960784912,0.34412452578544617,0.3179813325405121,0.2970203161239624,0.16591663658618927,0.032637663185596466,0.006806474179029465,8.178087591659278e-05,0.0014803692465648055,0.1516226977109909,0.0018607573583722115,0.004781752824783325,0.0010142970131710172,0.0012716450728476048,0.0002739725459832698,0.0004342683241702616,0.027575576677918434,0.0011188520584255457,0.011057023890316486,0.009946280159056187,0.00315261073410511,0.008226821199059486,0.5567173361778259,0.0018521785968914628,0.05163665860891342,0.03861333802342415,0.012775504030287266,0.04533367604017258,3.063975782424677e-06,3.301790684417938e-06,3.6680547054857016e-05,0.0006453995010815561,0.00028969283448532224,0.00046269313315860927,1.6445754909000243e-06,6.907924330334936e-07,1.0,1567.0
1.3779831533611286e-06,0.001692949328571558,0.0018123025074601173,0.327303409576416,0.28528475761413574,0.17196756601333618,0.00044526084093376994,1.1549992677828413e-06,3.251223574807227e-07,0.2748136520385742,0.2273983657360077,0.24169908463954926,0.22142228484153748,0.046992816030979156,0.10993770509958267,0.09366364777088165,0.04353831708431244,0.046716995537281036,0.047654274851083755,0.5184916853904724,0.5471218228340149,0.0023009376600384712,0.002337403129786253,0.0007614901987835765,0.0038503380492329597,0.4450535178184509,0.00034708576276898384,0.021052010357379913,0.005078369751572609,0.02020782046020031,0.00012562263873405755,9.23872139537707e-05,0.005605734419077635,0.0004274262173566967,0.061203211545944214,0.07562683522701263,0.04180174693465233,0.08341589570045471,0.005358132999390364,0.0007345134508796036,0.006489944644272327,0.015224259346723557,0.0008741652709431946,0.002417328068986535,0.6199667453765869,0.7142552137374878,0.008626008406281471,0.014609414152801037,0.006372374482452869,0.013146437704563141,5.92801541188237e-07,1.9211324797652196e-06,1.0,1568.0
6.143690711724048e-07,0.00023397293989546597,8.280863426080032e-07,0.933080792427063,0.7431495189666748,0.9486496448516846,1.7537895473651588e-05,8.854634643284953e-07,9.225935286849563e-07,0.043667469173669815,0.0026991169434040785,0.21600192785263062,0.2304123193025589,0.009421441704034805,0.3930552303791046,0.38618460297584534,0.005108943209052086,0.022064603865146637,0.03937182202935219,0.01121626514941454,0.0921405553817749,0.013769114390015602,0.22661925852298737,4.224516305839643e-05,0.007234965451061726,0.10336703062057495,0.0002935239172074944,0.011068543419241905,0.003288456005975604,0.000902217929251492,0.0001849552063504234,0.00033129224902950227,0.003812787588685751,0.03494871407747269,0.004281223751604557,0.0035188107285648584,0.005393523257225752,0.00442209467291832,0.5965371131896973,0.0001245157909579575,0.23249156773090363,0.13721825182437897,0.011944384314119816,0.004482362885028124,2.2936540062801214e-06,1.141229631684837e-06,8.378893107874319e-05,0.00024346115242224187,6.318091618595645e-05,3.326212026877329e-05,1.2704290384135675e-06,1.4997529262927856e-07,1.0,1569.0
1.6188547533602105e-06,0.021779656410217285,0.03990807384252548,0.010171248577535152,0.12800337374210358,0.061336174607276917,0.00012266008707229048,5.19069942583883e-07,7.159933943512442e-07,0.0029268322978168726,0.00418773852288723,0.050806835293769836,0.06445908546447754,0.07158032804727554,0.051173169165849686,0.04900369793176651,0.0669003576040268,0.15193897485733032,0.1245153471827507,0.037847813218832016,0.013629800640046597,0.14968113601207733,0.062202516943216324,0.0004158465890213847,0.0007522975793108344,0.01262088306248188,5.166107803233899e-05,0.0002822035166900605,0.0010814457200467587,0.006363317370414734,0.00742939580231905,0.007529051974415779,0.004757415968924761,0.0001351283717667684,0.04695136472582817,0.047749556601047516,0.017267631366848946,0.05663043633103371,0.003613340901210904,0.0026496085338294506,0.0038565397262573242,0.0014932304620742798,0.008464318700134754,0.11221225559711456,0.006725975777953863,0.013134267181158066,0.004645868204534054,0.01933450624346733,0.2066657394170761,0.30215564370155334,5.7313200159114785e-06,1.4388076579052722e-06,1.0,1570.0
1.2285598813832621e-06,0.013687945902347565,0.008861955255270004,0.060341913253068924,0.3359527587890625,0.25333186984062195,9.014768693305086e-06,2.2943511623907398e-07,2.578449880275002e-07,0.020159590989351273,0.032520368695259094,0.03758277744054794,0.04526008665561676,0.012291374616324902,0.2543143332004547,0.26132088899612427,0.010157344862818718,0.15953481197357178,0.1607006937265396,0.22804291546344757,0.1434129923582077,0.03106226585805416,0.012241257354617119,1.81190680450527e-05,0.003057457972317934,0.023520244285464287,0.00011750075645977631,0.0025467025116086006,0.00033397696097381413,0.00023127085296437144,0.007708719465881586,0.011197427287697792,0.0013622560072690248,0.023448940366506577,0.0005879235686734319,0.0005731056444346905,0.0011655177222564816,0.002829511882737279,0.6047155857086182,4.0707975131226704e-05,0.11799763143062592,0.03988904133439064,0.03852769359946251,0.008654963225126266,5.354070822249923e-07,4.170486818111385e-07,0.0001507094711996615,0.0008302491623908281,1.1337155228829943e-05,1.8231001376989298e-05,1.8455489225743804e-06,4.261592323473451e-07,1.0,1571.0
3.4127586445720226e-07,0.2553747296333313,0.26467302441596985,0.0007207330199889839,0.03193788602948189,0.004355759359896183,1.2206113751744851e-05,8.091564041023958e-08,3.072183574204246e-08,0.25978612899780273,0.4096511900424957,0.07354778051376343,0.12272623926401138,0.1528054177761078,0.014409370720386505,0.039123743772506714,0.23636282980442047,0.15706588327884674,0.11191727966070175,0.5751020908355713,0.6022447347640991,0.0049292840994894505,0.00045267041423358023,0.00010736961849033833,0.02882850356400013,0.0022896542213857174,1.9646663531602826e-06,0.00010776895214803517,0.00012163801147835329,0.006321210414171219,0.0908706858754158,0.08081704378128052,0.00038897577906027436,0.0011322674108669162,0.008733837865293026,0.0028653177432715893,0.007758667692542076,0.27501580119132996,0.019364794716238976,6.083340849727392e-05,0.021251553669571877,0.008170598186552525,0.038169872015714645,0.003071990329772234,1.7442140233470127e-05,2.356911136303097e-05,0.0013490308774635196,0.007618224713951349,2.120738645317033e-05,5.803136446047574e-05,1.2379122154015931e-06,6.016179554535483e-07,1.0,1572.0
6.969478363316739e-07,0.03507957607507706,0.025464417412877083,0.004746118560433388,0.07847969979047775,0.0802922174334526,1.5045382497191895e-05,4.6456193558697123e-07,2.074553293596182e-07,0.11287552118301392,0.058092206716537476,0.05168283358216286,0.050573814660310745,0.04205435514450073,0.08342848718166351,0.09205081313848495,0.05463375523686409,0.19568103551864624,0.19314652681350708,0.4705977439880371,0.35470452904701233,0.006443512160331011,0.010575562715530396,3.5783577914116904e-05,0.07045964896678925,0.06807058304548264,7.627023296663538e-05,0.00748968543484807,0.0004907804541289806,0.0028279046528041363,9.040351142175496e-05,6.057696009520441e-05,0.024630766361951828,0.005350245162844658,0.00283118337392807,0.00197795033454895,0.0011492735939100385,0.004389476031064987,0.9385212659835815,0.0005796962068416178,0.1404556930065155,0.3008716404438019,0.017956729978322983,0.010568520054221153,1.4909340961821727e-07,9.124350697220507e-08,5.5095420975703746e-05,1.8094769984600134e-05,1.2219109521538485e-05,2.480454531905707e-05,6.471041160693858e-07,2.4745094151512603e-07,1.0,1573.0
2.352253204662702e-06,0.769356369972229,0.6679465770721436,0.0006244783289730549,0.0003780058759730309,0.0015187135431915522,0.0024211362469941378,1.354256482954952e-06,7.57585894461954e-07,0.3278313875198364,0.4182307720184326,0.1163368970155716,0.15320442616939545,0.03526177629828453,0.12059485167264938,0.1191215068101883,0.040026113390922546,0.10224095731973648,0.0980418473482132,0.7406411170959473,0.42138731479644775,0.0022141793742775917,0.0007010631379671395,0.0022995423059910536,0.13933208584785461,0.5826387405395508,0.0002786585537251085,0.0004319323634263128,0.01079395692795515,0.034233007580041885,0.03201441466808319,0.02702324651181698,0.05087611824274063,0.0014740538317710161,0.6477638483047485,0.6647207736968994,0.0019159282092005014,0.005125368479639292,0.05821990594267845,3.374220978002995e-05,0.0016332522500306368,0.0011981581337749958,0.001282154698856175,0.0635862722992897,0.5022294521331787,0.6521674394607544,0.018318992108106613,0.029783882200717926,0.10764559358358383,0.19880250096321106,3.5936491258325987e-06,8.26911855256185e-06,1.0,1574.0
1.773077315192495e-06,0.0016292667714878917,0.0011035421630367637,0.04226880893111229,0.6660522222518921,0.588774561882019,0.0004537705972325057,5.375230216486671e-07,1.5593310536132776e-06,0.014527357183396816,0.004736236296594143,0.025763705372810364,0.035522546619176865,0.04391966760158539,0.07951407134532928,0.07053335756063461,0.04281752184033394,0.2013297975063324,0.20734713971614838,0.47710952162742615,0.017116598784923553,0.053643207997083664,0.038832057267427444,0.000625274667982012,0.011251222342252731,0.22411224246025085,0.00024263943487312645,0.0015195929445326328,0.020328475162386894,0.0017392392037436366,0.006076042074710131,0.008892064914107323,0.007142545655369759,0.017496543005108833,0.26942577958106995,0.45849674940109253,0.009229526855051517,0.006895359139889479,0.01439218781888485,5.34326409251662e-06,0.020373769104480743,0.003220432437956333,0.005023473408073187,0.040644776076078415,0.0007139820954762399,0.0005191517411731184,0.0011116977548226714,0.00526946596801281,0.02114349976181984,0.010293693281710148,4.803534466191195e-06,2.8055644634150667e-06,1.0,1575.0
8.108671067930118e-07,0.22263847291469574,0.007395155727863312,0.004726580809801817,0.01024616975337267,0.14673277735710144,0.0002917030069511384,3.476284575754107e-07,3.347260246755468e-07,0.20494824647903442,0.14066250622272491,0.28085246682167053,0.2670494318008423,0.0034146863035857677,0.4216400682926178,0.3978979289531708,0.00822398904711008,0.043939221650362015,0.0452394112944603,0.5703487992286682,0.5982962846755981,0.004647273104637861,0.007077091373503208,0.0026149414479732513,0.0004669446498155594,0.002189717721194029,3.887390630552545e-05,4.366294524515979e-05,0.06146703660488129,0.005674703512340784,0.001070094294846058,0.0012854163069278002,0.002012923825532198,0.0124107850715518,0.22022131085395813,0.40958380699157715,0.04802853986620903,0.022135578095912933,0.002152807544916868,5.741336735809455e-06,0.0036087275948375463,0.002952008042484522,0.0026823978405445814,0.026597261428833008,0.24346745014190674,0.1080109253525734,0.01107814535498619,0.006960607133805752,0.7272473573684692,0.5797877311706543,2.6622656150721014e-06,2.6830075512407348e-06,1.0,1576.0
2.892376471663738e-07,0.0001934352912940085,0.0005408970755524933,0.31020450592041016,0.8687636256217957,0.2798362076282501,1.1313404684187844e-05,3.0939509088057093e-07,8.114267302516964e-08,0.18350888788700104,0.42057767510414124,0.09559035301208496,0.40880224108695984,0.22700686752796173,0.03962327167391777,0.018192404881119728,0.15002521872520447,0.1803593635559082,0.016087990254163742,0.49743977189064026,0.19601912796497345,0.007903039455413818,0.0006109992391429842,4.035392339574173e-05,0.04645919054746628,0.008265962824225426,1.1839424587378744e-05,0.0007569491281174123,0.000212187398574315,0.0017474920023232698,0.020764129236340523,0.012751170434057713,0.007115140091627836,0.00034253959893248975,0.002523929812014103,0.0016102155204862356,0.0010316770058125257,0.009617524221539497,0.74405437707901,0.0029269561637192965,0.1305074691772461,0.022973548620939255,0.15720055997371674,0.05630027875304222,9.041132216225378e-07,9.363753861180157e-07,0.0003609838895499706,0.0003733640187419951,0.0001078557179425843,0.00034599192440509796,2.7310504719935125e-06,2.978444513246359e-07,1.0,1577.0
3.4541535569587722e-06,0.18268808722496033,0.07769589126110077,0.0006771119660697877,0.008446468971669674,0.08086246252059937,0.0013965624384582043,1.722849674479221e-06,2.130162783942069e-06,0.18313996493816376,0.05633014440536499,0.06582523882389069,0.057309508323669434,0.0503709614276886,0.1246371865272522,0.1006932407617569,0.028750691562891006,0.181264266371727,0.16396024823188782,0.716109037399292,0.28928595781326294,0.005201175808906555,0.008935896679759026,0.0029677364509552717,0.0031606529373675585,0.09023358672857285,0.0006665955879725516,0.001368431723676622,0.012270928360521793,0.0019276272505521774,0.00046941882465034723,0.0005189122748561203,0.005602694116532803,0.0019244609866291285,0.49777117371559143,0.6840678453445435,0.024617884308099747,0.01853521354496479,0.003043319331482053,7.591526082251221e-05,0.004027040675282478,0.05121464282274246,0.001495520817115903,0.012836086563766003,0.7388908267021179,0.5689074397087097,0.012223058380186558,0.016892489045858383,0.506901204586029,0.26383644342422485,3.0039057037356542e-06,6.578150532732252e-06,1.0,1578.0
1.296047003052081e-06,0.0036805071868002415,0.06850674748420715,0.02620706707239151,0.3647071421146393,0.07740518450737,5.700138717656955e-05,2.196385821662261e-06,1.340343715128256e-05,0.004671849310398102,0.012879190035164356,0.07440333068370819,0.06399055570363998,0.00022433871345128864,0.9425000548362732,0.9536914229393005,0.000566047674510628,0.16685864329338074,0.1938784122467041,0.0390707403421402,0.19980821013450623,0.11790809035301208,0.11172988265752792,0.0016641602851450443,0.0001494752214057371,0.004017937462776899,0.006104560103267431,9.805263835005462e-05,0.008563535287976265,0.00033487798646092415,0.015088265761733055,0.03041013702750206,0.016237378120422363,0.03120598755776882,0.04911862313747406,0.23129019141197205,0.014177362434566021,0.002254470018669963,0.4574732482433319,9.665187462815084e-06,0.03111494518816471,0.012074376456439495,0.0024338699877262115,0.00902379211038351,6.7481079895515e-05,1.0093377568409778e-05,0.0013367815408855677,0.03419019654393196,0.0005662954645231366,0.00010743783786892891,3.6218629247741774e-05,4.005984010291286e-06,1.0,1579.0
2.287812321810634e-06,0.14133991301059723,0.05751493200659752,0.02664083056151867,0.02532998099923134,0.10476699471473694,0.00041625529411248863,5.537571610148007e-07,8.014079639906413e-07,0.3944934010505676,0.3743543028831482,0.04699656739830971,0.04667060449719429,0.002962891012430191,0.47817420959472656,0.4792778193950653,0.009554898366332054,0.21904081106185913,0.23354829847812653,0.6302484273910522,0.5767514109611511,0.0009916829876601696,0.0011423069518059492,0.0004902401706203818,0.002580293221399188,0.3304803669452667,0.0020292364060878754,0.02437400445342064,0.019850067794322968,0.00039838452357798815,0.08146245032548904,0.06817939132452011,0.0008722653146833181,0.01403504703193903,0.027665117755532265,0.055737514048814774,0.05931253358721733,0.0026426331605762243,0.008396012708544731,1.5715040717623197e-06,0.02207937091588974,0.011669982224702835,0.0012383278226479888,0.0008700244943611324,0.0013102272059768438,0.00016322829469572753,0.16322924196720123,0.0032433615997433662,6.09486669418402e-05,1.411733956047101e-05,1.200186034111539e-06,1.8213497696706327e-06,1.0,1580.0
1.7845127331383992e-06,0.06370284408330917,0.1558333933353424,0.012896995060145855,0.06868383288383484,0.02350672520697117,0.00025192814064212143,4.839561142944149e-07,8.811705924927082e-07,0.6897796988487244,0.6121326684951782,0.7030675411224365,0.7036554217338562,0.02333909459412098,0.13684473931789398,0.17284844815731049,0.0432266965508461,0.006990145426243544,0.006211038213223219,0.5438770055770874,0.550125002861023,0.0010100838262587786,0.00032819234183989465,0.0011216917773708701,0.001294122776016593,0.0029847018886357546,2.605653389764484e-05,9.062828030437231e-05,0.0018158877501264215,0.006492330227047205,0.018192948773503304,0.01174882985651493,0.0005302996723912656,0.0029203412123024464,0.022942665964365005,0.03285617753863335,0.04643010348081589,0.11146362870931625,0.0007438613101840019,3.398817352717742e-05,0.013937355019152164,0.012305914424359798,0.00931492168456316,0.01523220632225275,0.5472283959388733,0.6477397084236145,0.13291357457637787,0.1570335030555725,0.065676249563694,0.1708468645811081,1.876735154837661e-06,2.8019251203659223e-06,1.0,1581.0
5.193205083742214e-07,0.00020665995543822646,0.00023403315572068095,0.669263482093811,0.673697829246521,0.25807690620422363,4.657329191104509e-05,2.477879888829193e-06,1.3483567045113887e-06,0.024789011105895042,0.00445636035874486,0.4752928614616394,0.48424193263053894,0.049401313066482544,0.11430472135543823,0.08407215774059296,0.03363098204135895,0.01207361277192831,0.01418317575007677,0.04915829375386238,0.01583411544561386,0.04365153610706329,0.12229858338832855,0.0002115849347319454,0.009718641638755798,0.34645119309425354,0.00096929568098858,0.0016868074890226126,0.00026788373361341655,0.0013705262681469321,0.04133060202002525,0.06970309466123581,0.003473234362900257,0.00012412270007189363,0.07595200091600418,0.07870589941740036,0.0011286481749266386,0.006638340651988983,0.07049745321273804,0.0025191446766257286,0.03216225281357765,0.03157246485352516,0.010076613165438175,0.03345922380685806,6.260243480937788e-06,9.721726200950798e-06,0.0003692494356073439,0.014076076447963715,0.00275191618129611,0.004859738517552614,9.704016520117875e-06,2.1271805508149555e-06,1.0,1582.0
4.910234565613791e-06,0.01809932105243206,0.01329073403030634,0.11250989139080048,0.0268588587641716,0.24415072798728943,0.00046332008787430823,5.845340183441294e-06,4.255510702932952e-06,0.23671844601631165,0.17990750074386597,0.23888488113880157,0.29528313875198364,0.03547877445816994,0.23682166635990143,0.24102941155433655,0.07616220414638519,0.036872610449790955,0.025050191208720207,0.4713495671749115,0.24090349674224854,0.0033499933779239655,0.005097832530736923,0.0016965159447863698,0.023618074133992195,0.22987166047096252,0.005082693416625261,0.0002995560644194484,0.2445816993713379,0.016356736421585083,0.00031094058067537844,0.0007538979407399893,0.1312238574028015,0.006909662391990423,0.3503492772579193,0.5185356140136719,0.025819212198257446,0.008260523900389671,0.05458274856209755,7.768627983750775e-05,0.013024012558162212,0.002493600593879819,0.0020311223343014717,0.30234938859939575,0.004945629276335239,0.0035424104426056147,0.0003967328811995685,0.04220198094844818,0.049487728625535965,0.006447631400078535,2.58675281656906e-05,1.1315723895677365e-05,1.0,1583.0
8.594024052399618e-07,0.0002829907462000847,1.8416457123748842e-06,0.9454690217971802,0.825494110584259,0.9586391448974609,0.0001907793339341879,6.553822800015041e-07,1.0191608907916816e-06,0.0016555322799831629,0.0007845092914067209,0.03163084387779236,0.11104823648929596,0.18406330049037933,0.10868994891643524,0.019063729792833328,0.04252203553915024,0.2679543197154999,0.08624445647001266,0.03747570887207985,0.0031496286392211914,0.3354199528694153,0.31927281618118286,0.00016142401727847755,0.02065393142402172,0.7564824819564819,0.001722476095892489,0.0052138157188892365,0.005803112871944904,0.08755896985530853,0.0014817416667938232,0.0021299191284924746,0.03302261233329773,0.0005529653863050044,0.061264075338840485,0.09355127066373825,0.0012581378687173128,0.018749384209513664,0.22869005799293518,0.0017771314596757293,0.011236595921218395,0.013891922309994698,0.004694645293056965,0.011466295458376408,4.7838871978456154e-05,0.00013908113760408014,3.734730853466317e-05,0.0028450642712414265,0.00038077542558312416,0.0006118371966294944,5.497614893101854e-06,9.246087984138285e-07,1.0,1584.0
1.1353080253684311e-06,0.0020246414933353662,0.0019094753079116344,0.5109561681747437,0.7111541032791138,0.5241708755493164,7.825925422366709e-05,4.2318333726143464e-07,1.469867584091844e-06,0.010316092520952225,0.010669596493244171,0.008667356334626675,0.035984285175800323,0.006366501562297344,0.20684662461280823,0.3183305859565735,0.03678584098815918,0.4889266788959503,0.2528161108493805,0.1466827541589737,0.024103695526719093,0.0744028240442276,0.06087416782975197,5.478034290717915e-05,0.03443240001797676,0.7724252939224243,0.007168902084231377,0.008433323353528976,0.0747886374592781,0.036141835153102875,5.957979738013819e-06,9.068333383766003e-06,0.09240734577178955,0.017088552936911583,0.003490566974505782,0.007663143333047628,0.0008091920171864331,0.0009110169485211372,0.9655819535255432,0.001390114426612854,0.02467368356883526,0.093936026096344,0.005814293399453163,0.0073759532533586025,7.558552965747367e-07,3.787466482663149e-07,1.951242666109465e-06,2.977643634949345e-05,2.386503911111504e-05,1.0877892236749176e-05,8.200505362765398e-06,6.208467766555259e-07,1.0,1585.0
1.1024487776012393e-06,0.0015615528682246804,0.000800294044893235,0.3145097494125366,0.6013873815536499,0.5404693484306335,5.087459066999145e-05,8.238375244218332e-07,8.892885716704768e-07,0.00392146548256278,0.001200167229399085,0.04320632293820381,0.05055777356028557,0.02813255786895752,0.11496828496456146,0.11355555802583694,0.03654337674379349,0.18366879224777222,0.15784254670143127,0.0340920053422451,0.009939347393810749,0.1339399367570877,0.2286735624074936,5.862379111931659e-05,0.0037220604717731476,0.6535595655441284,0.024146078154444695,0.00348612479865551,0.0074470508843660355,0.02028442732989788,0.00045456175575964153,0.0008719702600501478,0.02839406579732895,0.001501491293311119,0.030452121049165726,0.025182221084833145,0.00046899417066015303,0.005058364477008581,0.6647264957427979,0.0011518832761794329,0.023284245282411575,0.017878638580441475,0.01850786991417408,0.03354603052139282,2.0075026441190857e-06,4.105479547433788e-06,9.733739716466516e-06,0.0006707199499942362,0.00024255017342511564,0.00044099093065597117,4.442768840817735e-06,1.052514903676638e-06,1.0,1586.0
1.9534061266313074e-06,0.6348804235458374,0.6182965040206909,5.3954659961164e-05,0.002545780735090375,0.0035774591378867626,1.004255682346411e-05,1.4074664989038865e-07,2.8431438181542035e-07,0.2605772614479065,0.23353059589862823,0.2472570836544037,0.24291062355041504,0.0026394783053547144,0.4804566204547882,0.4479579031467438,0.012403715401887894,0.03898341581225395,0.038347624242305756,0.40652379393577576,0.5249181985855103,0.002129781525582075,0.0016518199117854238,6.17371824773727e-06,0.0012022971641272306,0.03418250381946564,0.00044321652967482805,0.0029846818652004004,0.0009948399383574724,0.012795154005289078,0.0003322243283037096,0.00032129319151863456,0.00015579775208607316,0.0005448630545288324,0.0001330414233962074,7.573998300358653e-05,0.011119198054075241,0.024742649868130684,0.09794237464666367,0.005942559335380793,0.5542811155319214,0.3265742361545563,0.47606706619262695,0.01503621693700552,2.903571839851793e-06,2.7705316369974753e-06,9.124299685936421e-05,0.000263335183262825,5.998692813591333e-06,1.7645937987254e-05,1.2675724292421364e-07,1.8944082569305465e-07,1.0,1587.0
4.4827311285189353e-07,1.7827242118073627e-05,1.2293437066546176e-05,0.8643978238105774,0.9328495860099792,0.9430876970291138,0.0012642365181818604,2.77662843473081e-06,1.71222764038248e-05,0.020839611068367958,0.003866109997034073,0.578994870185852,0.5955816507339478,0.025139305740594864,0.35653623938560486,0.3406122326850891,0.005090329330414534,0.010736090131103992,0.010464340448379517,0.0325448103249073,0.010959112085402012,0.06498351693153381,0.2710796892642975,0.0037517137825489044,0.02446773275732994,0.4810678958892822,0.0009152688435278833,0.001060843002051115,0.15620408952236176,0.04518098384141922,0.009444409050047398,0.016823912039399147,0.01737353764474392,0.02388937585055828,0.7509467601776123,0.772083044052124,0.019663400948047638,0.03299960866570473,0.005921201780438423,5.282998699840391e-06,0.007532073184847832,0.0038148346357047558,0.0009116572909988463,0.01780536398291588,0.10089821368455887,0.10054679214954376,0.014553273096680641,0.07133607566356659,0.04461707919836044,0.02833429165184498,1.4030620150151663e-05,7.356845799222356e-06,1.0,1588.0
1.291835360461846e-06,0.0025638933293521404,0.0025218729861080647,0.018504774197936058,0.5754289627075195,0.36911141872406006,0.001880702213384211,2.0784814296348486e-06,4.363865627965424e-06,0.046060141175985336,0.014548590406775475,0.15594890713691711,0.13121767342090607,0.02755795419216156,0.11004965752363205,0.11965257674455643,0.04612899571657181,0.07390252500772476,0.08579760789871216,0.2270258665084839,0.15787683427333832,0.021398821845650673,0.04432445019483566,0.004308292642235756,0.018428990617394447,0.21819941699504852,0.0001901716459542513,0.0006876623956486583,0.011412523686885834,0.008958510123193264,0.019240552559494972,0.017583973705768585,0.001938781701028347,0.0014652545796707273,0.6466537714004517,0.7256328463554382,0.02100975066423416,0.026333913207054138,0.0021747134160250425,3.36106022587046e-05,0.008460622280836105,0.01707039587199688,0.002696910174563527,0.01745789498090744,0.19953139126300812,0.17971637845039368,0.29120710492134094,0.26368096470832825,0.43456199765205383,0.4103640913963318,5.775780664407648e-06,7.635184374521486e-06,1.0,1589.0
1.5857383459660923e-06,0.0006411625072360039,0.00012093956320313737,0.7231210470199585,0.45070821046829224,0.7128019332885742,0.0014075300423428416,1.3080943062959705e-05,6.2138728935678955e-06,0.051185086369514465,0.048650022596120834,0.39883747696876526,0.42484503984451294,0.008776655420660973,0.36836761236190796,0.3853774964809418,0.006100495811551809,0.018510781228542328,0.01609371230006218,0.11451882123947144,0.04649083688855171,0.03311377391219139,0.04413173347711563,0.004341730382293463,0.02079860121011734,0.14663450419902802,0.0009479135042056441,7.600724347867072e-05,0.04222913458943367,0.050345320254564285,0.086439348757267,0.15937601029872894,0.06570645421743393,0.0006614034064114094,0.927158534526825,0.8995286822319031,0.007571753580123186,0.027060063555836678,0.03477390855550766,0.0001744979090290144,0.013974495232105255,0.0012544009368866682,0.007134518586099148,0.31110548973083496,0.04102032631635666,0.08157841116189957,0.006548986304551363,0.07659699767827988,0.3884965479373932,0.41613641381263733,5.399527071858756e-05,2.243663948320318e-05,1.0,1590.0
6.742968139406003e-07,0.00351212196983397,0.0023981528356671333,0.1870061159133911,0.5766588449478149,0.5295690894126892,3.799052137765102e-05,7.28000713934307e-07,1.2817089327654685e-06,0.018388327211141586,0.019324272871017456,0.031066428869962692,0.027077609673142433,0.0008243665797635913,0.7421958446502686,0.7423235177993774,0.0026922598481178284,0.21394464373588562,0.2340598851442337,0.04718554764986038,0.10509767383337021,0.030928337946534157,0.03973031044006348,0.00021432747598737478,0.0008352823788300157,0.05713581666350365,0.0021538615692406893,0.0004571509489323944,0.0005061264964751899,0.0001482467050664127,0.012917024083435535,0.012552246451377869,0.004219226539134979,0.00981634110212326,0.017149947583675385,0.024889906868338585,0.005643615499138832,0.0014605522155761719,0.1398085355758667,3.849294807878323e-05,0.011860049329698086,0.01780797354876995,0.0009950986132025719,0.011410737410187721,1.741624146234244e-05,5.248964498605346e-06,0.005477188155055046,0.004659877624362707,0.00021410832414403558,0.00013753182429354638,1.3109254723531194e-05,1.7643953924562084e-06,1.0,1591.0
1.5938846900098724e-06,0.0009691031882539392,0.0006563760107383132,0.3270370364189148,0.6043263673782349,0.5336946249008179,0.0001343738695140928,6.588853693756391e-07,3.6125654787610983e-06,0.0034977977629750967,0.0011998317204415798,0.027407359331846237,0.02416103146970272,0.060180969536304474,0.07037016749382019,0.05983980372548103,0.06013426557183266,0.29309532046318054,0.3100273311138153,0.038089390844106674,0.012965770438313484,0.11943637579679489,0.2451029121875763,0.00016727160254959017,0.059281520545482635,0.5575017333030701,0.00047026146785356104,0.002196984365582466,0.007939144037663937,0.005269146524369717,0.0027695600874722004,0.004473513923585415,0.0026083088014274836,0.07886640727519989,0.06769625097513199,0.07407062500715256,0.006903317756950855,0.02609196864068508,0.016333216801285744,4.715700470114825e-06,0.04000582918524742,0.02935132384300232,0.010461961850523949,0.01979890652000904,4.0739971154835075e-05,3.5578705137595534e-05,0.00017180974828079343,0.004108243156224489,0.001261654426343739,0.0006326661095954478,5.5176001296786126e-06,2.507119233996491e-06,1.0,1592.0
3.1666485256209853e-07,7.724003808107227e-05,0.0009512831456959248,0.6942976713180542,0.6936838626861572,0.19907061755657196,6.106094951974228e-05,4.808521225641016e-07,1.4125497500572237e-06,0.013521559536457062,0.006276120897382498,0.4064420759677887,0.3900095224380493,0.04575034976005554,0.10904864221811295,0.09077376872301102,0.04355772212147713,0.01769069768488407,0.01680085062980652,0.04632872715592384,0.019362566992640495,0.07672713696956635,0.08232135325670242,0.00014274686691351235,0.0031171042937785387,0.36556529998779297,0.005325131583958864,0.002709724009037018,0.0012082004686817527,0.0017885598354041576,0.0008926083683036268,0.0013815993443131447,0.002073073759675026,0.0005509908660314977,0.05004702880978584,0.044596634805202484,0.01102979201823473,0.021903766319155693,0.023530298843979836,0.001379748689942062,0.05144280195236206,0.13858149945735931,0.0043069529347121716,0.0036154340486973524,8.499755494995043e-06,7.780007763358299e-06,0.0002059074176941067,0.0010993597097694874,0.0002781414950732142,0.0002963458828162402,4.128333330299938e-06,7.7405593401636e-07,1.0,1593.0
3.034119117728551e-06,0.6408549547195435,0.6727275848388672,4.6011504309717566e-05,0.0025208175648003817,0.003611938562244177,9.238298662239686e-05,2.102318887864385e-07,3.3834078294603387e-07,0.2887633144855499,0.3729175925254822,0.05970364809036255,0.07232183963060379,0.004299934953451157,0.4552333950996399,0.43860599398612976,0.007937592454254627,0.1557140350341797,0.1666061282157898,0.7477443218231201,0.6903711557388306,0.0013991112355142832,0.00045392304309643805,0.00015219228225760162,0.0004334328987170011,0.10957001894712448,0.0016827405197545886,0.017460109665989876,0.0013859359314665198,0.0011745380470529199,0.013659616000950336,0.011725235730409622,0.0005530932685360312,0.0030521471053361893,0.003955993801355362,0.008101998828351498,0.010055439546704292,0.007075764704495668,0.021214213222265244,3.890390871674754e-05,0.054407909512519836,0.017456676810979843,0.007425307761877775,0.0040056658908724785,0.00012093505938537419,7.351593376370147e-05,0.003760508494451642,0.004306307062506676,0.00010467314859852195,0.00015799344691913575,3.453774297668133e-07,6.117486464063404e-07,1.0,1594.0
1.05680453543755e-06,0.0024189327377825975,0.0013725176686421037,0.154865562915802,0.44706472754478455,0.39333435893058777,0.00017752616258803755,1.7160526795123587e-06,6.040463631507009e-07,0.002577349543571472,0.0009985464857891202,0.027787504717707634,0.039466675370931625,0.2276957631111145,0.028567146509885788,0.009589266031980515,0.22168193757534027,0.2855603098869324,0.25985828042030334,0.041738852858543396,0.007829519920051098,0.19030557572841644,0.24063900113105774,0.000278086110483855,0.027990346774458885,0.49105340242385864,0.0007450709235854447,0.0016261270502582192,0.0009352989727631211,0.04650232195854187,0.004013783764094114,0.00250824517570436,0.0342131070792675,7.692323561059311e-05,0.16123642027378082,0.11460614949464798,0.0009771987097337842,0.010980172082781792,0.09934653341770172,0.009074460715055466,0.0054486338049173355,0.005616403184831142,0.005615276750177145,0.13426922261714935,0.00015641265781596303,0.00039568773354403675,0.00047031062422320247,0.0012209120905026793,0.012415584176778793,0.023004775866866112,5.3591661526297685e-06,2.3931017949507805e-06,1.0,1595.0
1.4852066669845954e-06,0.01837240718305111,0.014871353283524513,0.09923859685659409,0.14375406503677368,0.15019828081130981,3.18733582389541e-05,4.731191722839867e-07,9.87413955044758e-07,0.004227532539516687,0.0010708683403208852,0.04552813991904259,0.04150300845503807,0.030891936272382736,0.09673099219799042,0.09085767716169357,0.034713681787252426,0.17716598510742188,0.18257008492946625,0.03138160705566406,0.01230219379067421,0.10242521017789841,0.21126174926757812,4.060852006659843e-05,0.0030881573911756277,0.5097732543945312,0.004390591289848089,0.011103174649178982,0.010031389072537422,0.005314297042787075,3.9069203921826556e-05,4.835191066376865e-05,0.037524737417697906,0.0013802145840600133,0.0038860358763486147,0.007636155001819134,0.004464978817850351,0.0026990496553480625,0.6520863771438599,0.00370899704284966,0.0158779788762331,0.014299862086772919,0.012184315361082554,0.02750552073121071,1.19140422611963e-05,8.38832238514442e-06,4.899873965769075e-05,0.00014690593525301665,0.00039717182517051697,0.0005065053119324148,1.5739143464088556e-06,4.329978651185229e-07,1.0,1596.0
3.5801338071905775e-07,0.005654369480907917,0.0161019004881382,0.01855803281068802,0.2750124931335449,0.07914941757917404,2.727150967984926e-05,2.0774953668478702e-07,5.740157575928606e-07,0.007779391016811132,0.008831266313791275,0.3135540187358856,0.16814854741096497,0.04564293101429939,0.6436436176300049,0.20602825284004211,0.0010016183368861675,0.022414466366171837,0.0477001927793026,0.05573904141783714,0.053136009722948074,0.09923059493303299,0.10147901624441147,7.403076597256586e-05,0.03438340127468109,0.11864005029201508,0.00024142561596818268,0.0018807674059644341,0.005703757517039776,0.06590011715888977,1.2066279850841966e-05,9.182150279229973e-06,0.023854095488786697,0.030168624594807625,0.023131897673010826,0.013753949664533138,0.0014680717140436172,0.010251650586724281,0.6227015256881714,0.0001889251434477046,0.1469784379005432,0.16559480130672455,0.005758409388363361,0.02107522450387478,2.172072981920792e-06,1.802339511414175e-06,1.8005364836426452e-05,1.5668661944800988e-05,0.00021374992502387613,0.0003655145992524922,1.5858003052926506e-06,1.2640643376471417e-07,1.0,1597.0
5.450871753964748e-07,2.362595660088118e-05,1.000210704660276e-05,0.938140869140625,0.9568754434585571,0.9228484034538269,0.00120983284432441,4.691652520705247e-06,3.0026253625692334e-06,0.00537585373967886,0.0035124076530337334,0.361916184425354,0.3576713800430298,0.1397816687822342,0.10928601771593094,0.039521582424640656,0.04241647198796272,0.0368482731282711,0.02868201956152916,0.05327101796865463,0.04259131848812103,0.20485550165176392,0.2773762047290802,0.0019234565552324057,0.0010274435626342893,0.476966917514801,0.010013396851718426,0.0004722209123428911,0.035086389631032944,0.032445959746837616,0.0005052285268902779,0.0006304564885795116,0.12106822431087494,0.0009313999325968325,0.6393469572067261,0.732599139213562,0.00818160455673933,0.016265150159597397,0.060815002769231796,0.0005346133257262409,0.0005878561059944332,0.002544386312365532,0.0006146833766251802,0.02123667672276497,0.6901810169219971,0.7864959239959717,0.0078093018382787704,0.028738420456647873,0.20057113468647003,0.3876258432865143,8.30879343993729e-06,4.007237293990329e-06,1.0,1598.0
1.919003267403241e-07,0.00017948811000678688,0.00013526953989639878,0.8608280420303345,0.5490474104881287,0.3471043109893799,2.5946115783881396e-05,7.511715125474439e-07,6.927234608156141e-07,0.015515879727900028,0.005328052677214146,0.16022852063179016,0.16303350031375885,0.010414048098027706,0.4473806917667389,0.4290964603424072,0.0033515982795506716,0.06111318618059158,0.053308457136154175,0.06780584901571274,0.04060608521103859,0.050173770636320114,0.14802341163158417,0.00015171732229646295,0.0006482911412604153,0.511764407157898,0.0560024194419384,0.0034094620496034622,0.004776491783559322,0.009364737197756767,3.4049517125822604e-05,5.474598583532497e-05,0.07859718799591064,0.0004703328013420105,0.03297993913292885,0.03586148843169212,0.0010612917831167579,0.002349310088902712,0.5681624412536621,0.0034500884357839823,0.0071152145974338055,0.032044585794210434,0.0004888717085123062,0.002152457134798169,6.547688826685771e-06,7.89144542068243e-06,2.836745625245385e-05,0.00043860901496373117,9.144062642008066e-05,0.00010567534627625719,3.3912297112692613e-06,2.584146159279044e-07,1.0,1599.0
7.13308793365286e-07,0.3302285373210907,0.4258984625339508,6.568221124325646e-06,0.01435055397450924,0.006678183097392321,6.13973243162036e-05,2.6710367251325806e-07,1.2592479947670654e-07,0.10472006350755692,0.13516804575920105,0.16757343709468842,0.17073528468608856,0.1324375867843628,0.021486209705471992,0.03556212782859802,0.15479430556297302,0.06042275205254555,0.05221250280737877,0.3664659857749939,0.40901419520378113,0.006444684229791164,0.003176257247105241,0.0002540866262279451,0.0001653351355344057,0.03680238127708435,0.001202815561555326,0.0005870763561688364,0.0012612513964995742,0.00308099458925426,0.0008588424534536898,0.00101184390950948,0.009249345399439335,0.0003101104812230915,0.0355607308447361,0.039467282593250275,0.006630843039602041,0.02358321100473404,0.020418619737029076,0.0006535131833516061,0.003200836479663849,0.003282500896602869,0.002985964762046933,0.047673169523477554,0.0005317804752849042,0.0007891173590905964,0.0007552520255558193,0.0037911911495029926,0.029387176036834717,0.04851493611931801,9.15874920792703e-07,6.699017944811203e-07,1.0,1600.0
1.7257043509744108e-06,0.4756357669830322,0.4614429771900177,0.0005173856043256819,0.002030054572969675,0.002617520745843649,1.7950549590750597e-05,3.326144053517055e-07,1.7061657331396418e-07,0.20840564370155334,0.1716812700033188,0.0940873920917511,0.09669910371303558,0.08651857823133469,0.041803788393735886,0.06070501357316971,0.09872210770845413,0.11346674710512161,0.1214945837855339,0.42876923084259033,0.40576982498168945,0.002997743198648095,0.0017693577101454139,0.00017361214850097895,0.0003638113266788423,0.003316111396998167,6.16995312157087e-05,0.0004247486940585077,0.0005895185749977827,0.00023452413734048605,0.0599437840282917,0.08055093884468079,0.001361677423119545,0.0006180910859256983,0.0009164743823930621,0.0013293423689901829,0.008091762661933899,0.005646327044814825,0.027055472135543823,0.0002753161243163049,0.003289174987003207,0.000866239657625556,0.009078745730221272,0.028226060792803764,0.001002564444206655,0.0008598791318945587,0.015088834799826145,0.05827340856194496,0.0008874242776073515,0.0016546924598515034,2.0126822164456826e-06,1.0245323665003525e-06,1.0,1601.0
2.6263235213264124e-06,0.18284273147583008,0.12402360141277313,0.011922811158001423,0.017325086519122124,0.022009355947375298,0.0006843630690127611,1.5717529322500923e-06,7.664283430131036e-07,0.09162934124469757,0.1705123335123062,0.009469239972531796,0.029032619670033455,0.030852243304252625,0.1230110377073288,0.156782329082489,0.057106755673885345,0.5094268918037415,0.42400363087654114,0.5796482563018799,0.33267202973365784,0.013631036505103111,0.0024159082677215338,0.0026810166891664267,0.014930329285562038,0.33709314465522766,0.00016720828716643155,0.01483115367591381,0.0005913613131269813,0.013201653026044369,0.005562012083828449,0.0027996047865599394,0.008801713585853577,2.4059074803517433e-06,0.10095155239105225,0.13597634434700012,0.012520777992904186,0.02449168637394905,0.0040894015692174435,0.04267920181155205,0.0030849312897771597,0.01824687235057354,0.00034447101643308997,0.0015703815734013915,0.1894201785326004,0.3576018512248993,0.20431628823280334,0.5951754450798035,0.0009742244146764278,0.0020160877611488104,1.1786584082074114e-06,3.8108901208033785e-06,1.0,1602.0
6.834858368165442e-07,0.00017839680367615074,2.3724825950921513e-05,0.909781277179718,0.49917072057724,0.49569734930992126,0.0007771171513013542,1.6317414974764688e-06,2.3461636828869814e-06,0.022969329729676247,0.02405414544045925,0.23889079689979553,0.1901743859052658,0.4590230882167816,0.6049864888191223,0.007065554149448872,0.002664857776835561,0.04329749941825867,0.05194367095828056,0.12910374999046326,0.06997520476579666,0.04603778198361397,0.06356514990329742,0.004450199659913778,0.007249622140079737,0.26417213678359985,0.0009355025831609964,0.0005281205521896482,0.03582474961876869,0.03728935495018959,0.000411077868193388,0.0005536295939236879,0.10337667912244797,0.0017820808570832014,0.7733612656593323,0.8296459317207336,0.007790802977979183,0.02376716025173664,0.0783514454960823,0.00011280685430392623,0.0023508986923843622,0.002794020576402545,0.0005323076038621366,0.02032339945435524,0.3171219229698181,0.3930540382862091,0.005121673457324505,0.034067705273628235,0.0925372838973999,0.11484258621931076,1.152474942500703e-05,1.389960857522965e-06,1.0,1603.0
7.356042601713852e-07,0.004769501741975546,0.0034402820747345686,0.10221496224403381,0.4137972295284271,0.2977834641933441,6.81456585880369e-05,1.3873743682779605e-06,9.45532008245209e-07,0.002931260969489813,0.0028806591872125864,0.18002793192863464,0.2049531489610672,0.00674635311588645,0.4545733332633972,0.4595760405063629,0.0028570720460265875,0.035798151046037674,0.03787204250693321,0.028001535683870316,0.02386503666639328,0.14641602337360382,0.1789388507604599,9.447541378904134e-05,0.001045477925799787,0.44328609108924866,0.02455223724246025,0.0016152920434251428,0.0014637595741078258,0.008518158458173275,0.006460109725594521,0.004112967289984226,0.002983932616189122,5.421972673502751e-05,0.04951993376016617,0.04298463091254234,0.011393021792173386,0.007527925074100494,0.02454391121864319,0.008245766162872314,0.023691607639193535,0.011097784154117107,0.012330918572843075,0.04811739921569824,3.9129125070758164e-05,2.70664877461968e-05,0.0016282789874821901,0.0004199888207949698,0.0010140694212168455,0.0012511445675045252,4.896038262813818e-06,1.4404895409825258e-06,1.0,1604.0
1.201421855512308e-05,0.007375398185104132,0.009620128199458122,0.12218795716762543,0.28136149048805237,0.2457483410835266,0.001469049253500998,1.4229065527615603e-05,6.8171457314747386e-06,0.2762438654899597,0.27063173055648804,0.11264326423406601,0.12612764537334442,0.016966592520475388,0.17875777184963226,0.25793829560279846,0.04873117059469223,0.12102538347244263,0.11986054480075836,0.37450629472732544,0.5333947539329529,0.004211312159895897,0.003545910120010376,0.002183734206482768,0.011392103508114815,0.23623669147491455,0.00022918045578990132,0.004745445214211941,0.012310318648815155,0.004611493553966284,0.0032532147597521544,0.003316456452012062,0.029536202549934387,0.007795268204063177,0.09504018723964691,0.16993682086467743,0.06213901937007904,0.06395825743675232,0.006637224927544594,7.001136691542342e-05,0.00276258890517056,0.005904393270611763,0.0048643904738128185,0.026173433288931847,0.9591010808944702,0.9561316967010498,0.2626984417438507,0.38059836626052856,0.652543306350708,0.6279444098472595,4.929396254738094e-06,1.809483910619747e-05,1.0,1605.0
1.3737711697103805e-06,0.00763867748901248,0.011205329559743404,0.25637200474739075,0.12250357121229172,0.0959804356098175,1.1713831554516219e-05,7.694654868828366e-07,9.156914870800392e-07,0.022396717220544815,0.012907050549983978,0.06519149243831635,0.06164630129933357,0.03321148827672005,0.15829840302467346,0.13563838601112366,0.02277299202978611,0.15079835057258606,0.13301029801368713,0.11331626772880554,0.05643084645271301,0.033084772527217865,0.0509968139231205,2.744906669249758e-05,0.00774804363027215,0.6051679849624634,0.0077780624851584435,0.021754957735538483,0.008267405442893505,0.0325247198343277,2.0333243810455315e-05,6.338150706142187e-05,0.04747029021382332,0.0003264467231929302,0.0023197419941425323,0.002212090417742729,0.00024964442127384245,0.007219426799565554,0.9250521063804626,0.031749267131090164,0.08217970281839371,0.08122522383928299,0.023112399503588676,0.008173659443855286,3.8494371779052017e-07,1.4376965964402189e-06,5.556933615480375e-07,0.0005088712205179036,9.95860045804875e-06,2.1048896087449975e-05,1.5519399312324822e-06,3.938465908959188e-07,1.0,1606.0
6.100666496422491e-07,0.0007833969430066645,0.00029782214551232755,0.7813525199890137,0.34832435846328735,0.30874383449554443,2.7899694032385014e-05,4.946217018186871e-07,9.52821608279919e-07,0.002836903790012002,0.001968743046745658,0.03874005004763603,0.04628220945596695,0.044627830386161804,0.12737427651882172,0.10003484785556793,0.03115544468164444,0.20754259824752808,0.16281276941299438,0.03566586226224899,0.010486914776265621,0.18353930115699768,0.2069936990737915,5.9364756452851e-05,0.004273394588381052,0.6189397573471069,0.010594069957733154,0.004669052083045244,0.017168089747428894,0.012226334773004055,4.2559429857647046e-05,8.791802247287706e-05,0.034277115017175674,0.0019022885244339705,0.012360665015876293,0.015196654014289379,0.0007483884110115469,0.001688352320343256,0.8763348460197449,0.0022835589479655027,0.024112995713949203,0.026251349598169327,0.0071038976311683655,0.005914421286433935,8.85267581907101e-07,9.352615961688571e-07,5.417174634203548e-06,0.0002174842666136101,0.00012219673953950405,0.00011201363668078557,3.938874669984216e-06,2.3859342945797835e-07,1.0,1607.0
4.5973325768500217e-07,9.565715299686417e-05,4.695856841863133e-05,0.742524266242981,0.7592382431030273,0.7614663243293762,0.000790399732068181,1.3643914371641586e-06,3.2401433145423653e-06,0.01898731105029583,0.024602128192782402,0.2590627372264862,0.3025042414665222,0.01430544164031744,0.5077842473983765,0.4942092001438141,0.0025075143203139305,0.04587211832404137,0.031503789126873016,0.12757959961891174,0.07536354660987854,0.06502069532871246,0.04626653343439102,0.0023693249095231295,0.017231211066246033,0.5752764940261841,0.0022554914467036724,0.0011890403693541884,0.0779346153140068,0.012811349704861641,0.015312537550926208,0.01727810502052307,0.010609390214085579,0.011910375207662582,0.4962729513645172,0.648206889629364,0.014170275069773197,0.008076281286776066,0.006481857039034367,8.363599590666126e-06,0.0019125594990327954,0.0032571088522672653,0.00046544906217604876,0.012706849724054337,0.023751143366098404,0.01589936949312687,0.018415652215480804,0.017766712233424187,0.005750699434429407,0.002832641825079918,1.597207119630184e-05,3.0585367767343996e-06,1.0,1608.0
5.917971520830179e-06,0.005404861643910408,0.0004111705638933927,0.41519731283187866,0.19656753540039062,0.5575935244560242,0.00018973913392983377,5.346062607713975e-06,1.560780219733715e-06,0.035732388496398926,0.015405447222292423,0.022876868024468422,0.025244705379009247,0.0077648223377764225,0.23105017840862274,0.22311748564243317,0.02142484299838543,0.34040990471839905,0.3304640054702759,0.3072676360607147,0.07625024765729904,0.020689938217401505,0.038141801953315735,0.00021243031369522214,0.0009972184197977185,0.15222296118736267,0.0035167012829333544,0.0019566742703318596,0.007720787078142166,0.0001906838733702898,0.03120221197605133,0.03757419064640999,0.015766318887472153,0.003658297471702099,0.06281906366348267,0.14540567994117737,0.011240479536354542,0.0017192878294736147,0.3358706533908844,0.0001290562067879364,0.1046445220708847,0.020303092896938324,0.037509944289922714,0.17741523683071136,1.3194203347666189e-05,3.4659931316127768e-06,0.0014916557120159268,0.0007351923268288374,0.004463766235858202,0.002930030459538102,7.760902917652857e-06,3.2651419132889714e-06,1.0,1609.0
3.5084278238173283e-07,0.004630928859114647,0.0019509939011186361,0.19930922985076904,0.23039647936820984,0.3828403055667877,0.00013715386739932,7.309141665245988e-07,4.957480541634141e-07,0.17703481018543243,0.17171017825603485,0.5387012958526611,0.5582365989685059,0.03075171820819378,0.1454203575849533,0.15041203796863556,0.021138695999979973,0.012208759784698486,0.007083507254719734,0.21732133626937866,0.24752669036388397,0.0055519514717161655,0.004755326546728611,0.00025781584554351866,0.01224665530025959,0.7297319769859314,0.004650397226214409,0.0006531523540616035,0.24400387704372406,0.15984949469566345,6.856925665488234e-06,8.048162271734327e-06,0.18689179420471191,0.0026317681185901165,0.0860891342163086,0.11594262719154358,0.004382667131721973,0.0029931548051536083,0.28076332807540894,0.001335622277110815,0.0015695653855800629,0.004060151055455208,0.0014112675562500954,0.05844408646225929,0.000579865591134876,0.00040932896081358194,8.44276073621586e-05,8.253147825598717e-05,0.027062688022851944,0.01994447223842144,6.504135853901971e-06,1.0010093092205352e-06,1.0,1610.0
3.609283396599494e-07,0.00043309442116878927,0.00023028442228678614,0.7895606756210327,0.5765671730041504,0.6186128854751587,3.520065365592018e-05,1.4037108257980435e-06,4.614829322235892e-06,0.001971518388018012,0.000971360073890537,0.41973480582237244,0.4524514079093933,0.008812610991299152,0.9446079134941101,0.7572444677352905,0.00010428987297927961,0.02441793866455555,0.010323583148419857,0.0070046670734882355,0.009675418958067894,0.3169995844364166,0.4615825116634369,0.00016494163719471544,0.005939016584306955,0.3123058080673218,0.06533420085906982,0.0005223517655394971,0.001490085618570447,0.010984801687300205,0.0003481653402559459,0.0003752364427782595,0.05332714319229126,7.123692193999887e-05,0.3254694938659668,0.3793174922466278,0.0009200400672852993,0.002127191750332713,0.841027021408081,0.08768332004547119,0.03664898872375488,0.044822242110967636,0.005841713864356279,0.02620508149266243,4.792072445525264e-07,6.243302550501539e-07,1.2918245374748949e-05,0.0004881788045167923,0.0010838586604222655,0.0008768547559157014,5.6452474382240325e-05,6.223815489647677e-07,1.0,1611.0
1.2889041727248696e-06,0.0003592614666558802,0.00021049754286650568,0.2761290371417999,0.8015005588531494,0.7361314296722412,3.959605237469077e-05,1.1868700084960437e-06,2.05530523089692e-06,0.002094738185405731,0.0009226846741512418,0.049193285405635834,0.05791870877146721,0.017663752660155296,0.28722965717315674,0.2670542895793915,0.004598784726113081,0.16435232758522034,0.1519010215997696,0.044448576867580414,0.007342750206589699,0.1863999217748642,0.2817232310771942,6.309193122433499e-05,0.0057029216550290585,0.23907782137393951,0.001300706760957837,0.005911130923777819,0.0022256115917116404,0.0008184688631445169,0.001014969777315855,0.0011719780741259456,0.03420419618487358,0.008400745689868927,0.012834647670388222,0.020845772698521614,0.0021944029722362757,0.0020892044994980097,0.744289755821228,0.0003121839836239815,0.0467136912047863,0.03249945491552353,0.01455790363252163,0.04182006046175957,2.7090165986010106e-06,1.23021061426698e-06,0.00012560395407490432,0.0003778141981456429,0.0006980869802646339,0.0004341722815297544,5.787563623016467e-06,6.411345907508803e-07,1.0,1612.0
2.1310731881385436e-06,0.0010798987932503223,0.00032947014551609755,0.4240705370903015,0.512499213218689,0.4377437233924866,7.831875700503588e-05,2.5551980797899887e-06,1.0503470093681244e-06,0.019610237330198288,0.004169873893260956,0.3755579888820648,0.3865722119808197,0.02178817428648472,0.13932910561561584,0.12806428968906403,0.02561369352042675,0.015397080220282078,0.016210123896598816,0.06899312883615494,0.02404825948178768,0.03093065321445465,0.08999475091695786,0.0001277115661650896,0.0013219034299254417,0.19592052698135376,0.0010204205755144358,0.0027636962477117777,0.0007473839214071631,0.0005038132076151669,0.027274027466773987,0.03868148848414421,0.004477690439671278,0.0001461160572944209,0.018184056505560875,0.021301405504345894,0.010863645002245903,0.008012460544705391,0.011542183347046375,0.0034017907455563545,0.017777306959033012,0.023175397887825966,0.013133581727743149,0.16762536764144897,0.00011332835128996521,0.00010512638255022466,0.002400415949523449,0.007885494269430637,0.023134751245379448,0.03220557048916817,5.627052814816125e-06,3.868165094900178e-06,1.0,1613.0
5.694863034477748e-07,0.18229949474334717,0.15654227137565613,0.000488538178615272,0.02765807881951332,0.037405598908662796,1.0373905752203427e-05,2.6789059859311237e-08,4.988120494431314e-08,0.40528514981269836,0.21619351208209991,0.06676197797060013,0.07477450370788574,0.005126177798956633,0.34936806559562683,0.3523308336734772,0.018646618351340294,0.16724231839179993,0.15180397033691406,0.699964165687561,0.5950028896331787,0.0024390555918216705,0.0011610847432166338,7.620741962455213e-05,0.01774808205664158,0.0027878405526280403,7.007573003647849e-06,0.00025588320568203926,0.00250610220246017,0.003279726253822446,0.0008130403002724051,0.0008730110712349415,0.0018206294625997543,0.3380371928215027,0.0009311146568506956,0.0006367210880853236,0.0019164972472935915,0.016535455361008644,0.15331123769283295,1.1419818974900409e-06,0.019363516941666603,0.010184727609157562,0.03843860328197479,0.0059805060736835,1.9210452592233196e-05,1.7862759705167264e-05,8.217047434300184e-05,0.0004978681681677699,3.239271973143332e-05,4.865158553002402e-05,4.822840651286242e-07,2.0181954596409923e-07,1.0,1614.0
1.0803555596794467e-06,0.00026455646730028093,0.0004430122789926827,0.6432265043258667,0.9527339339256287,0.8313759565353394,2.0220257283654064e-05,2.9542957236117218e-06,8.229085892708099e-07,0.0033680174965411425,0.00047139092930592597,0.1827414482831955,0.15192162990570068,0.016599496826529503,0.06020551547408104,0.19829007983207703,0.08624181151390076,0.03192866966128349,0.05373989790678024,0.007639773655682802,0.009932160377502441,0.13801653683185577,0.5301762819290161,3.5438752092886716e-05,1.788306690286845e-06,0.006279860157519579,0.02419980615377426,0.00014226949133444577,0.00041132952901534736,0.0007517690537497401,0.04583429917693138,0.05252455174922943,0.0004545574192889035,7.368789374595508e-05,0.004867431242018938,0.0031866871286183596,0.021376676857471466,0.013036271557211876,0.1464949995279312,0.06498140096664429,0.06749603897333145,0.009937531314790249,0.07218913733959198,0.06305580586194992,1.3004138963879086e-05,1.076093758456409e-05,0.002772088162600994,0.008835474960505962,0.0016055844025686383,0.0007399113965220749,1.5005660316091962e-05,1.382446612296917e-06,1.0,1615.0
3.820723009084759e-07,0.00011664050543913618,0.00019619145314209163,0.6325727701187134,0.5564882755279541,0.5040708780288696,0.00021205896337050945,5.576124522121972e-07,1.5559174926238484e-06,0.291820228099823,0.16779495775699615,0.5496537685394287,0.5308367013931274,0.26508328318595886,0.016221381723880768,0.020051421597599983,0.2529182732105255,0.013011563569307327,0.01052934117615223,0.2828400433063507,0.2114175260066986,0.00352410483174026,0.005853697657585144,0.0005295440787449479,0.011857299134135246,0.3023121953010559,0.000974081049207598,0.005520977545529604,0.013131171464920044,0.004660784266889095,0.0008018100634217262,0.0008493459317833185,0.0007350592059083283,0.002669794484972954,0.09075672924518585,0.1530178189277649,0.07292747497558594,0.036159392446279526,0.002444349229335785,0.0001128947624238208,0.05075731873512268,0.09461192786693573,0.0018203773070126772,0.0013841571053490043,0.00028025556821376085,0.00015144963981583714,0.0012454446405172348,0.001632592175155878,0.00025588125572539866,0.00012197578325867653,2.3167372091847938e-06,1.376622321913601e-06,1.0,1616.0
3.7033698845334584e-06,0.3117832839488983,0.34304338693618774,1.5589515896863304e-05,0.011538288556039333,0.013373205438256264,0.0018408318283036351,1.6297228739858838e-06,1.230229372595204e-06,0.5447596311569214,0.6086175441741943,0.3507399260997772,0.33812281489372253,0.01409890316426754,0.24536965787410736,0.22100476920604706,0.01992863602936268,0.0399259589612484,0.04031521826982498,0.7292746901512146,0.6530523300170898,0.0009397602989338338,0.00043986993841826916,0.003756911028176546,0.008669712580740452,0.20086677372455597,0.0012888828059658408,0.0014996742829680443,0.007236047647893429,0.017796393483877182,0.013818114064633846,0.015825245529413223,0.01786963827908039,8.58326893649064e-05,0.482556015253067,0.5857491493225098,0.011410150676965714,0.024544991552829742,0.007739294786006212,0.00042444776045158505,0.0064659519121050835,0.004945413675159216,0.0011356781469658017,0.044981710612773895,0.21550053358078003,0.2911437749862671,0.034296490252017975,0.2292851209640503,0.031982310116291046,0.051360804587602615,2.4691776161489543e-06,7.490728876291541e-06,1.0,1617.0
5.32149158516404e-07,5.619477451546118e-05,6.534482236020267e-05,0.7971571087837219,0.9148337841033936,0.7461789846420288,1.6215282812481746e-05,8.454841804450552e-07,2.1013397599745076e-06,0.003592805238440633,0.001401054672896862,0.2441219538450241,0.26809391379356384,0.11360429227352142,0.6629624366760254,0.05218201130628586,0.0015185197116807103,0.03392159566283226,0.024650536477565765,0.005971207283437252,0.006623901892453432,0.20119526982307434,0.4421921670436859,5.657470319420099e-05,0.0013981627998873591,0.1438991129398346,0.0068977889604866505,0.0016680044354870915,0.0029674344696104527,0.002291827229782939,5.976931788609363e-05,8.410095324506983e-05,0.07982266694307327,0.0009885154431685805,0.011325542815029621,0.022974930703639984,0.0012877545086666942,0.0013509587151929736,0.9401400685310364,0.016826270148158073,0.050288569182157516,0.06466064602136612,0.013213584199547768,0.07127473503351212,9.428981115888746e-07,6.056083634575771e-07,1.5590527254971676e-05,0.00018606995581649244,0.002252111677080393,0.0024757948704063892,1.2683957720582839e-05,1.7602766888558108e-07,1.0,1618.0
7.083385185069346e-07,0.00038791337283328176,0.00016939397028181702,0.8528535962104797,0.3298317790031433,0.3128557801246643,6.699276127619669e-05,1.7547264405948226e-06,1.8040643681160873e-06,0.006381710525602102,0.002252075355499983,0.10201182961463928,0.10500650852918625,0.058513712137937546,0.11685559898614883,0.08673170953989029,0.0374000146985054,0.11579649895429611,0.10955652594566345,0.03153569623827934,0.015743402764201164,0.12281449139118195,0.2849021553993225,0.0002134149253834039,0.002591955941170454,0.7274941205978394,0.02613251842558384,0.001989485463127494,0.016669705510139465,0.007209057919681072,0.0033869233448058367,0.01161267701536417,0.02802843227982521,0.001238395692780614,0.06807063519954681,0.08212366700172424,0.0005184502224437892,0.0033223279751837254,0.368910551071167,0.0003709555312525481,0.007835814729332924,0.011574111878871918,0.003571992041543126,0.015415654517710209,1.3259797015052754e-05,3.023898898391053e-05,3.809747431660071e-05,0.012974878773093224,0.0004444947699084878,0.0004615807847585529,7.568460205220617e-06,1.6076500060080434e-06,1.0,1619.0
1.969391178135993e-06,6.404333544196561e-05,6.56827469356358e-05,0.9272785186767578,0.9149066805839539,0.7231279015541077,3.5421890061115846e-05,1.3852986739948392e-06,1.0777571333164815e-06,0.016593674197793007,0.009556478820741177,0.01712659001350403,0.022339634597301483,0.0022669390309602022,0.5231651067733765,0.5372529029846191,0.0044512394815683365,0.42362067103385925,0.37496238946914673,0.2824059724807739,0.036414794623851776,0.05490029230713844,0.0545007698237896,8.006364805623889e-05,0.0014899863163009286,0.06119762361049652,0.0002915709628723562,0.032748956233263016,0.0035267178900539875,0.000738410628400743,0.0014087518211454153,0.0017060593236237764,0.012662641704082489,0.00636366056278348,0.00063603330636397,0.0025787190534174442,0.006249018479138613,0.002415318973362446,0.8863030076026917,0.0006414809031412005,0.09018581360578537,0.016063552349805832,0.027605101466178894,0.007562539074569941,9.428393241250888e-06,3.5942866816185415e-06,0.00019660190446302295,0.0006868471973575652,1.5134719433262944e-05,7.0783326009404846e-06,1.6802167692731018e-06,3.528601268953935e-07,1.0,1620.0
4.5543791316049465e-07,0.0001401104818796739,2.9548413294833153e-05,0.756969690322876,0.7686315774917603,0.798133134841919,3.963771814596839e-05,7.314573622352327e-07,1.6589638107689098e-06,0.0071252561174333096,0.0010655939113348722,0.21199829876422882,0.21679437160491943,0.04207305982708931,0.22292473912239075,0.16973520815372467,0.010193374007940292,0.03818538784980774,0.03475120663642883,0.045533157885074615,0.00944411102682352,0.08444959670305252,0.3482200503349304,0.00014392459706868976,0.002498492132872343,0.589295506477356,0.009999008849263191,0.003828742541372776,0.02182810567319393,0.002973943715915084,0.00020072588813491166,0.0004818095185328275,0.054152145981788635,0.0380869023501873,0.012970294803380966,0.020667390897870064,0.0010477283503860235,0.0017010510200634599,0.37447601556777954,2.845466951839626e-05,0.004930175840854645,0.00720064016059041,0.0021919317077845335,0.012029098346829414,5.044333738624118e-05,4.1815808799583465e-05,7.624877616763115e-05,0.00212124758400023,0.0015870874049142003,0.0008744500810280442,3.7103870909049874e-06,4.734446008569648e-07,1.0,1621.0
1.0230405678157695e-06,0.001798617304302752,0.0021544890478253365,0.4738730788230896,0.4792017638683319,0.2618298828601837,3.947589357267134e-05,6.035275532667583e-07,2.0096786101930775e-06,0.005295612383633852,0.0065637389197945595,0.027473505586385727,0.0328289233148098,0.02652779594063759,0.2800498306751251,0.21122711896896362,0.008180397562682629,0.3386141061782837,0.23454025387763977,0.05775309354066849,0.042694468051195145,0.16670829057693481,0.1544598937034607,0.0001737741258693859,0.004717050585895777,0.5038512945175171,0.042076800018548965,0.0050347973592579365,0.3343431055545807,0.02585216797888279,2.1044463665020885e-06,8.289599463751074e-06,0.13634741306304932,0.004092162009328604,0.039023507386446,0.15663881599903107,0.0004078786005266011,0.0005902416305616498,0.9930751323699951,0.0038867227267473936,0.040180690586566925,0.10120970755815506,0.0019588228315114975,0.0029806019738316536,1.5098271433089394e-07,1.343129127917564e-07,1.1908320374232062e-07,0.00011729578545782715,3.7997331673977897e-05,1.8192167772212997e-05,1.4715444194735028e-05,4.305490506339993e-07,1.0,1622.0
6.053617767065589e-07,4.708196865976788e-05,4.61165291198995e-06,0.8890526294708252,0.9207420349121094,0.9475626349449158,8.54328100103885e-05,1.0957018048429745e-06,1.3566233292294783e-06,0.041297316551208496,0.024088222533464432,0.13563716411590576,0.16682273149490356,0.05575459077954292,0.23994308710098267,0.12820255756378174,0.012324653565883636,0.09137673676013947,0.05396265536546707,0.2615013122558594,0.0752420425415039,0.03012041747570038,0.05249638482928276,0.00015069539949763566,0.047781605273485184,0.7501793503761292,0.0012548886006698012,0.007307675201445818,0.02127467468380928,0.010736124590039253,0.0017679560696706176,0.005079331342130899,0.015179116278886795,0.010913290083408356,0.01916135847568512,0.03652380779385567,0.0009358061943203211,0.006426427513360977,0.5031106472015381,7.412138802465051e-05,0.025739025324583054,0.017106493934988976,0.008792541921138763,0.004252052400261164,5.128953034727601e-06,7.1502081482321955e-06,1.805293868528679e-05,0.005029092077165842,6.126151856733486e-05,3.8027206755941734e-05,6.122766535554547e-06,1.0667613423720468e-06,1.0,1623.0
2.2114852527010953e-06,0.0021042197477072477,0.004910473246127367,0.23238582909107208,0.47366786003112793,0.2773212194442749,6.402110739145428e-05,1.7833336869443883e-06,2.9552847990999e-06,0.03745218738913536,0.03647584840655327,0.1471107006072998,0.1713516265153885,0.12996625900268555,0.004787901882082224,0.07109030336141586,0.5571507215499878,0.0413973294198513,0.03391849622130394,0.11804252117872238,0.08180783689022064,0.019777879118919373,0.0212677251547575,0.0002773867454379797,0.00018313401960767806,0.007372288499027491,0.0016947539988905191,0.00014499464305117726,0.050614017993211746,0.0022870784159749746,0.0018886721227318048,0.0031934615690261126,0.002617077436298132,0.004569009877741337,0.008774789050221443,0.02857709489762783,0.09961310774087906,0.011425442062318325,0.012298990972340107,0.00013938410847913474,0.02123657986521721,0.0032185425516217947,0.016008343547582626,0.11074762046337128,0.001334545318968594,0.0006835003732703626,0.0008482677512802184,0.01165015622973442,0.010652963072061539,0.005455998238176107,1.1344163795001805e-05,4.386890395835508e-06,1.0,1624.0
4.147343446447849e-08,4.413722308527213e-06,2.28562498705287e-06,0.9506261348724365,0.9756543040275574,0.8431409001350403,2.494067302905023e-05,7.059269080400554e-08,7.269225932304835e-08,0.021163154393434525,0.021844523027539253,0.12477539479732513,0.28035157918930054,0.16656796634197235,0.21627458930015564,0.05639684200286865,0.03368568792939186,0.13138824701309204,0.026748448610305786,0.3465251624584198,0.02874106727540493,0.10054358094930649,0.016904370859265327,0.0001535016344860196,0.0809590220451355,0.004899894818663597,5.7517713685228955e-06,0.00022315514797810465,0.00030033590155653656,0.014312219806015491,0.004292079713195562,0.001552575035020709,0.0032074383925646544,0.0035261265002191067,0.0098899370059371,0.0027977966237813234,0.0031314983498305082,0.08060450106859207,0.16016270220279694,0.00012373451318126172,0.025296995416283607,0.013104239478707314,0.021017979830503464,0.004503934644162655,1.2183145372546278e-05,1.3438620953820646e-05,0.005649672355502844,0.00019947675173170865,7.927694969112054e-05,0.00027548649813979864,1.6505855455761775e-06,3.8808867230955e-08,1.0,1625.0
5.632279567180376e-07,0.000489380385261029,0.00020516489166766405,0.552933931350708,0.699983537197113,0.5254980325698853,4.952550079906359e-05,6.534999101859285e-07,9.939983556250809e-07,0.004542597569525242,0.0025626574642956257,0.47236716747283936,0.48244646191596985,0.04405701532959938,0.11753588169813156,0.09347986429929733,0.022775404155254364,0.010556400753557682,0.009747005999088287,0.014276557601988316,0.010431448929011822,0.12268394231796265,0.25107231736183167,8.937772508943453e-05,0.0010688630864024162,0.008400166407227516,0.00016062284703366458,0.00011789379641413689,0.001886430662125349,0.01317125465720892,0.009139289148151875,0.008012684062123299,0.000322523876093328,7.108112185960636e-05,0.009484964422881603,0.008080610074102879,0.08756422251462936,0.11366582661867142,0.0025424896739423275,0.019576363265514374,0.047964610159397125,0.037967849522829056,0.038178957998752594,0.05119066685438156,0.0003636124893091619,0.0002914111828431487,0.002873335499316454,0.0014234744012355804,0.0011412013554945588,0.0019279656698927283,9.412913641426712e-06,1.3030554555371054e-06,1.0,1626.0
5.633026489704207e-07,0.12775279581546783,0.10979034751653671,0.036687444895505905,0.03701547160744667,0.016809768974781036,5.73611723666545e-05,2.1269239880439272e-07,7.320917347897193e-07,0.025087721645832062,0.027406584471464157,0.037852488458156586,0.04167166352272034,0.02312718704342842,0.22061556577682495,0.21799977123737335,0.013089028187096119,0.20782916247844696,0.1745607703924179,0.10188713669776917,0.04565656557679176,0.03431699052453041,0.02520189993083477,0.00012575987784657627,0.09106184542179108,0.6318718194961548,0.004110969603061676,0.002643284387886524,0.017913393676280975,0.039309628307819366,5.1668615924427286e-05,5.692402919521555e-05,0.014691611751914024,0.011753431521356106,0.05286213010549545,0.06133415177464485,0.0008895915816538036,0.0032895018812268972,0.7258452773094177,0.0002191394887631759,0.03933842480182648,0.07028594613075256,0.004474280402064323,0.004435893148183823,1.0927329867627122e-06,8.09685559488571e-07,1.259155305888271e-05,3.8608861359534785e-05,2.5178840587614104e-05,2.3659868020331487e-05,5.2096074796281755e-06,6.010077981954964e-07,1.0,1627.0
1.4624039295085822e-06,0.0019340218277648091,0.0007758378051221371,0.6390233039855957,0.4830024838447571,0.4564734995365143,4.0066599467536435e-05,8.78288744843303e-07,1.1835536497528665e-06,0.001586875063367188,0.002024834044277668,0.040670245885849,0.060072071850299835,0.0699138343334198,0.056251052767038345,0.05691241845488548,0.09281983226537704,0.2259366363286972,0.13335582613945007,0.02886698953807354,0.007767089176923037,0.32558777928352356,0.1797996610403061,3.507094515953213e-05,0.018752271309494972,0.292590856552124,0.0025793854147195816,0.008550969883799553,0.0007168552256189287,0.004731439985334873,0.000375242525478825,0.0005311890272423625,0.02847159095108509,0.003384116105735302,0.018196335062384605,0.016575559973716736,0.00020942112314514816,0.0033173582050949335,0.9856100082397461,0.001570645603351295,0.556300163269043,0.41203296184539795,0.05436861515045166,0.01071208156645298,1.0593778299039514e-08,1.3263620424197597e-08,2.3475558919017203e-06,6.82365134707652e-05,1.909166712721344e-05,2.2596052076551132e-05,2.421304316158057e-06,3.6699026395581313e-07,1.0,1628.0
6.854042453596776e-07,0.005203846376389265,0.0069162193685770035,0.06187437102198601,0.2695823609828949,0.1600712239742279,7.924264355096966e-05,7.054733259792556e-07,1.2333330232650042e-06,0.019850775599479675,0.005851553287357092,0.07055964320898056,0.06486611068248749,0.022471318021416664,0.25079643726348877,0.25875064730644226,0.007412905804812908,0.1369737982749939,0.13989165425300598,0.0946815237402916,0.03910250961780548,0.043500225991010666,0.08538048714399338,0.00018830253975465894,0.005759897641837597,0.7559604048728943,0.00511718075722456,0.0019438954768702388,0.0383368618786335,0.019984733313322067,0.00039427762385457754,0.0008430313901044428,0.06171032413840294,0.0031726707238703966,0.03670978918671608,0.07013794034719467,0.0018425356829538941,0.004877891391515732,0.2959232032299042,0.00020357928588055074,0.004183718003332615,0.003338143927976489,0.0017438916256651282,0.024591518566012383,0.00013805607159156352,0.00021843398280907422,8.514629007549956e-05,0.00328914076089859,0.0010641968110576272,0.0012533105909824371,5.3520207075052895e-06,1.4573514590665582e-06,1.0,1629.0
2.9720224574703025e-06,0.005063632037490606,0.004613881930708885,0.014475560747087002,0.43236178159713745,0.36560481786727905,0.0014875720953568816,7.107146757334704e-06,1.0367101594965789e-06,0.10540007799863815,0.1290547102689743,0.10278526693582535,0.14567618072032928,0.07925036549568176,0.14586560428142548,0.06775704771280289,0.027812853455543518,0.11655876040458679,0.08423565328121185,0.44277387857437134,0.31599563360214233,0.012419075705111027,0.006909024901688099,0.0010708968620747328,0.005972976330667734,0.5184943675994873,0.0016163797117769718,0.0032344255596399307,0.005277678370475769,0.009208755567669868,0.016973434016108513,0.013136968947947025,0.05197474732995033,0.0004942728555761278,0.2350950837135315,0.21847888827323914,0.0064836288802325726,0.009352532215416431,0.017227211967110634,0.00033117603743448853,0.0005834925104863942,0.0024464118760079145,0.001742079621180892,0.04382837936282158,0.8685001730918884,0.8751775026321411,0.08784423023462296,0.04188729077577591,0.18130679428577423,0.19952383637428284,6.591438705072505e-06,1.2757265722029842e-05,1.0,1630.0
4.944835154674365e-07,0.0007523057865910232,0.00024294547620229423,0.5569714307785034,0.6373822093009949,0.4813408851623535,8.495617657899857e-05,5.876892714695714e-07,4.958056933901389e-07,0.012204413302242756,0.0052452716045081615,0.04850997403264046,0.065623439848423,0.015700245276093483,0.2314300239086151,0.2318798452615738,0.018217047676444054,0.19680482149124146,0.1490384340286255,0.10187529027462006,0.012480869889259338,0.07460502535104752,0.10020782798528671,0.0001135444690589793,0.011990330182015896,0.792313277721405,0.003783014602959156,0.0022814979311078787,0.014390875585377216,0.08608241379261017,0.00019688594329636544,0.00026477270876057446,0.049461670219898224,0.0003909952356480062,0.03029581531882286,0.028207318857312202,0.0009380989940837026,0.005543559789657593,0.4192790985107422,0.006862763315439224,0.0036791679449379444,0.005087810568511486,0.004236432258039713,0.026293359696865082,4.347547292127274e-05,8.608894131612033e-05,3.545907020452432e-05,0.0007002875208854675,0.0005509593756869435,0.0009947569342330098,7.001313861110248e-06,7.628973435203079e-07,1.0,1631.0
1.003304078039946e-06,0.01067300420254469,0.0056281969882547855,0.03763158246874809,0.28032270073890686,0.4248018264770508,6.279176159296185e-05,2.07285984288319e-06,1.5814115386092453e-06,0.07576007395982742,0.009932750836014748,0.08190169185400009,0.04790118709206581,0.11803999543190002,0.0362652987241745,0.035713475197553635,0.1396263688802719,0.09686683863401413,0.13655328750610352,0.09188906103372574,0.16514679789543152,0.008184274658560753,0.059199508279561996,0.0003044843615498394,0.0011139626149088144,0.04581088572740555,0.0018752473406493664,0.0002629290393088013,0.006423027254641056,0.0002998323761858046,0.015055048279464245,0.015734169632196426,0.005491521209478378,0.004494085442274809,0.06257708370685577,0.14761966466903687,0.023007653653621674,0.0012518258299678564,0.09870485961437225,5.1998704293509945e-05,0.03328974172472954,0.0034708057064563036,0.0038234770763665438,0.05841666832566261,8.464275015285239e-05,1.542231984785758e-05,0.0059838914312422276,0.0017646730411797762,0.0025109036359936,0.0005969588528387249,7.842678314773366e-06,2.614667664602166e-06,1.0,1632.0
4.1383356119695236e-07,0.004527887795120478,0.006157901603728533,0.3772258162498474,0.2195260375738144,0.11224904656410217,1.966897070815321e-05,2.631633151395363e-07,1.6901744857023004e-06,0.002372091170400381,0.0010007984237745404,0.42285865545272827,0.403594434261322,0.0861111581325531,0.04846706613898277,0.04325201362371445,0.09987495839595795,0.01783239282667637,0.011776001192629337,0.01653490588068962,0.0040491498075425625,0.22429685294628143,0.29404324293136597,4.8041718400781974e-05,0.08477246016263962,0.6403634548187256,0.0021044211462140083,0.007035267073661089,0.01117679849267006,0.041845861822366714,9.04599619389046e-06,1.2708669601124711e-05,0.07475601881742477,0.0060608419589698315,0.004028486553579569,0.004939925856888294,0.0006240330403670669,0.003482803236693144,0.9012526869773865,0.0018673083977773786,0.02886812761425972,0.06294938176870346,0.007235606200993061,0.007221336476504803,1.042349026647571e-06,1.2504813184932573e-06,3.057204139622627e-06,3.7995268939994276e-05,2.1769337763544172e-05,3.379505142220296e-05,1.911135086629656e-06,3.61808162097077e-07,1.0,1633.0
2.206503040724783e-06,0.0009151192498393357,0.0005221429164521396,0.842019259929657,0.34461402893066406,0.4976995587348938,8.184382750187069e-05,9.497869086771971e-07,1.8875585965361097e-06,0.0024094434920698404,0.002889878349378705,0.01879216730594635,0.03414541855454445,0.02139565721154213,0.1520116776227951,0.14931291341781616,0.03000900335609913,0.3636234998703003,0.2518905699253082,0.08115541189908981,0.009736739099025726,0.24383506178855896,0.14579631388187408,3.6870773328701034e-05,0.008040961809456348,0.6180571913719177,0.010340564884245396,0.007895187474787235,0.001967850374057889,0.001308492966927588,0.013761340640485287,0.023013178259134293,0.002502191811800003,0.003400420304387808,0.009090760722756386,0.008958907797932625,0.001234787399880588,0.001814148505218327,0.5866817831993103,0.0003097883891314268,0.0905226394534111,0.06844042986631393,0.04322073608636856,0.003215175587683916,4.1125304051092826e-07,1.987192348451572e-07,7.367953367065638e-05,0.0005410105222836137,2.3447533749276772e-05,1.159330531663727e-05,7.763375833746977e-06,9.58155851549236e-07,1.0,1634.0
6.871884465908806e-07,0.03769398480653763,0.07237507402896881,0.06276348233222961,0.11414716392755508,0.03397325426340103,4.195041037746705e-05,4.871172905041021e-07,2.496334730039962e-07,0.582155704498291,0.761754035949707,0.7055983543395996,0.6972887516021729,0.0061691878363490105,0.37809833884239197,0.3438578248023987,0.015308057889342308,0.005940345581620932,0.0035779711324721575,0.46873682737350464,0.5562436580657959,0.0005584918544627726,9.955452696885914e-05,6.277876673266292e-05,0.006362108048051596,0.22563481330871582,0.0016440689796581864,0.007429927121847868,0.0004776295681949705,0.005109602119773626,0.0008135123061947525,0.0004372166295070201,0.004027357790619135,0.00018513713439460844,0.007366937585175037,0.00815335102379322,0.004543742164969444,0.004006731323897839,0.2861820161342621,0.008812187239527702,0.049512170255184174,0.01569543406367302,0.0068940892815589905,0.014465231448411942,1.0340569133404642e-05,7.941104740893934e-06,0.00047860326594673097,0.00026173252263106406,6.461770681198686e-05,0.00010583993571344763,1.7265521137233009e-06,6.962044380998123e-07,1.0,1635.0
1.9486708424665267e-06,0.012196994386613369,0.050434213131666183,0.002281502354890108,0.35097193717956543,0.06263173371553421,0.0015428124461323023,3.620201141529833e-06,2.252972763017169e-06,0.4661986231803894,0.4051952064037323,0.13703198730945587,0.1472102850675583,0.19783048331737518,0.022622257471084595,0.04080314561724663,0.24018406867980957,0.1437700092792511,0.13931742310523987,0.6766062378883362,0.6443895101547241,0.0036555714905261993,0.0006819888949394226,0.011961415410041809,0.039388127624988556,0.11475822329521179,0.00017503832350485027,0.0003871041117236018,0.0007208071765489876,0.023247288540005684,0.2737531065940857,0.22173583507537842,0.005312646273523569,8.059775609581266e-06,0.8011997938156128,0.7850548028945923,0.004041509702801704,0.02328796312212944,0.002498752437531948,0.002929521957412362,0.003312285291031003,0.010768723674118519,0.0012338979868218303,0.007787440903484821,0.017745014280080795,0.0728861466050148,0.30749502778053284,0.9679816961288452,0.08693021535873413,0.2474839687347412,1.3978947208670434e-05,1.0492414730833843e-05,1.0,1636.0
2.8888478027511155e-06,0.021301021799445152,0.0890539288520813,0.030673645436763763,0.13335998356342316,0.027619676664471626,0.0013431969564408064,4.239801455696579e-06,9.56364715420932e-07,0.04964376986026764,0.07250946760177612,0.042356062680482864,0.05717511475086212,0.20026810467243195,0.017817892134189606,0.024909885600209236,0.21933645009994507,0.2446897327899933,0.18624497950077057,0.4977210760116577,0.1920742243528366,0.026495805010199547,0.007790633011609316,0.0027485655155032873,0.00227513094432652,0.2169664204120636,0.0010877293534576893,0.0016024098731577396,0.0007269717170856893,0.0061027370393276215,0.021355897188186646,0.014363814145326614,0.01809980347752571,2.4977754947030917e-05,0.4395027160644531,0.5061548352241516,0.0039778887294232845,0.008843515999615192,0.0067163752391934395,0.003717058338224888,0.0026829601265490055,0.007130085490643978,0.001036008121445775,0.016224190592765808,0.6683754324913025,0.8200034499168396,0.05148707702755928,0.11765303462743759,0.1607644408941269,0.3023788332939148,2.6024927137768827e-06,1.1275565157120582e-05,1.0,1637.0
1.6497027672812692e-06,0.0008466640720143914,0.0008922757697291672,0.7878066301345825,0.5091391205787659,0.2176823765039444,8.890104254533071e-06,8.960402055890881e-07,2.0237282569723902e-06,0.00373454368673265,0.0023525075521320105,0.16360323131084442,0.15050750970840454,0.011894145980477333,0.1962292492389679,0.19330430030822754,0.018476661294698715,0.04807646945118904,0.051914434880018234,0.03436821699142456,0.017562411725521088,0.14257219433784485,0.18279635906219482,2.442104414512869e-05,0.005799120292067528,0.02238141931593418,0.00020602780568879098,0.0005998173146508634,0.0051925210282206535,0.0013327155029401183,0.00018473084492143244,0.0004407450614962727,0.011742454022169113,0.002051220741122961,0.0016724952729418874,0.002759927185252309,0.0023223215248435736,0.0018965598428621888,0.9067232608795166,0.0052909548394382,0.20663712918758392,0.05253618583083153,0.1166204959154129,0.11352992057800293,3.193905229181837e-07,2.1626712509714707e-07,9.248828064301051e-06,0.0003626734542194754,0.00028251117328181863,0.0003045421908609569,5.986674750602106e-06,4.577924528348376e-07,1.0,1638.0
6.414894414774608e-06,0.7126902937889099,0.7959345579147339,0.0002865673159249127,0.000321053754305467,0.00015347091539297253,2.6359148250776343e-05,1.948227037473771e-07,5.245088914307416e-07,0.37650883197784424,0.35806554555892944,0.13520818948745728,0.12827421724796295,0.014460637234151363,0.21909436583518982,0.2208849936723709,0.019088702276349068,0.08797207474708557,0.10850664973258972,0.7470093965530396,0.6991090774536133,0.0013018754543736577,0.0005957096000202,9.652305016061291e-05,0.0006859488203190267,0.01298594381660223,0.00012944171612616628,0.00265667331404984,0.0562489852309227,0.0008302301284857094,0.0069944425486028194,0.02039116621017456,0.00032547683804295957,0.056611333042383194,0.0005507257883436978,0.0010216545779258013,0.024535922333598137,0.01698335073888302,0.017086654901504517,4.860805347561836e-06,0.116740882396698,0.01538698561489582,0.06452050060033798,0.01629585772752762,0.0003630405990406871,0.00029219346470199525,0.0004280343418940902,0.025555871427059174,0.00010127478162758052,5.5979384342208505e-05,4.874913770436251e-07,8.978519190350198e-07,1.0,1639.0
2.0915431377943605e-06,0.001998637104406953,0.15726840496063232,0.00611882796511054,0.4734989106655121,0.015021505765616894,3.434298196225427e-05,1.52333700498275e-06,7.316310757232714e-07,0.034162916243076324,0.08251023292541504,0.09427233040332794,0.0934525802731514,0.06003795191645622,0.07121307402849197,0.06275028735399246,0.059025902301073074,0.09745670109987259,0.11036130040884018,0.12267180532217026,0.38819947838783264,0.019101746380329132,0.006190906278789043,0.0004898520419374108,0.00017835565085988492,0.06105596572160721,0.0019622459076344967,0.0019036398734897375,0.0051573459059000015,8.863489347277209e-05,0.0013848248636350036,0.004864145535975695,0.07143387198448181,0.0014309380203485489,0.0030394389759749174,0.00703049823641777,0.0033996240235865116,0.0009506851201876998,0.14115045964717865,0.00020320829935371876,0.0008885602583177388,0.0013052213471382856,0.0010678601684048772,0.053454525768756866,0.0037655336782336235,0.004338484723120928,0.0046176547184586525,0.4567805528640747,0.01286669448018074,0.007901323027908802,4.641643499780912e-06,1.7889890386868501e-06,1.0,1640.0
3.5400544220465235e-06,0.9041135311126709,0.8361740112304688,3.307168299215846e-05,0.00011576811812119558,0.0005602691671811044,3.1289426260627806e-05,2.6816800868800783e-07,5.5901494988575e-07,0.7946401834487915,0.4733193814754486,0.5940545797348022,0.4706014096736908,0.12191924452781677,0.04834708943963051,0.045488085597753525,0.14296111464500427,0.008464510552585125,0.035501714795827866,0.4226352572441101,0.6423963308334351,0.0002522422873880714,0.000478318048408255,0.00033948232885450125,0.0018613887950778008,0.0021036460530012846,7.4299277912359685e-06,0.0007100624497979879,0.006075042765587568,0.0041730054654181,0.01347394660115242,0.015051223337650299,0.000354831077856943,0.15738801658153534,0.00044364179484546185,0.0005125876050442457,0.023125318810343742,0.07331815361976624,0.002376732649281621,1.6984474768833024e-06,0.013839762657880783,0.0011945815058425069,0.04182624816894531,0.03031289391219616,0.11223861575126648,0.13425381481647491,0.030849754810333252,0.13280339539051056,0.0012483872706070542,0.0019832898396998644,3.693796770676272e-07,6.12477776940068e-07,1.0,1641.0
4.575716957333498e-06,0.8498895168304443,0.8743733763694763,5.221545507083647e-05,0.0002863313420675695,0.000277124549029395,0.002130043925717473,9.281080792788998e-07,9.506124456493126e-07,0.36354079842567444,0.41964632272720337,0.08748172223567963,0.10663939267396927,0.019865933805704117,0.18318906426429749,0.18834112584590912,0.03989620879292488,0.16708417236804962,0.15325748920440674,0.6703022122383118,0.5809324383735657,0.0021022220607846975,0.0009815412340685725,0.0022039515897631645,0.047554414719343185,0.5014486312866211,0.0007277930853888392,0.003684879280626774,0.018887771293520927,0.06380798667669296,0.0006376351229846478,0.0004888885305263102,0.016584331169724464,0.000512534286826849,0.43429118394851685,0.44477224349975586,0.0183477271348238,0.050456609576940536,0.00676524406298995,0.0003914319386240095,0.0021187500096857548,0.01608826220035553,0.00105763110332191,0.013581299223005772,0.7988438606262207,0.8693321347236633,0.008558297529816628,0.014704981818795204,0.03136305510997772,0.05515836551785469,1.3203657545091119e-06,6.865274826850509e-06,1.0,1642.0
1.6442807009298122e-06,0.6519283652305603,0.5887511968612671,0.0001420696935383603,0.001815804629586637,0.00445728050544858,1.7506428775959648e-05,8.919210614521944e-08,1.7436622101740795e-07,0.36664652824401855,0.3665882647037506,0.1854807436466217,0.24983523786067963,0.011496314778923988,0.08766021579504013,0.2596696615219116,0.06468235701322556,0.04857419431209564,0.03438469395041466,0.7277653217315674,0.4907199442386627,0.0013649195898324251,0.00044784703641198575,3.5796685551758856e-05,0.0021975089330226183,0.01471435371786356,8.098348189378157e-05,0.003048123326152563,0.010896548628807068,0.006044685374945402,8.540820999769494e-05,0.00010901815403485671,0.0006612382712773979,0.0008803545497357845,0.00022601721866521984,0.00045310816494747996,0.04097966477274895,0.01753024011850357,0.06902624666690826,0.003036129055544734,0.0579681396484375,0.025271354243159294,0.042213693261146545,0.0075295004062354565,6.66786145302467e-05,4.404942592373118e-05,9.537516598356888e-05,0.0004339089500717819,1.903194970509503e-05,2.8557618861668743e-05,3.4986211971954617e-07,3.625172269039467e-07,1.0,1643.0
1.0246046713291435e-06,0.05504925921559334,0.08129733055830002,0.000785410578828305,0.11508139967918396,0.10263336449861526,8.748940308578312e-05,3.883626789047412e-07,1.923495574374101e-06,0.07576761394739151,0.048540111631155014,0.020885197445750237,0.01563175767660141,0.0009911168599501252,0.7508491277694702,0.745215654373169,0.0019780518487095833,0.3301694095134735,0.347492516040802,0.3548690974712372,0.31693217158317566,0.008546086959540844,0.013257245533168316,0.0008027515141293406,0.00011925829312531278,0.0024941344745457172,0.0020301772747188807,1.4191053196555004e-05,0.019694138318300247,0.0001349306112388149,0.0064465077593922615,0.008794736117124557,0.002780930371955037,0.023501167073845863,0.06028894707560539,0.18741968274116516,0.03370923548936844,0.002700227312743664,0.027313683182001114,5.913464065088192e-06,0.0025233174674212933,0.0029980498366057873,0.003211177419871092,0.06674811244010925,0.0006384602747857571,0.00014417871716432273,0.008094503544270992,0.007546919398009777,0.02621247060596943,0.008419356308877468,3.6165100027574226e-05,1.5453706510015763e-06,1.0,1644.0
1.675138491918915e-06,0.37393975257873535,0.4583149254322052,0.00044561197864823043,0.0026795086450874805,0.0024923153687268496,0.0005084237200208008,1.1870744032194125e-07,4.084415934357821e-07,0.19802320003509521,0.41231057047843933,0.0488642156124115,0.06625986099243164,0.008562693372368813,0.3267914950847626,0.3526421785354614,0.007882965728640556,0.1988431215286255,0.20036238431930542,0.7486470937728882,0.5448311567306519,0.0028461087495088577,0.0004802281328011304,0.0008721546619199216,0.010670371353626251,0.3119620382785797,0.00011799321509897709,0.007624806836247444,0.003965063486248255,0.0032770668622106314,0.02511673793196678,0.021116508170962334,0.0005067653837613761,0.002658000448718667,0.06556861102581024,0.09666528552770615,0.020330611616373062,0.02568124420940876,0.00017235282575711608,4.861218258156441e-06,0.0059319608844816685,0.03883310779929161,0.000370320602087304,0.0017805836396291852,0.0111374007537961,0.00895538181066513,0.028071781620383263,0.023898404091596603,0.0021304707042872906,0.002243113238364458,7.204791927506449e-07,2.2282818008534377e-06,1.0,1645.0
5.323283289726533e-07,0.5753467082977295,0.159590944647789,0.0014495669165626168,0.00031238881638273597,0.017013363540172577,0.0009849838679656386,2.8487970666901674e-06,1.3842607131664408e-06,0.4542161226272583,0.5357445478439331,0.3384060561656952,0.31523048877716064,0.11381889134645462,0.10876952856779099,0.058690670877695084,0.05676722526550293,0.03710944578051567,0.04604540765285492,0.8373757600784302,0.5333579778671265,0.0008817006018944085,0.001025588484480977,0.0022939119953662157,0.06683222204446793,0.29730504751205444,0.0002764595265034586,0.00036651879781857133,0.004867369309067726,0.004699224140495062,0.12316211313009262,0.10314615815877914,0.01590321958065033,0.08077472448348999,0.500203549861908,0.446437269449234,0.0009567700908519328,0.0042595332488417625,0.015675470232963562,1.568300405097034e-07,0.0033711108844727278,0.0014923526905477047,0.0007670994382351637,0.04594210162758827,0.12248020619153976,0.09038249403238297,0.7079046964645386,0.2722990810871124,0.0362866185605526,0.0323822908103466,2.126389745171764e-06,2.948404699054663e-06,1.0,1646.0
